#!ascii label  , from subject studyTemplate vox2ras=TkReg
1966
129  -61.240  -34.568  5.255 0.0000000000
133  -47.559  -46.650  5.522 0.0000000000
289  -53.091  -45.395  12.161 0.0000000000
290  -50.244  -39.251  6.337 0.0000000000
556  -50.071  -55.414  8.904 0.0000000000
557  -57.636  -51.159  2.990 0.0000000000
558  -51.868  -42.777  -0.197 0.0000000000
559  -47.324  -34.635  0.246 0.0000000000
768  -54.148  -48.938  15.498 0.0000000000
769  -58.743  -47.539  13.667 0.0000000000
770  -57.941  -43.692  11.087 0.0000000000
1225  -45.224  -47.429  9.138 0.0000000000
1226  -44.143  -51.691  9.308 0.0000000000
1227  -48.771  -50.638  6.179 0.0000000000
1228  -54.107  -54.132  5.744 0.0000000000
1229  -52.552  -48.675  3.951 0.0000000000
1230  -55.859  -46.455  1.792 0.0000000000
1231  -49.774  -45.055  2.829 0.0000000000
1232  -55.389  -36.861  5.597 0.0000000000
1233  -48.772  -36.768  3.313 0.0000000000
1234  -53.941  -34.081  2.598 0.0000000000
1672  -48.877  -46.828  13.163 0.0000000000
1673  -48.047  -44.404  9.266 0.0000000000
1674  -47.011  -42.351  6.127 0.0000000000
1675  -51.836  -42.288  9.307 0.0000000000
1676  -56.805  -40.235  8.468 0.0000000000
1677  -62.316  -38.451  7.862 0.0000000000
2311  -58.340  -43.258  -0.846 0.0000000000
2312  -52.945  -40.487  -3.139 0.0000000000
2313  -46.610  -40.889  2.662 0.0000000000
2314  -47.004  -39.408  -0.940 0.0000000000
2315  -47.315  -36.891  -4.179 0.0000000000
2316  -45.208  -32.004  -2.354 0.0000000000
3145  -46.205  -47.125  7.195 0.0000000000
3146  -46.246  -49.224  7.296 0.0000000000
3147  -48.243  -48.634  5.949 0.0000000000
3148  -50.942  -49.793  5.162 0.0000000000
3149  -50.093  -47.881  4.679 0.0000000000
3150  -51.532  -46.986  3.492 0.0000000000
3151  -48.739  -45.969  4.205 0.0000000000
3152  -58.279  -35.735  5.412 0.0000000000
3153  -54.688  -35.371  4.024 0.0000000000
3154  -57.562  -34.221  3.797 0.0000000000
3155  -56.768  -32.873  2.361 0.0000000000
3156  -60.530  -33.125  3.656 0.0000000000
3745  -53.757  -47.167  13.803 0.0000000000
3746  -51.523  -47.656  14.589 0.0000000000
3747  -51.111  -46.265  12.513 0.0000000000
3748  -48.643  -45.646  11.058 0.0000000000
3749  -50.391  -44.719  10.772 0.0000000000
3750  -49.746  -43.304  9.468 0.0000000000
3751  -52.477  -43.820  10.677 0.0000000000
3752  -60.245  -42.911  10.643 0.0000000000
3753  -57.354  -42.081  9.707 0.0000000000
3754  -60.014  -41.091  9.344 0.0000000000
3755  -59.689  -39.295  8.054 0.0000000000
5118  -46.947  -53.616  8.711 0.0000000000
5125  -55.624  -52.783  4.253 0.0000000000
5131  -60.001  -49.412  2.107 0.0000000000
5132  -54.058  -44.343  0.759 0.0000000000
5133  -57.455  -44.746  0.563 0.0000000000
5134  -55.149  -43.128  -0.812 0.0000000000
5135  -55.720  -41.815  -1.984 0.0000000000
5136  -52.506  -41.840  -1.656 0.0000000000
5137  -48.193  -40.600  6.448 0.0000000000
5138  -46.658  -41.610  4.366 0.0000000000
5139  -47.416  -39.532  4.853 0.0000000000
5140  -48.170  -35.759  1.786 0.0000000000
5141  -46.562  -37.732  1.470 0.0000000000
5142  -46.301  -36.916  -0.239 0.0000000000
5143  -47.211  -38.236  -2.625 0.0000000000
5144  -45.884  -35.776  -1.984 0.0000000000
5145  -45.485  -34.572  -3.556 0.0000000000
5146  -46.210  -33.438  -1.015 0.0000000000
5992  -56.478  -48.530  14.696 0.0000000000
5993  -56.035  -46.225  13.325 0.0000000000
5994  -55.570  -44.439  11.841 0.0000000000
5995  -58.442  -45.520  12.549 0.0000000000
5996  -60.644  -44.831  11.812 0.0000000000
6813  -44.431  -47.633  11.318 0.0000000000
6814  -42.868  -49.305  11.154 0.0000000000
6815  -44.369  -49.403  8.996 0.0000000000
6816  -46.356  -51.338  7.455 0.0000000000
6817  -49.277  -53.270  6.993 0.0000000000
6818  -52.200  -54.930  7.255 0.0000000000
6819  -51.456  -52.253  5.674 0.0000000000
6820  -53.413  -51.159  4.610 0.0000000000
6821  -55.041  -49.993  3.408 0.0000000000
6822  -57.053  -48.705  2.357 0.0000000000
6823  -54.148  -47.818  2.790 0.0000000000
6824  -52.800  -45.766  2.234 0.0000000000
6825  -50.821  -43.863  1.387 0.0000000000
6826  -52.660  -38.080  5.967 0.0000000000
6827  -49.537  -37.957  4.792 0.0000000000
6828  -52.029  -36.622  4.407 0.0000000000
6829  -51.323  -35.411  2.921 0.0000000000
6830  -50.534  -34.209  1.486 0.0000000000
6831  -49.500  -32.881  0.164 0.0000000000
6832  -53.129  -32.687  1.206 0.0000000000
7742  -46.437  -47.208  13.668 0.0000000000
7743  -46.477  -46.506  11.321 0.0000000000
7744  -46.519  -45.811  9.192 0.0000000000
7745  -46.556  -45.057  7.286 0.0000000000
7746  -46.942  -44.443  5.635 0.0000000000
7747  -47.521  -43.297  7.767 0.0000000000
7748  -49.065  -41.922  8.021 0.0000000000
7749  -51.088  -40.706  7.836 0.0000000000
7750  -54.942  -42.933  10.201 0.0000000000
7751  -54.238  -41.324  8.806 0.0000000000
7752  -53.531  -39.653  7.484 0.0000000000
7753  -56.139  -38.482  7.156 0.0000000000
7754  -59.041  -37.513  6.879 0.0000000000
7755  -61.843  -36.596  6.692 0.0000000000
9489  -58.997  -46.911  1.632 0.0000000000
9490  -60.472  -45.030  0.667 0.0000000000
9491  -61.428  -43.107  -0.748 0.0000000000
9492  -58.838  -41.408  -2.140 0.0000000000
9493  -56.090  -40.108  -3.522 0.0000000000
9494  -53.204  -38.888  -4.899 0.0000000000
9495  -47.254  -43.895  4.017 0.0000000000
9496  -47.890  -43.124  2.437 0.0000000000
9497  -48.650  -42.176  0.859 0.0000000000
9498  -46.885  -38.583  3.209 0.0000000000
9499  -46.835  -40.179  0.848 0.0000000000
9500  -49.300  -41.336  -0.883 0.0000000000
9501  -49.712  -40.279  -2.521 0.0000000000
9502  -49.945  -38.793  -4.121 0.0000000000
10825  -46.848  -46.922  6.336 0.0000000000
10826  -47.038  -47.973  6.505 0.0000000000
10827  -47.914  -47.714  5.715 0.0000000000
10828  -49.165  -48.290  5.351 0.0000000000
10829  -48.751  -47.336  5.035 0.0000000000
10830  -49.496  -46.964  4.422 0.0000000000
10831  -48.203  -46.380  4.854 0.0000000000
10832  -59.760  -35.164  5.313 0.0000000000
10833  -57.932  -34.921  4.539 0.0000000000
10834  -59.422  -34.327  4.482 0.0000000000
10835  -59.036  -33.724  3.730 0.0000000000
10836  -60.863  -33.801  4.469 0.0000000000
11425  -53.451  -46.282  12.962 0.0000000000
11426  -52.474  -46.674  13.196 0.0000000000
11427  -52.095  -45.885  12.301 0.0000000000
11428  -50.812  -45.481  11.603 0.0000000000
11429  -51.736  -45.078  11.465 0.0000000000
11430  -51.382  -44.297  10.765 0.0000000000
11431  -52.763  -44.590  11.410 0.0000000000
11433  -60.104  -41.982  10.031 0.0000000000
12798  -48.515  -54.571  8.743 0.0000000000
12805  -56.576  -52.000  3.609 0.0000000000
12811  -58.786  -50.376  2.466 0.0000000000
12812  -53.036  -43.494  0.197 0.0000000000
12813  -54.672  -43.699  -0.059 0.0000000000
12814  -53.473  -42.969  -0.563 0.0000000000
12815  -53.867  -42.490  -1.271 0.0000000000
12816  -52.254  -42.298  -0.968 0.0000000000
12817  -49.144  -39.874  6.454 0.0000000000
12818  -47.787  -40.033  5.665 0.0000000000
12819  -48.723  -39.251  5.626 0.0000000000
12820  -47.775  -35.177  0.989 0.0000000000
12821  -46.959  -36.182  0.901 0.0000000000
12822  -46.624  -35.686  0.052 0.0000000000
12823  -46.117  -36.407  -1.136 0.0000000000
12824  -46.248  -35.165  -0.740 0.0000000000
12825  -45.809  -34.578  -1.434 0.0000000000
12826  -46.793  -34.053  -0.431 0.0000000000
13825  -58.847  -48.660  14.383 0.0000000000
13826  -57.789  -49.140  14.958 0.0000000000
13827  -57.613  -48.100  14.233 0.0000000000
13828  -56.230  -47.382  14.014 0.0000000000
13829  -57.442  -46.872  13.574 0.0000000000
13830  -57.291  -45.822  12.951 0.0000000000
13831  -58.606  -46.544  13.140 0.0000000000
13833  -60.791  -45.761  12.380 0.0000000000
15195  -44.781  -47.500  10.199 0.0000000000
15196  -44.105  -48.404  10.083 0.0000000000
15197  -44.712  -48.395  9.057 0.0000000000
15198  -47.435  -49.949  6.702 0.0000000000
15199  -46.290  -50.218  7.371 0.0000000000
15200  -47.549  -51.003  6.785 0.0000000000
15201  -47.730  -52.266  7.055 0.0000000000
15202  -48.977  -51.875  6.347 0.0000000000
15203  -50.374  -52.854  6.237 0.0000000000
15204  -50.105  -51.391  5.831 0.0000000000
15205  -51.800  -49.232  4.569 0.0000000000
15206  -52.220  -50.456  4.834 0.0000000000
15207  -53.033  -49.869  4.254 0.0000000000
15208  -54.232  -50.593  4.036 0.0000000000
15209  -53.754  -49.285  3.633 0.0000000000
15210  -54.590  -48.854  3.077 0.0000000000
15211  -53.314  -48.279  3.386 0.0000000000
15212  -50.730  -46.016  3.165 0.0000000000
15213  -52.198  -46.403  2.879 0.0000000000
15214  -51.289  -45.410  2.508 0.0000000000
15215  -51.811  -44.766  1.830 0.0000000000
15216  -50.293  -44.477  2.144 0.0000000000
15217  -54.035  -37.488  5.792 0.0000000000
15218  -52.318  -37.307  5.137 0.0000000000
15219  -53.681  -36.721  4.987 0.0000000000
15220  -54.314  -34.739  3.284 0.0000000000
15221  -53.001  -35.359  3.493 0.0000000000
15222  -52.572  -34.734  2.730 0.0000000000
15223  -50.925  -34.830  2.170 0.0000000000
15224  -52.209  -34.115  2.034 0.0000000000
15225  -51.849  -33.478  1.347 0.0000000000
15226  -53.531  -33.417  1.917 0.0000000000
15228  -56.426  -32.050  1.689 0.0000000000
16998  -50.215  -47.178  13.905 0.0000000000
16999  -50.359  -47.828  15.076 0.0000000000
17000  -49.070  -47.366  14.292 0.0000000000
17001  -47.707  -47.508  14.619 0.0000000000
17002  -47.691  -47.029  13.448 0.0000000000
17003  -46.457  -46.837  12.462 0.0000000000
17004  -47.600  -46.580  12.270 0.0000000000
17005  -48.366  -45.060  10.138 0.0000000000
17006  -47.452  -45.607  10.165 0.0000000000
17007  -47.300  -45.134  9.210 0.0000000000
17008  -46.566  -45.441  8.225 0.0000000000
17009  -47.073  -44.556  8.332 0.0000000000
17010  -46.933  -44.091  7.487 0.0000000000
17011  -47.706  -43.834  8.526 0.0000000000
17012  -50.758  -42.791  9.427 0.0000000000
17013  -49.408  -42.569  8.783 0.0000000000
17014  -50.374  -42.026  8.709 0.0000000000
17015  -49.981  -41.284  7.980 0.0000000000
17016  -51.519  -41.507  8.608 0.0000000000
17017  -56.792  -44.042  11.462 0.0000000000
17018  -55.301  -43.656  10.989 0.0000000000
17019  -56.475  -43.287  10.601 0.0000000000
17020  -57.070  -41.191  9.082 0.0000000000
17021  -55.807  -41.705  9.218 0.0000000000
17022  -55.478  -40.826  8.610 0.0000000000
17023  -53.897  -40.480  8.161 0.0000000000
17024  -55.163  -39.916  7.987 0.0000000000
17025  -54.780  -39.067  7.334 0.0000000000
17026  -56.514  -39.356  7.797 0.0000000000
17027  -61.045  -38.873  7.906 0.0000000000
17028  -59.427  -38.405  7.454 0.0000000000
17029  -60.779  -37.975  7.340 0.0000000000
17030  -60.522  -37.065  6.745 0.0000000000
17031  -62.119  -37.526  7.279 0.0000000000
21113  -43.190  -50.515  10.084 0.0000000000
21135  -53.212  -54.581  6.487 0.0000000000
21157  -56.522  -47.548  2.093 0.0000000000
21158  -58.095  -47.927  2.006 0.0000000000
21159  -57.444  -46.709  1.637 0.0000000000
21160  -57.975  -44.022  -0.128 0.0000000000
21161  -58.974  -44.877  0.610 0.0000000000
21162  -59.510  -44.073  -0.089 0.0000000000
21163  -61.020  -44.132  -0.004 0.0000000000
21164  -59.911  -43.232  -0.834 0.0000000000
21165  -60.197  -42.207  -1.545 0.0000000000
21166  -58.680  -42.386  -1.527 0.0000000000
21167  -54.337  -41.153  -2.562 0.0000000000
21168  -55.929  -40.971  -2.669 0.0000000000
21169  -54.531  -40.336  -3.352 0.0000000000
21170  -54.638  -39.523  -4.277 0.0000000000
21171  -53.085  -39.678  -3.997 0.0000000000
21172  -46.884  -43.374  5.861 0.0000000000
21173  -47.097  -44.146  4.871 0.0000000000
21174  -46.830  -43.043  5.006 0.0000000000
21175  -46.575  -41.268  3.493 0.0000000000
21176  -46.923  -42.412  3.295 0.0000000000
21177  -47.115  -42.039  2.476 0.0000000000
21178  -48.247  -42.645  1.694 0.0000000000
21179  -47.381  -41.638  1.621 0.0000000000
21180  -49.156  -37.342  4.068 0.0000000000
21181  -48.056  -38.128  4.118 0.0000000000
21182  -47.720  -37.585  3.326 0.0000000000
21183  -46.445  -38.585  0.200 0.0000000000
21184  -46.438  -38.940  1.094 0.0000000000
21185  -46.890  -39.831  -0.077 0.0000000000
21186  -47.873  -40.873  -0.129 0.0000000000
21187  -48.052  -40.481  -1.004 0.0000000000
21188  -49.531  -40.883  -1.705 0.0000000000
21189  -48.247  -39.977  -1.897 0.0000000000
21190  -47.256  -37.572  -3.434 0.0000000000
21191  -48.484  -38.609  -3.527 0.0000000000
21192  -48.554  -37.889  -4.241 0.0000000000
21193  -49.992  -38.026  -4.814 0.0000000000
21197  -45.110  -33.348  -3.005 0.0000000000
21203  -48.899  -32.131  -0.253 0.0000000000
23273  -59.846  -48.064  13.854 0.0000000000
23274  -59.848  -47.145  13.286 0.0000000000
24093  -45.696  -47.309  8.158 0.0000000000
24094  -45.435  -48.355  8.111 0.0000000000
24095  -46.173  -48.183  7.255 0.0000000000
24096  -47.234  -48.969  6.611 0.0000000000
24097  -48.591  -49.625  6.084 0.0000000000
24098  -49.911  -50.241  5.694 0.0000000000
24099  -49.573  -49.206  5.503 0.0000000000
24100  -50.529  -48.796  4.943 0.0000000000
24101  -51.351  -48.296  4.284 0.0000000000
24102  -52.099  -47.870  3.757 0.0000000000
24103  -50.848  -47.451  4.085 0.0000000000
24104  -50.134  -46.543  3.823 0.0000000000
24105  -49.294  -45.584  3.513 0.0000000000
24106  -56.856  -36.286  5.535 0.0000000000
24107  -55.034  -36.080  4.796 0.0000000000
24108  -56.450  -35.494  4.658 0.0000000000
24109  -56.124  -34.793  3.883 0.0000000000
24110  -55.715  -34.143  3.143 0.0000000000
24111  -55.320  -33.488  2.470 0.0000000000
24112  -57.166  -33.590  3.085 0.0000000000
25173  -54.024  -48.044  14.661 0.0000000000
25174  -52.838  -48.242  15.106 0.0000000000
25175  -52.716  -47.462  14.095 0.0000000000
25176  -51.403  -46.960  13.487 0.0000000000
25177  -50.033  -46.568  12.806 0.0000000000
25178  -48.723  -46.266  12.085 0.0000000000
25179  -49.851  -45.932  11.830 0.0000000000
25180  -49.571  -45.226  10.907 0.0000000000
25181  -49.163  -44.508  10.089 0.0000000000
25182  -48.838  -43.809  9.416 0.0000000000
25183  -50.069  -44.033  10.133 0.0000000000
25184  -51.096  -43.539  10.106 0.0000000000
25185  -52.181  -43.055  9.995 0.0000000000
25186  -59.065  -43.337  10.827 0.0000000000
25187  -57.659  -42.925  10.371 0.0000000000
25188  -58.813  -42.466  10.197 0.0000000000
25189  -58.622  -41.553  9.563 0.0000000000
25190  -58.443  -40.645  8.913 0.0000000000
25191  -58.269  -39.738  8.267 0.0000000000
25192  -59.893  -40.197  8.681 0.0000000000
25193  -61.289  -39.790  8.477 0.0000000000
25194  -62.523  -39.338  8.384 0.0000000000
27644  -45.484  -52.692  8.871 0.0000000000
27657  -54.887  -53.595  5.015 0.0000000000
27670  -55.002  -45.350  1.331 0.0000000000
27671  -56.682  -45.616  1.234 0.0000000000
27672  -55.793  -44.563  0.593 0.0000000000
27673  -56.368  -43.903  -0.174 0.0000000000
27674  -56.758  -43.235  -0.871 0.0000000000
27675  -57.071  -42.506  -1.499 0.0000000000
27676  -55.472  -42.559  -1.382 0.0000000000
27677  -54.136  -41.890  -1.855 0.0000000000
27678  -52.764  -41.212  -2.404 0.0000000000
27679  -47.466  -41.413  6.315 0.0000000000
27680  -46.804  -41.988  5.227 0.0000000000
27681  -47.106  -40.942  5.495 0.0000000000
27682  -46.868  -40.534  4.654 0.0000000000
27683  -46.655  -40.115  3.809 0.0000000000
27684  -48.480  -36.256  2.545 0.0000000000
27685  -47.444  -37.103  2.564 0.0000000000
27686  -47.209  -36.623  1.761 0.0000000000
27687  -46.446  -37.355  0.605 0.0000000000
27688  -46.439  -38.216  -0.677 0.0000000000
27689  -47.125  -38.879  -1.810 0.0000000000
27690  -46.425  -37.652  -1.532 0.0000000000
27691  -46.402  -37.033  -2.382 0.0000000000
27692  -46.310  -36.386  -3.176 0.0000000000
27693  -46.231  -35.758  -3.971 0.0000000000
27694  -45.655  -35.217  -2.769 0.0000000000
27695  -45.400  -33.970  -2.208 0.0000000000
27696  -45.634  -32.755  -1.630 0.0000000000
29339  -55.566  -49.671  15.865 0.0000000000
29340  -57.937  -50.046  15.754 0.0000000000
29341  -56.698  -49.494  15.414 0.0000000000
29342  -55.372  -48.789  15.096 0.0000000000
29343  -55.100  -47.788  14.360 0.0000000000
29344  -54.826  -46.730  13.571 0.0000000000
29345  -54.560  -45.770  12.800 0.0000000000
29346  -54.262  -44.922  12.083 0.0000000000
29347  -55.837  -45.304  12.638 0.0000000000
29348  -57.071  -44.871  12.222 0.0000000000
29349  -58.247  -44.525  11.822 0.0000000000
29350  -59.736  -46.197  12.721 0.0000000000
29351  -59.551  -45.174  12.132 0.0000000000
29352  -59.338  -44.189  11.471 0.0000000000
29353  -60.431  -43.850  11.235 0.0000000000
31257  -44.170  -47.780  12.585 0.0000000000
31259  -43.571  -48.412  11.227 0.0000000000
31260  -43.561  -49.388  10.050 0.0000000000
31261  -44.127  -50.499  9.020 0.0000000000
31262  -45.267  -49.370  8.064 0.0000000000
31263  -45.177  -50.422  8.127 0.0000000000
31264  -45.212  -51.548  8.303 0.0000000000
31265  -46.595  -52.545  7.949 0.0000000000
31266  -48.102  -53.524  7.812 0.0000000000
31267  -49.680  -54.423  7.852 0.0000000000
31268  -51.151  -55.214  8.127 0.0000000000
31269  -50.779  -54.181  7.099 0.0000000000
31270  -51.822  -53.740  6.314 0.0000000000
31271  -52.830  -53.195  5.649 0.0000000000
31272  -51.232  -50.897  5.384 0.0000000000
31273  -52.506  -51.727  5.159 0.0000000000
31274  -53.681  -52.582  5.017 0.0000000000
31275  -54.573  -51.948  4.420 0.0000000000
31276  -55.446  -51.284  3.794 0.0000000000
31277  -56.350  -50.614  3.209 0.0000000000
31278  -57.451  -49.953  2.616 0.0000000000
31279  -56.004  -49.435  2.842 0.0000000000
31280  -55.549  -48.257  2.528 0.0000000000
31281  -55.007  -47.206  2.287 0.0000000000
31282  -52.863  -47.388  3.156 0.0000000000
31283  -53.549  -46.795  2.564 0.0000000000
31284  -54.288  -46.140  1.969 0.0000000000
31285  -53.387  -45.060  1.539 0.0000000000
31286  -52.378  -44.068  1.069 0.0000000000
31287  -51.387  -43.274  0.604 0.0000000000
31288  -51.438  -38.670  6.154 0.0000000000
31289  -49.885  -38.597  5.532 0.0000000000
31290  -51.043  -37.949  5.340 0.0000000000
31291  -50.708  -37.283  4.598 0.0000000000
31292  -50.383  -36.641  3.885 0.0000000000
31293  -53.343  -35.989  4.208 0.0000000000
31294  -51.626  -35.949  3.634 0.0000000000
31295  -49.992  -36.083  3.123 0.0000000000
31296  -49.718  -35.488  2.370 0.0000000000
31297  -49.290  -34.964  1.648 0.0000000000
31298  -48.878  -34.328  0.908 0.0000000000
31299  -48.341  -33.732  0.260 0.0000000000
31300  -50.057  -33.578  0.780 0.0000000000
31301  -51.301  -32.783  0.593 0.0000000000
31302  -52.739  -31.997  0.511 0.0000000000
31303  -54.924  -32.734  1.823 0.0000000000
31304  -54.559  -31.967  1.113 0.0000000000
33627  -51.648  -48.391  15.667 0.0000000000
33632  -45.165  -47.578  13.829 0.0000000000
33633  -45.246  -47.232  12.542 0.0000000000
33634  -45.443  -46.961  11.379 0.0000000000
33635  -45.613  -46.772  10.221 0.0000000000
33636  -47.542  -46.099  11.215 0.0000000000
33637  -46.505  -46.154  10.226 0.0000000000
33638  -45.824  -46.574  9.163 0.0000000000
33639  -46.086  -46.335  8.149 0.0000000000
33640  -46.379  -46.101  7.212 0.0000000000
33641  -46.752  -45.796  6.303 0.0000000000
33642  -47.174  -45.548  5.556 0.0000000000
33643  -46.695  -44.705  6.440 0.0000000000
33644  -46.906  -43.714  6.682 0.0000000000
33645  -47.296  -42.834  6.956 0.0000000000
33646  -48.495  -43.179  8.665 0.0000000000
33647  -48.205  -42.570  7.943 0.0000000000
33648  -47.863  -42.009  7.132 0.0000000000
33649  -48.600  -41.234  7.200 0.0000000000
33650  -49.564  -40.539  7.218 0.0000000000
33651  -50.686  -39.959  7.126 0.0000000000
33652  -53.994  -44.110  11.294 0.0000000000
33653  -53.654  -43.355  10.468 0.0000000000
33654  -53.372  -42.633  9.773 0.0000000000
33655  -56.143  -42.538  9.887 0.0000000000
33656  -54.624  -42.194  9.475 0.0000000000
33657  -53.042  -41.795  9.081 0.0000000000
33658  -52.706  -40.974  8.366 0.0000000000
33659  -52.285  -40.173  7.643 0.0000000000
33660  -51.866  -39.386  6.921 0.0000000000
33661  -53.046  -38.818  6.766 0.0000000000
33662  -54.384  -38.243  6.589 0.0000000000
33663  -55.706  -37.684  6.420 0.0000000000
33664  -57.935  -38.846  7.620 0.0000000000
33665  -57.583  -37.979  6.991 0.0000000000
33666  -57.164  -37.126  6.286 0.0000000000
33667  -58.635  -36.626  6.209 0.0000000000
33668  -60.153  -36.108  6.106 0.0000000000
33669  -61.517  -35.552  6.001 0.0000000000
38474  -62.995  -35.761  6.501 0.0000000000
38475  -62.774  -34.738  5.811 0.0000000000
38703  -58.546  -49.128  2.210 0.0000000000
38704  -59.666  -48.140  1.940 0.0000000000
38705  -60.594  -47.109  1.676 0.0000000000
38706  -58.263  -45.759  1.170 0.0000000000
38707  -59.824  -45.956  1.229 0.0000000000
38713  -60.222  -41.230  -2.204 0.0000000000
38714  -58.886  -40.596  -2.896 0.0000000000
38715  -57.291  -41.648  -2.049 0.0000000000
38716  -57.463  -40.738  -2.781 0.0000000000
38717  -57.510  -39.967  -3.653 0.0000000000
38718  -56.118  -39.364  -4.466 0.0000000000
38721  -47.564  -45.298  4.752 0.0000000000
38722  -47.943  -44.948  4.080 0.0000000000
38723  -48.353  -44.584  3.318 0.0000000000
38724  -46.826  -42.745  4.160 0.0000000000
38725  -47.532  -43.527  3.241 0.0000000000
38726  -48.794  -44.120  2.567 0.0000000000
38727  -49.293  -43.577  1.803 0.0000000000
38728  -49.736  -43.020  1.056 0.0000000000
38729  -50.183  -42.514  0.276 0.0000000000
38730  -48.374  -38.652  4.854 0.0000000000
38731  -47.143  -39.051  4.026 0.0000000000
38732  -46.491  -39.698  2.973 0.0000000000
38733  -46.698  -38.158  2.359 0.0000000000
38734  -46.417  -39.328  2.041 0.0000000000
38735  -46.715  -40.540  1.770 0.0000000000
38736  -47.648  -41.242  0.755 0.0000000000
38737  -49.012  -41.717  -0.016 0.0000000000
38738  -50.619  -42.083  -0.600 0.0000000000
38739  -50.896  -41.658  -1.370 0.0000000000
38740  -51.132  -41.109  -2.142 0.0000000000
38741  -51.296  -40.422  -2.889 0.0000000000
38742  -48.365  -39.318  -2.746 0.0000000000
38743  -49.878  -39.550  -3.354 0.0000000000
38744  -51.467  -39.647  -3.725 0.0000000000
38745  -51.583  -38.904  -4.516 0.0000000000
38757  -47.772  -33.057  -0.252 0.0000000000
38758  -47.051  -32.337  -0.724 0.0000000000
41545  -47.192  -46.813  5.925 0.0000000000
41546  -47.316  -47.345  6.006 0.0000000000
41547  -47.706  -47.215  5.631 0.0000000000
41548  -48.329  -47.538  5.398 0.0000000000
41549  -48.110  -47.014  5.261 0.0000000000
41550  -48.493  -46.871  4.940 0.0000000000
41551  -47.918  -46.528  5.180 0.0000000000
41552  -60.522  -34.850  5.289 0.0000000000
41553  -59.591  -34.699  4.890 0.0000000000
41554  -60.346  -34.409  4.896 0.0000000000
41555  -60.148  -34.064  4.488 0.0000000000
41556  -61.053  -34.166  4.868 0.0000000000
42145  -53.239  -45.840  12.567 0.0000000000
42146  -52.737  -46.078  12.641 0.0000000000
42147  -52.562  -45.662  12.227 0.0000000000
42148  -51.933  -45.477  11.878 0.0000000000
42149  -52.419  -45.239  11.810 0.0000000000
42150  -52.235  -44.839  11.438 0.0000000000
42151  -52.909  -45.018  11.795 0.0000000000
43518  -49.304  -54.987  8.795 0.0000000000
43519  -48.734  -55.059  9.185 0.0000000000
43520  -49.502  -55.515  9.257 0.0000000000
43525  -57.092  -51.604  3.296 0.0000000000
43526  -57.170  -52.350  3.506 0.0000000000
43527  -57.723  -51.917  3.197 0.0000000000
43529  -58.275  -51.415  2.897 0.0000000000
43530  -58.872  -51.010  2.658 0.0000000000
43531  -58.198  -50.792  2.722 0.0000000000
43532  -52.462  -43.142  0.006 0.0000000000
43533  -53.278  -43.228  -0.185 0.0000000000
43534  -52.681  -42.909  -0.369 0.0000000000
43535  -52.864  -42.630  -0.770 0.0000000000
43536  -52.092  -42.523  -0.588 0.0000000000
43537  -49.664  -39.547  6.397 0.0000000000
43538  -48.932  -39.543  6.060 0.0000000000
43539  -49.471  -39.215  6.016 0.0000000000
43540  -47.566  -34.909  0.597 0.0000000000
43541  -47.122  -35.409  0.574 0.0000000000
43542  -46.929  -35.143  0.171 0.0000000000
43543  -46.427  -35.399  -0.357 0.0000000000
43544  -46.714  -34.875  -0.175 0.0000000000
43545  -46.475  -34.621  -0.532 0.0000000000
43546  -47.076  -34.358  -0.100 0.0000000000
44545  -58.798  -48.122  13.987 0.0000000000
44546  -58.277  -48.414  14.286 0.0000000000
44547  -58.170  -47.824  13.948 0.0000000000
44548  -57.524  -47.491  13.906 0.0000000000
44549  -58.100  -47.222  13.625 0.0000000000
44550  -58.023  -46.713  13.364 0.0000000000
44551  -58.691  -47.047  13.404 0.0000000000
45915  -44.989  -47.458  9.663 0.0000000000
45916  -44.658  -47.905  9.608 0.0000000000
45917  -44.925  -47.875  9.102 0.0000000000
45918  -48.098  -50.286  6.441 0.0000000000
45919  -47.502  -50.459  6.750 0.0000000000
45920  -48.155  -50.815  6.486 0.0000000000
45921  -48.242  -51.423  6.541 0.0000000000
45922  -48.858  -51.186  6.252 0.0000000000
45923  -49.554  -51.646  6.085 0.0000000000
45924  -49.447  -51.001  5.986 0.0000000000
45925  -52.181  -48.938  4.252 0.0000000000
45926  -52.437  -49.543  4.364 0.0000000000
45927  -52.801  -49.240  4.080 0.0000000000
45928  -53.409  -49.569  3.957 0.0000000000
45929  -53.158  -48.933  3.769 0.0000000000
45930  -53.531  -48.756  3.496 0.0000000000
45931  -52.937  -48.467  3.688 0.0000000000
45932  -50.249  -45.531  2.984 0.0000000000
45933  -50.998  -45.711  2.839 0.0000000000
45934  -50.552  -45.247  2.663 0.0000000000
45935  -50.801  -44.945  2.334 0.0000000000
45936  -50.047  -44.773  2.498 0.0000000000
45937  -54.708  -37.160  5.695 0.0000000000
45938  -53.838  -37.102  5.384 0.0000000000
45939  -54.513  -36.779  5.292 0.0000000000
45940  -54.121  -34.406  2.925 0.0000000000
45941  -53.428  -34.720  2.999 0.0000000000
45942  -53.231  -34.397  2.630 0.0000000000
45943  -52.397  -34.423  2.371 0.0000000000
45944  -53.071  -34.093  2.314 0.0000000000
45945  -52.902  -33.789  1.989 0.0000000000
45946  -53.733  -33.770  2.265 0.0000000000
47715  -54.209  -49.329  15.935 0.0000000000
47717  -53.511  -49.003  15.738 0.0000000000
47718  -49.573  -46.999  13.562 0.0000000000
47719  -49.679  -47.299  14.119 0.0000000000
47720  -48.973  -47.096  13.743 0.0000000000
47721  -48.373  -47.184  13.905 0.0000000000
47722  -48.290  -46.930  13.321 0.0000000000
47723  -47.632  -46.795  12.859 0.0000000000
47724  -48.215  -46.687  12.736 0.0000000000
47725  -48.208  -44.740  9.702 0.0000000000
47726  -47.805  -45.065  9.692 0.0000000000
47727  -47.662  -44.757  9.247 0.0000000000
47728  -47.201  -44.808  8.788 0.0000000000
47729  -47.527  -44.419  8.827 0.0000000000
47730  -47.376  -44.175  8.425 0.0000000000
47731  -47.877  -44.107  8.909 0.0000000000
47732  -51.270  -42.523  9.379 0.0000000000
47733  -50.549  -42.412  9.080 0.0000000000
47734  -51.074  -42.146  9.031 0.0000000000
47735  -50.945  -41.765  8.679 0.0000000000
47736  -51.672  -41.913  8.975 0.0000000000
47737  -57.363  -43.857  11.249 0.0000000000
47738  -56.631  -43.653  11.031 0.0000000000
47739  -57.207  -43.474  10.846 0.0000000000
47740  -56.911  -40.718  8.788 0.0000000000
47741  -56.276  -41.001  8.845 0.0000000000
47742  -56.117  -40.516  8.560 0.0000000000
47743  -55.328  -40.349  8.314 0.0000000000
47744  -55.987  -40.034  8.246 0.0000000000
47745  -55.815  -39.628  7.888 0.0000000000
47746  -56.697  -39.770  8.156 0.0000000000
47747  -61.694  -38.670  7.874 0.0000000000
47748  -60.930  -38.412  7.636 0.0000000000
47749  -61.613  -38.194  7.595 0.0000000000
47750  -61.458  -37.766  7.302 0.0000000000
47751  -62.246  -37.980  7.569 0.0000000000
51833  -43.611  -51.119  9.653 0.0000000000
51855  -53.738  -54.373  6.121 0.0000000000
51877  -56.200  -46.998  1.957 0.0000000000
51878  -56.996  -47.146  1.863 0.0000000000
51879  -56.645  -46.588  1.721 0.0000000000
51880  -58.196  -43.671  -0.487 0.0000000000
51881  -58.762  -44.069  -0.089 0.0000000000
51882  -58.943  -43.651  -0.461 0.0000000000
51883  -59.712  -43.675  -0.458 0.0000000000
51884  -59.131  -43.245  -0.845 0.0000000000
51885  -59.309  -42.804  -1.204 0.0000000000
51886  -58.523  -42.844  -1.207 0.0000000000
51887  -53.671  -40.827  -2.865 0.0000000000
51888  -54.420  -40.752  -2.964 0.0000000000
51889  -53.710  -40.415  -3.268 0.0000000000
51890  -53.799  -39.997  -3.683 0.0000000000
51891  -53.003  -40.056  -3.544 0.0000000000
51892  -46.899  -42.855  5.996 0.0000000000
51893  -46.827  -43.216  5.426 0.0000000000
51894  -46.827  -42.684  5.556 0.0000000000
51895  -46.597  -41.079  3.083 0.0000000000
51896  -46.761  -41.657  2.970 0.0000000000
51897  -46.818  -41.469  2.547 0.0000000000
51898  -47.231  -41.832  2.060 0.0000000000
51899  -46.904  -41.295  2.111 0.0000000000
51900  -48.979  -37.057  3.696 0.0000000000
51901  -48.430  -37.431  3.736 0.0000000000
51902  -48.259  -37.169  3.368 0.0000000000
51903  -46.649  -39.015  -0.386 0.0000000000
51904  -46.622  -39.200  0.047 0.0000000000
51905  -46.976  -39.614  -0.506 0.0000000000
51906  -47.416  -40.177  -0.573 0.0000000000
51907  -47.497  -39.977  -1.028 0.0000000000
51908  -48.162  -40.270  -1.445 0.0000000000
51909  -47.568  -39.750  -1.448 0.0000000000
51910  -47.300  -37.234  -3.798 0.0000000000
51911  -47.866  -37.758  -3.880 0.0000000000
51912  -47.916  -37.403  -4.230 0.0000000000
51913  -48.589  -37.533  -4.593 0.0000000000
51914  -47.942  -37.038  -4.595 0.0000000000
51916  -47.358  -36.534  -4.579 0.0000000000
51917  -45.103  -32.683  -2.679 0.0000000000
55515  -45.942  -47.220  7.676 0.0000000000
55516  -45.872  -47.758  7.702 0.0000000000
55517  -46.159  -47.658  7.265 0.0000000000
55518  -47.615  -48.339  6.207 0.0000000000
55519  -47.133  -48.493  6.574 0.0000000000
55520  -47.745  -48.803  6.282 0.0000000000
55521  -47.879  -49.284  6.341 0.0000000000
55522  -48.418  -49.126  6.019 0.0000000000
55523  -49.082  -49.415  5.789 0.0000000000
55524  -48.880  -48.924  5.719 0.0000000000
55525  -49.655  -48.074  5.012 0.0000000000
55526  -49.849  -48.524  5.132 0.0000000000
55527  -50.327  -48.345  4.823 0.0000000000
55528  -50.973  -48.567  4.620 0.0000000000
55529  -50.727  -48.114  4.498 0.0000000000
55530  -51.081  -47.910  4.229 0.0000000000
55531  -50.464  -47.683  4.373 0.0000000000
55532  -49.136  -46.465  4.303 0.0000000000
55533  -49.827  -46.736  4.125 0.0000000000
55534  -49.431  -46.256  3.971 0.0000000000
55535  -49.716  -46.076  3.649 0.0000000000
55536  -49.009  -45.776  3.849 0.0000000000
55537  -57.537  -36.009  5.453 0.0000000000
55538  -56.641  -35.886  5.079 0.0000000000
55539  -57.358  -35.598  5.019 0.0000000000
55540  -57.750  -34.554  4.160 0.0000000000
55541  -57.047  -34.849  4.196 0.0000000000
55542  -56.846  -34.507  3.828 0.0000000000
55543  -55.928  -34.483  3.519 0.0000000000
55544  -56.611  -34.188  3.434 0.0000000000
55545  -56.410  -33.871  3.098 0.0000000000
55546  -57.368  -33.910  3.426 0.0000000000
55547  -59.784  -33.443  3.700 0.0000000000
55548  -58.848  -33.404  3.362 0.0000000000
57315  -53.894  -47.601  14.256 0.0000000000
57316  -53.367  -47.743  14.404 0.0000000000
57317  -53.259  -47.324  13.932 0.0000000000
57318  -51.772  -46.460  12.860 0.0000000000
57319  -51.967  -46.837  13.329 0.0000000000
57320  -51.274  -46.622  12.979 0.0000000000
57321  -50.710  -46.755  13.146 0.0000000000
57322  -50.587  -46.427  12.644 0.0000000000
57323  -49.925  -46.253  12.302 0.0000000000
57324  -50.486  -46.095  12.163 0.0000000000
57325  -50.592  -45.109  11.180 0.0000000000
57326  -50.194  -45.356  11.262 0.0000000000
57327  -49.981  -44.990  10.842 0.0000000000
57328  -49.368  -44.859  10.475 0.0000000000
57329  -49.786  -44.589  10.446 0.0000000000
57330  -49.619  -44.281  10.107 0.0000000000
57331  -50.240  -44.387  10.466 0.0000000000
57332  -51.917  -44.064  10.726 0.0000000000
57333  -51.229  -43.917  10.440 0.0000000000
57334  -51.773  -43.685  10.396 0.0000000000
57335  -51.625  -43.306  10.062 0.0000000000
57336  -52.324  -43.447  10.328 0.0000000000
57337  -59.652  -43.134  10.745 0.0000000000
57338  -58.917  -42.911  10.516 0.0000000000
57339  -59.509  -42.704  10.450 0.0000000000
57340  -60.060  -41.533  9.692 0.0000000000
57341  -59.387  -41.764  9.799 0.0000000000
57342  -59.309  -41.301  9.464 0.0000000000
57343  -58.537  -41.081  9.242 0.0000000000
57344  -59.257  -40.869  9.122 0.0000000000
57345  -59.208  -40.460  8.797 0.0000000000
57346  -59.972  -40.654  9.000 0.0000000000
57348  -61.363  -40.237  8.792 0.0000000000
57349  -62.007  -40.001  8.692 0.0000000000
57350  -61.930  -39.542  8.385 0.0000000000
57351  -62.602  -39.760  8.646 0.0000000000
61433  -46.201  -53.158  8.751 0.0000000000
61434  -45.628  -53.189  9.253 0.0000000000
61435  -46.372  -53.634  9.189 0.0000000000
61455  -55.246  -53.195  4.619 0.0000000000
61456  -55.468  -54.015  4.981 0.0000000000
61457  -55.821  -53.616  4.579 0.0000000000
61476  -60.558  -48.886  1.999 0.0000000000
61477  -54.549  -44.822  1.046 0.0000000000
61478  -55.389  -44.950  0.974 0.0000000000
61479  -54.915  -44.432  0.653 0.0000000000
61480  -54.934  -43.408  -0.445 0.0000000000
61481  -55.535  -43.809  -0.141 0.0000000000
61482  -55.785  -43.515  -0.514 0.0000000000
61483  -56.556  -43.560  -0.548 0.0000000000
61484  -55.944  -43.205  -0.854 0.0000000000
61485  -56.106  -42.894  -1.172 0.0000000000
61486  -55.310  -42.861  -1.108 0.0000000000
61487  -53.216  -42.169  -1.472 0.0000000000
61488  -54.046  -42.207  -1.561 0.0000000000
61489  -53.312  -41.892  -1.778 0.0000000000
61490  -53.396  -41.586  -2.111 0.0000000000
61491  -52.650  -41.543  -2.023 0.0000000000
61492  -47.808  -40.982  6.391 0.0000000000
61493  -47.297  -41.176  5.894 0.0000000000
61494  -47.611  -40.719  5.999 0.0000000000
61495  -47.593  -39.790  5.247 0.0000000000
61496  -47.253  -40.253  5.212 0.0000000000
61497  -47.099  -40.028  4.777 0.0000000000
61498  -46.721  -40.301  4.238 0.0000000000
61499  -46.953  -39.789  4.362 0.0000000000
61500  -48.318  -35.984  2.182 0.0000000000
61501  -47.803  -36.417  2.178 0.0000000000
61502  -47.661  -36.181  1.788 0.0000000000
61503  -46.534  -36.523  0.368 0.0000000000
61504  -46.665  -36.740  0.796 0.0000000000
61505  -46.388  -37.154  0.191 0.0000000000
61506  -46.347  -37.799  -0.042 0.0000000000
61507  -46.325  -37.588  -0.480 0.0000000000
61508  -46.435  -37.945  -1.107 0.0000000000
61509  -46.292  -37.319  -0.904 0.0000000000
61510  -46.012  -36.088  -1.562 0.0000000000
61511  -46.175  -36.718  -1.778 0.0000000000
61512  -46.091  -36.401  -2.178 0.0000000000
61513  -46.358  -36.708  -2.771 0.0000000000
61514  -46.005  -36.096  -2.599 0.0000000000
61515  -45.932  -35.794  -2.999 0.0000000000
61516  -45.750  -35.515  -2.399 0.0000000000
61517  -45.917  -34.016  -1.223 0.0000000000
61518  -45.612  -34.301  -1.832 0.0000000000
61519  -45.697  -33.704  -1.567 0.0000000000
61520  -45.467  -33.381  -1.890 0.0000000000
61521  -45.913  -33.112  -1.306 0.0000000000
64517  -58.495  -49.828  15.503 0.0000000000
64518  -57.100  -48.851  14.833 0.0000000000
64519  -57.241  -49.363  15.185 0.0000000000
64520  -56.554  -49.065  15.051 0.0000000000
64521  -56.039  -49.140  15.250 0.0000000000
64522  -55.938  -48.687  14.894 0.0000000000
64523  -55.251  -48.302  14.722 0.0000000000
64524  -55.801  -48.183  14.549 0.0000000000
64525  -56.155  -46.770  13.674 0.0000000000
64526  -55.556  -47.023  13.821 0.0000000000
64527  -55.424  -46.489  13.467 0.0000000000
64528  -54.680  -46.249  13.202 0.0000000000
64529  -55.299  -45.973  13.094 0.0000000000
64530  -55.180  -45.534  12.748 0.0000000000
64531  -55.927  -45.754  12.989 0.0000000000
64532  -57.874  -45.651  12.740 0.0000000000
64533  -57.180  -45.305  12.586 0.0000000000
64534  -57.761  -45.150  12.380 0.0000000000
64535  -57.653  -44.705  12.019 0.0000000000
64536  -58.346  -44.997  12.181 0.0000000000
64537  -60.350  -46.945  13.110 0.0000000000
64538  -59.814  -46.680  13.007 0.0000000000
64539  -60.341  -46.494  12.839 0.0000000000
64540  -60.744  -45.295  12.093 0.0000000000
64541  -60.216  -45.495  12.236 0.0000000000
64542  -60.112  -45.001  11.954 0.0000000000
64543  -59.455  -44.664  11.795 0.0000000000
64544  -60.005  -44.525  11.653 0.0000000000
64545  -59.886  -44.056  11.344 0.0000000000
64546  -60.548  -44.348  11.529 0.0000000000
68625  -44.276  -47.713  11.916 0.0000000000
68626  -43.805  -48.038  11.910 0.0000000000
68627  -43.976  -48.017  11.273 0.0000000000
68628  -44.167  -48.887  9.531 0.0000000000
68629  -43.816  -48.881  10.063 0.0000000000
68630  -43.961  -49.397  9.501 0.0000000000
68631  -43.786  -49.951  9.494 0.0000000000
68632  -44.229  -49.937  8.971 0.0000000000
68633  -45.789  -48.821  7.661 0.0000000000
68634  -45.340  -48.863  8.074 0.0000000000
68635  -45.728  -49.292  7.670 0.0000000000
68636  -46.325  -50.759  7.403 0.0000000000
68637  -45.730  -50.329  7.735 0.0000000000
68638  -45.735  -50.889  7.781 0.0000000000
68639  -45.156  -50.981  8.183 0.0000000000
68640  -45.780  -51.465  7.890 0.0000000000
68641  -45.892  -52.049  8.090 0.0000000000
68642  -46.437  -51.954  7.656 0.0000000000
68643  -48.495  -52.759  6.988 0.0000000000
68644  -47.901  -52.901  7.409 0.0000000000
68645  -48.689  -53.411  7.388 0.0000000000
68646  -48.898  -54.006  7.784 0.0000000000
68647  -49.480  -53.884  7.392 0.0000000000
68648  -50.238  -54.347  7.486 0.0000000000
68649  -50.041  -53.743  7.012 0.0000000000
68650  -50.928  -52.561  5.948 0.0000000000
68651  -51.090  -53.296  6.263 0.0000000000
68652  -51.628  -53.018  5.936 0.0000000000
68653  -52.329  -53.468  5.961 0.0000000000
68654  -52.155  -52.724  5.648 0.0000000000
68655  -50.447  -50.024  5.422 0.0000000000
68656  -50.582  -50.543  5.521 0.0000000000
68657  -51.089  -50.344  5.284 0.0000000000
68658  -52.817  -50.835  4.733 0.0000000000
68659  -52.351  -51.085  5.005 0.0000000000
68660  -52.973  -51.466  4.899 0.0000000000
68661  -53.099  -52.137  5.092 0.0000000000
68662  -53.528  -51.798  4.769 0.0000000000
68663  -54.117  -52.259  4.704 0.0000000000
68664  -53.977  -51.516  4.492 0.0000000000
68665  -54.608  -50.293  3.723 0.0000000000
68666  -54.828  -50.942  3.906 0.0000000000
68667  -55.212  -50.647  3.624 0.0000000000
68668  -55.857  -51.007  3.535 0.0000000000
68669  -55.663  -50.343  3.326 0.0000000000
68670  -56.189  -50.048  3.010 0.0000000000
68671  -55.484  -49.758  3.138 0.0000000000
68672  -54.402  -48.327  2.916 0.0000000000
68673  -55.050  -48.570  2.800 0.0000000000
68674  -54.823  -48.045  2.652 0.0000000000
68675  -55.295  -47.731  2.406 0.0000000000
68676  -54.572  -47.537  2.524 0.0000000000
68677  -51.868  -47.446  3.628 0.0000000000
68678  -52.489  -47.653  3.470 0.0000000000
68679  -52.225  -47.193  3.345 0.0000000000
68680  -52.487  -46.104  2.552 0.0000000000
68681  -52.918  -46.606  2.719 0.0000000000
68682  -53.193  -46.277  2.404 0.0000000000
68683  -53.932  -46.488  2.261 0.0000000000
68684  -53.524  -45.947  2.090 0.0000000000
68685  -53.829  -45.577  1.773 0.0000000000
68686  -53.082  -45.418  1.902 0.0000000000
68687  -51.305  -44.307  1.610 0.0000000000
68688  -52.081  -44.420  1.452 0.0000000000
68689  -51.597  -43.979  1.214 0.0000000000
68690  -51.898  -43.647  0.812 0.0000000000
68691  -51.091  -43.570  1.002 0.0000000000
68692  -52.045  -38.371  6.074 0.0000000000
68693  -51.250  -38.309  5.739 0.0000000000
68694  -51.855  -37.996  5.650 0.0000000000
68695  -52.173  -36.964  4.769 0.0000000000
68696  -51.518  -37.288  4.860 0.0000000000
68697  -51.357  -36.954  4.505 0.0000000000
68698  -50.516  -36.950  4.239 0.0000000000
68699  -51.220  -36.636  4.169 0.0000000000
68700  -54.868  -35.699  4.402 0.0000000000
68701  -54.171  -36.024  4.477 0.0000000000
68702  -54.016  -35.681  4.120 0.0000000000
68703  -52.164  -35.360  3.238 0.0000000000
68704  -52.361  -35.650  3.581 0.0000000000
68705  -51.474  -35.662  3.290 0.0000000000
68706  -50.818  -35.984  3.375 0.0000000000
68707  -50.619  -35.728  3.000 0.0000000000
68708  -49.867  -35.780  2.742 0.0000000000
68709  -50.499  -35.449  2.642 0.0000000000
68710  -50.730  -34.523  1.835 0.0000000000
68711  -50.113  -34.881  1.931 0.0000000000
68712  -49.904  -34.584  1.569 0.0000000000
68713  -49.074  -34.667  1.266 0.0000000000
68714  -49.684  -34.286  1.187 0.0000000000
68715  -49.461  -33.954  0.849 0.0000000000
68716  -50.297  -33.929  1.124 0.0000000000
68717  -52.471  -33.078  1.266 0.0000000000
68718  -51.575  -33.125  0.971 0.0000000000
68719  -52.229  -32.727  0.893 0.0000000000
68720  -52.023  -32.389  0.534 0.0000000000
68721  -52.915  -32.328  0.845 0.0000000000
68722  -56.039  -33.203  2.427 0.0000000000
68723  -55.120  -33.128  2.148 0.0000000000
68724  -55.860  -32.815  2.080 0.0000000000
68726  -55.491  -32.000  1.399 0.0000000000
74033  -52.191  -47.921  14.881 0.0000000000
74034  -52.253  -48.320  15.388 0.0000000000
74035  -51.580  -48.025  15.157 0.0000000000
74036  -49.742  -47.896  15.237 0.0000000000
74037  -50.399  -48.160  15.581 0.0000000000
74043  -47.072  -47.326  14.171 0.0000000000
74045  -46.424  -47.445  14.280 0.0000000000
74047  -45.793  -47.372  13.756 0.0000000000
74048  -45.212  -47.393  13.182 0.0000000000
74049  -45.819  -47.183  13.136 0.0000000000
74050  -46.481  -46.669  11.875 0.0000000000
74051  -45.920  -46.860  11.933 0.0000000000
74052  -45.969  -46.723  11.341 0.0000000000
74053  -45.510  -46.864  10.788 0.0000000000
74054  -45.986  -46.588  10.776 0.0000000000
74055  -48.701  -45.971  11.578 0.0000000000
74056  -48.134  -46.169  11.677 0.0000000000
74057  -48.098  -45.889  11.154 0.0000000000
74058  -46.949  -45.683  9.686 0.0000000000
74059  -46.967  -45.887  10.187 0.0000000000
74060  -46.508  -45.991  9.691 0.0000000000
74061  -46.113  -46.307  9.715 0.0000000000
74062  -46.149  -46.176  9.183 0.0000000000
74063  -45.959  -46.440  8.662 0.0000000000
74064  -46.243  -46.025  8.682 0.0000000000
74065  -46.558  -45.253  7.783 0.0000000000
74066  -46.393  -45.729  7.718 0.0000000000
74067  -46.444  -45.591  7.273 0.0000000000
74068  -46.540  -45.954  6.755 0.0000000000
74069  -46.570  -45.399  6.785 0.0000000000
74070  -46.703  -45.255  6.376 0.0000000000
74071  -46.634  -44.869  6.866 0.0000000000
74072  -47.204  -43.678  7.629 0.0000000000
74073  -46.919  -43.895  7.077 0.0000000000
74074  -47.158  -43.466  7.247 0.0000000000
74075  -47.078  -43.245  6.838 0.0000000000
74076  -47.398  -43.055  7.370 0.0000000000
74077  -49.269  -43.540  9.461 0.0000000000
74078  -48.648  -43.503  9.045 0.0000000000
74079  -49.100  -43.210  9.089 0.0000000000
74080  -49.249  -42.249  8.404 0.0000000000
74081  -48.760  -42.529  8.364 0.0000000000
74082  -48.615  -42.239  7.988 0.0000000000
74083  -48.035  -42.311  7.570 0.0000000000
74084  -48.442  -41.925  7.603 0.0000000000
74085  -48.228  -41.609  7.191 0.0000000000
74086  -48.837  -41.565  7.603 0.0000000000
74087  -50.532  -40.986  7.924 0.0000000000
74088  -49.763  -40.913  7.604 0.0000000000
74089  -50.310  -40.594  7.539 0.0000000000
74090  -50.114  -40.200  7.171 0.0000000000
74091  -50.895  -40.316  7.470 0.0000000000
74092  -54.929  -44.669  11.992 0.0000000000
74093  -54.156  -44.508  11.683 0.0000000000
74094  -54.814  -44.268  11.588 0.0000000000
74095  -55.100  -43.296  10.585 0.0000000000
74096  -54.457  -43.488  10.706 0.0000000000
74097  -54.299  -43.134  10.332 0.0000000000
74098  -53.520  -42.991  10.110 0.0000000000
74099  -54.158  -42.775  9.964 0.0000000000
74100  -57.506  -42.507  10.025 0.0000000000
74101  -56.921  -42.741  10.128 0.0000000000
74102  -56.759  -42.329  9.780 0.0000000000
74103  -55.019  -41.501  8.999 0.0000000000
74104  -55.211  -41.952  9.333 0.0000000000
74105  -54.434  -41.760  9.129 0.0000000000
74106  -53.823  -41.996  9.283 0.0000000000
74107  -53.628  -41.565  8.932 0.0000000000
74108  -52.883  -41.381  8.725 0.0000000000
74109  -53.467  -41.147  8.597 0.0000000000
74110  -53.733  -40.067  7.828 0.0000000000
74111  -53.068  -40.303  7.911 0.0000000000
74112  -52.888  -39.913  7.560 0.0000000000
74113  -52.070  -39.789  7.267 0.0000000000
74114  -52.687  -39.506  7.217 0.0000000000
74115  -52.452  -39.113  6.850 0.0000000000
74116  -53.283  -39.217  7.141 0.0000000000
74117  -55.462  -38.775  7.254 0.0000000000
74118  -54.600  -38.651  6.987 0.0000000000
74119  -55.241  -38.360  6.879 0.0000000000
74120  -55.015  -37.962  6.480 0.0000000000
74121  -55.935  -38.079  6.792 0.0000000000
74122  -58.983  -39.498  8.156 0.0000000000
74123  -58.117  -39.285  7.934 0.0000000000
74124  -58.810  -39.042  7.832 0.0000000000
74125  -59.230  -37.947  7.177 0.0000000000
74126  -58.507  -38.169  7.240 0.0000000000
74127  -58.309  -37.734  6.929 0.0000000000
74128  -57.373  -37.552  6.652 0.0000000000
74129  -58.119  -37.310  6.609 0.0000000000
74130  -57.931  -36.878  6.262 0.0000000000
74131  -58.854  -37.071  6.560 0.0000000000
74132  -61.194  -36.834  6.689 0.0000000000
74133  -60.343  -36.593  6.439 0.0000000000
74134  -61.030  -36.349  6.388 0.0000000000
74135  -60.874  -35.843  6.042 0.0000000000
74136  -61.692  -36.100  6.361 0.0000000000
85948  -62.875  -35.240  6.135 0.0000000000
86445  -51.703  -55.116  7.714 0.0000000000
86512  -57.277  -49.326  2.474 0.0000000000
86513  -58.010  -49.571  2.380 0.0000000000
86514  -57.815  -48.938  2.282 0.0000000000
86515  -58.556  -47.415  1.816 0.0000000000
86516  -58.873  -48.026  1.965 0.0000000000
86517  -59.369  -47.528  1.824 0.0000000000
86518  -60.150  -47.621  1.809 0.0000000000
86519  -59.814  -47.020  1.655 0.0000000000
86520  -57.080  -45.166  0.896 0.0000000000
86521  -57.477  -45.678  1.178 0.0000000000
86522  -57.872  -45.237  0.902 0.0000000000
86523  -59.722  -44.968  0.630 0.0000000000
86524  -59.414  -45.436  0.948 0.0000000000
86525  -60.169  -45.500  0.974 0.0000000000
86526  -60.581  -46.002  1.248 0.0000000000
86527  -60.909  -45.547  0.977 0.0000000000
86530  -61.238  -43.649  -0.392 0.0000000000
86532  -61.975  -43.596  -0.364 0.0000000000
86534  -62.101  -43.094  -0.715 0.0000000000
86536  -61.529  -42.631  -1.084 0.0000000000
86537  -59.549  -41.765  -1.868 0.0000000000
86538  -60.245  -41.684  -1.876 0.0000000000
86539  -59.569  -41.325  -2.182 0.0000000000
86540  -59.554  -40.914  -2.531 0.0000000000
86541  -58.888  -40.988  -2.491 0.0000000000
86542  -56.393  -42.152  -1.732 0.0000000000
86543  -57.196  -42.090  -1.775 0.0000000000
86544  -56.492  -41.721  -2.032 0.0000000000
86545  -56.011  -40.537  -3.081 0.0000000000
86546  -56.718  -40.846  -2.716 0.0000000000
86547  -56.782  -40.415  -3.141 0.0000000000
86548  -57.510  -40.323  -3.184 0.0000000000
86549  -56.805  -40.039  -3.586 0.0000000000
86550  -56.801  -39.678  -4.048 0.0000000000
86551  -56.116  -39.742  -3.995 0.0000000000
86552  -53.919  -39.211  -4.615 0.0000000000
86553  -54.702  -39.140  -4.728 0.0000000000
86557  -47.016  -44.993  5.580 0.0000000000
86558  -47.381  -45.416  5.161 0.0000000000
86559  -47.171  -44.848  5.192 0.0000000000
86560  -47.172  -44.001  4.464 0.0000000000
86561  -47.446  -44.564  4.442 0.0000000000
86562  -47.578  -44.430  4.036 0.0000000000
86563  -48.129  -44.790  3.698 0.0000000000
86564  -47.743  -44.253  3.641 0.0000000000
86565  -46.711  -41.792  4.784 0.0000000000
86566  -46.701  -42.354  4.676 0.0000000000
86567  -46.698  -42.163  4.261 0.0000000000
86568  -47.335  -42.772  2.805 0.0000000000
86569  -47.208  -42.979  3.249 0.0000000000
86570  -47.682  -43.349  2.812 0.0000000000
86571  -48.116  -43.858  2.864 0.0000000000
86572  -48.311  -43.635  2.462 0.0000000000
86573  -49.027  -43.852  2.185 0.0000000000
86574  -48.544  -43.386  2.087 0.0000000000
86575  -48.459  -42.408  1.286 0.0000000000
86576  -48.973  -42.861  1.355 0.0000000000
86577  -49.189  -42.602  0.946 0.0000000000
86578  -49.922  -42.709  0.630 0.0000000000
86579  -49.371  -42.351  0.529 0.0000000000
86580  -49.683  -38.282  5.148 0.0000000000
86581  -49.124  -38.593  5.195 0.0000000000
86582  -48.960  -38.292  4.834 0.0000000000
86583  -47.393  -38.310  3.691 0.0000000000
86584  -47.562  -38.577  4.092 0.0000000000
86585  -46.987  -38.825  3.618 0.0000000000
86586  -46.718  -39.358  3.513 0.0000000000
86587  -46.594  -39.117  3.070 0.0000000000
86588  -46.927  -37.382  2.055 0.0000000000
86589  -47.017  -37.613  2.469 0.0000000000
86590  -46.630  -37.940  1.911 0.0000000000
86591  -46.563  -39.597  0.959 0.0000000000
86592  -46.430  -39.127  1.585 0.0000000000
86593  -46.516  -39.732  1.446 0.0000000000
86594  -46.498  -39.936  1.888 0.0000000000
86595  -46.741  -40.332  1.313 0.0000000000
86596  -47.122  -40.927  1.222 0.0000000000
86597  -47.211  -40.730  0.780 0.0000000000
86598  -48.551  -41.108  -0.570 0.0000000000
86599  -48.436  -41.306  -0.101 0.0000000000
86600  -49.150  -41.522  -0.441 0.0000000000
86601  -49.795  -41.928  -0.302 0.0000000000
86602  -49.952  -41.741  -0.726 0.0000000000
86603  -50.761  -41.875  -0.978 0.0000000000
86604  -50.082  -41.520  -1.144 0.0000000000
86605  -49.637  -40.607  -2.119 0.0000000000
86606  -50.341  -41.026  -1.962 0.0000000000
86607  -50.419  -40.710  -2.346 0.0000000000
86608  -51.178  -40.777  -2.525 0.0000000000
86609  -50.468  -40.339  -2.721 0.0000000000
86610  -47.156  -38.567  -2.234 0.0000000000
86611  -47.711  -39.125  -2.316 0.0000000000
86612  -47.751  -38.805  -2.710 0.0000000000
86613  -49.191  -38.727  -3.833 0.0000000000
86614  -49.133  -39.099  -3.468 0.0000000000
86615  -49.925  -39.168  -3.739 0.0000000000
86616  -50.680  -39.603  -3.561 0.0000000000
86617  -50.731  -39.202  -3.966 0.0000000000
86618  -51.542  -39.270  -4.126 0.0000000000
86619  -50.759  -38.849  -4.325 0.0000000000
86632  -45.816  -35.163  -3.779 0.0000000000
86647  -48.917  -33.293  0.224 0.0000000000
86648  -48.081  -33.401  -0.001 0.0000000000
86649  -48.612  -32.948  -0.035 0.0000000000
86651  -47.969  -32.221  -0.447 0.0000000000
93213  -46.528  -47.033  6.751 0.0000000000
93214  -46.554  -47.564  6.822 0.0000000000
93215  -46.928  -47.463  6.396 0.0000000000
93216  -47.465  -47.856  6.109 0.0000000000
93217  -48.108  -48.210  5.872 0.0000000000
93218  -48.705  -48.479  5.651 0.0000000000
93219  -48.526  -48.025  5.545 0.0000000000
93220  -48.983  -47.836  5.229 0.0000000000
93221  -49.422  -47.611  4.867 0.0000000000
93222  -49.814  -47.442  4.543 0.0000000000
93223  -49.151  -47.183  4.745 0.0000000000
93224  -48.840  -46.693  4.616 0.0000000000
93225  -48.470  -46.176  4.534 0.0000000000
93226  -59.035  -35.456  5.372 0.0000000000
93227  -58.141  -35.305  4.980 0.0000000000
93228  -58.855  -35.006  4.915 0.0000000000
93229  -58.659  -34.614  4.491 0.0000000000
93230  -58.482  -34.265  4.113 0.0000000000
93231  -58.297  -33.960  3.767 0.0000000000
93232  -59.229  -34.005  4.096 0.0000000000
93233  -59.964  -33.753  4.116 0.0000000000
93234  -60.681  -33.464  4.065 0.0000000000
94293  -53.597  -46.731  13.373 0.0000000000
94294  -53.115  -46.913  13.486 0.0000000000
94295  -52.945  -46.523  13.052 0.0000000000
94296  -52.261  -46.287  12.746 0.0000000000
94297  -51.599  -46.084  12.409 0.0000000000
94298  -50.966  -45.895  12.062 0.0000000000
94299  -51.444  -45.688  11.960 0.0000000000
94300  -51.235  -45.268  11.539 0.0000000000
94301  -51.047  -44.870  11.116 0.0000000000
94302  -50.875  -44.512  10.782 0.0000000000
94303  -51.553  -44.683  11.109 0.0000000000
94304  -52.062  -44.441  11.080 0.0000000000
94305  -52.599  -44.196  11.051 0.0000000000
94306  -60.829  -42.678  10.524 0.0000000000
94307  -60.151  -42.450  10.349 0.0000000000
94308  -60.805  -42.205  10.219 0.0000000000
94309  -60.802  -41.734  9.892 0.0000000000
94310  -60.758  -41.306  9.555 0.0000000000
94311  -60.730  -40.886  9.220 0.0000000000
96764  -47.724  -54.127  8.720 0.0000000000
96765  -47.138  -54.125  9.177 0.0000000000
96766  -47.925  -54.612  9.176 0.0000000000
96777  -56.072  -52.393  3.921 0.0000000000
96778  -56.174  -53.189  4.184 0.0000000000
96779  -56.623  -52.778  3.816 0.0000000000
96788  -59.475  -50.563  2.414 0.0000000000
96789  -59.400  -49.911  2.254 0.0000000000
96790  -53.556  -43.915  0.479 0.0000000000
96791  -54.378  -43.999  0.351 0.0000000000
96792  -53.841  -43.585  0.056 0.0000000000
96793  -54.112  -43.295  -0.349 0.0000000000
96794  -54.307  -43.041  -0.710 0.0000000000
96795  -54.482  -42.805  -1.049 0.0000000000
96796  -53.652  -42.706  -0.943 0.0000000000
96797  -53.042  -42.385  -1.156 0.0000000000
96798  -52.380  -42.077  -1.325 0.0000000000
96799  -48.644  -40.230  6.471 0.0000000000
96800  -47.974  -40.308  6.073 0.0000000000
96801  -48.438  -39.911  6.084 0.0000000000
96802  -48.213  -39.629  5.653 0.0000000000
96803  -48.028  -39.354  5.246 0.0000000000
96804  -47.993  -35.491  1.405 0.0000000000
96805  -47.506  -35.937  1.377 0.0000000000
96806  -47.328  -35.665  0.973 0.0000000000
96807  -46.779  -35.934  0.481 0.0000000000
96808  -46.415  -36.275  -0.090 0.0000000000
96809  -46.234  -36.669  -0.699 0.0000000000
96810  -46.278  -36.014  -0.524 0.0000000000
96811  -46.125  -35.768  -0.952 0.0000000000
96812  -45.957  -35.462  -1.372 0.0000000000
96813  -45.797  -35.171  -1.727 0.0000000000
96814  -46.040  -34.894  -1.086 0.0000000000
96815  -46.215  -34.320  -0.881 0.0000000000
96816  -46.517  -33.736  -0.710 0.0000000000
98613  -58.915  -49.126  14.791 0.0000000000
98614  -58.410  -49.381  15.081 0.0000000000
98615  -58.329  -48.912  14.680 0.0000000000
98616  -57.691  -48.638  14.575 0.0000000000
98617  -57.002  -48.291  14.478 0.0000000000
98618  -56.329  -47.955  14.349 0.0000000000
98619  -56.925  -47.726  14.143 0.0000000000
98620  -56.858  -47.114  13.843 0.0000000000
98621  -56.771  -46.513  13.477 0.0000000000
98622  -56.674  -46.022  13.163 0.0000000000
98623  -57.396  -46.346  13.283 0.0000000000
98624  -57.960  -46.164  13.061 0.0000000000
98625  -58.526  -46.022  12.846 0.0000000000
98627  -60.836  -46.242  12.676 0.0000000000
98628  -61.300  -45.965  12.557 0.0000000000
98629  -61.278  -45.523  12.268 0.0000000000
98630  -61.230  -45.075  11.996 0.0000000000
101079  -44.617  -47.572  10.773 0.0000000000
101080  -44.195  -47.970  10.715 0.0000000000
101081  -44.425  -47.941  10.133 0.0000000000
101082  -44.403  -48.405  9.552 0.0000000000
101083  -44.536  -48.903  9.023 0.0000000000
101084  -46.791  -49.603  6.992 0.0000000000
101085  -46.251  -49.704  7.341 0.0000000000
101086  -46.864  -50.104  7.022 0.0000000000
101087  -46.913  -50.626  7.057 0.0000000000
101088  -46.955  -51.189  7.108 0.0000000000
101089  -47.022  -51.795  7.249 0.0000000000
101090  -47.626  -51.619  6.840 0.0000000000
101091  -48.351  -52.088  6.693 0.0000000000
101092  -49.098  -52.590  6.618 0.0000000000
101093  -49.829  -53.088  6.583 0.0000000000
101094  -49.681  -52.366  6.274 0.0000000000
101095  -50.242  -52.093  5.973 0.0000000000
101096  -50.788  -51.825  5.738 0.0000000000
101097  -51.421  -49.512  4.853 0.0000000000
101098  -51.592  -50.113  4.992 0.0000000000
101099  -52.045  -49.817  4.677 0.0000000000
101100  -52.622  -50.175  4.561 0.0000000000
101101  -53.218  -50.502  4.454 0.0000000000
101102  -53.821  -50.851  4.329 0.0000000000
101103  -53.619  -50.197  4.154 0.0000000000
101104  -54.005  -49.935  3.833 0.0000000000
101105  -54.397  -49.642  3.515 0.0000000000
101106  -54.803  -49.412  3.242 0.0000000000
101107  -54.143  -49.070  3.355 0.0000000000
101108  -53.948  -48.556  3.213 0.0000000000
101109  -53.728  -48.070  3.084 0.0000000000
101110  -51.125  -46.495  3.338 0.0000000000
101111  -51.860  -46.697  3.209 0.0000000000
101112  -51.440  -46.197  3.024 0.0000000000
101113  -51.726  -45.902  2.698 0.0000000000
101114  -52.017  -45.600  2.371 0.0000000000
101115  -52.318  -45.254  2.043 0.0000000000
101116  -51.549  -45.084  2.173 0.0000000000
101117  -51.033  -44.637  2.005 0.0000000000
101118  -50.538  -44.171  1.779 0.0000000000
101119  -53.333  -37.786  5.875 0.0000000000
101120  -52.466  -37.713  5.553 0.0000000000
101121  -53.153  -37.415  5.472 0.0000000000
101122  -52.978  -37.019  5.053 0.0000000000
101123  -52.841  -36.658  4.675 0.0000000000
101124  -54.494  -35.056  3.651 0.0000000000
101125  -53.827  -35.370  3.753 0.0000000000
101126  -53.629  -35.064  3.391 0.0000000000
101127  -52.779  -35.045  3.128 0.0000000000
101128  -51.945  -35.077  2.832 0.0000000000
101129  -51.134  -35.125  2.545 0.0000000000
101130  -51.727  -34.777  2.435 0.0000000000
101131  -51.551  -34.476  2.090 0.0000000000
101132  -51.360  -34.154  1.752 0.0000000000
101133  -51.176  -33.844  1.409 0.0000000000
101134  -52.036  -33.806  1.698 0.0000000000
101135  -52.702  -33.445  1.637 0.0000000000
101136  -53.320  -33.049  1.547 0.0000000000
101138  -56.583  -32.484  2.008 0.0000000000
104324  -50.870  -47.399  14.248 0.0000000000
104325  -50.932  -47.746  14.832 0.0000000000
104326  -50.289  -47.500  14.489 0.0000000000
104327  -49.704  -47.586  14.697 0.0000000000
104328  -49.085  -47.649  14.858 0.0000000000
104329  -48.402  -47.702  15.001 0.0000000000
104330  -48.386  -47.440  14.467 0.0000000000
104331  -47.697  -47.259  14.032 0.0000000000
104332  -47.074  -47.117  13.560 0.0000000000
104333  -46.450  -47.023  13.058 0.0000000000
104334  -47.078  -46.917  12.967 0.0000000000
104335  -47.034  -46.706  12.364 0.0000000000
104336  -47.019  -46.511  11.817 0.0000000000
104337  -48.493  -45.370  10.585 0.0000000000
104338  -48.010  -45.598  10.625 0.0000000000
104339  -47.924  -45.335  10.156 0.0000000000
104340  -47.387  -45.376  9.683 0.0000000000
104341  -46.920  -45.473  9.205 0.0000000000
104342  -46.556  -45.636  8.691 0.0000000000
104343  -46.880  -45.218  8.738 0.0000000000
104344  -46.817  -44.993  8.302 0.0000000000
104345  -46.750  -44.771  7.821 0.0000000000
104346  -46.733  -44.543  7.370 0.0000000000
104347  -46.967  -44.334  7.910 0.0000000000
104348  -47.222  -43.911  8.010 0.0000000000
104349  -47.601  -43.543  8.147 0.0000000000
104350  -50.245  -43.053  9.457 0.0000000000
104351  -49.568  -42.946  9.122 0.0000000000
104352  -50.062  -42.688  9.122 0.0000000000
104353  -49.899  -42.305  8.777 0.0000000000
104354  -49.703  -41.956  8.386 0.0000000000
104355  -49.459  -41.605  8.006 0.0000000000
104356  -50.191  -41.661  8.347 0.0000000000
104357  -50.779  -41.372  8.331 0.0000000000
104358  -51.321  -41.110  8.228 0.0000000000
104359  -56.188  -44.228  11.655 0.0000000000
104360  -55.461  -44.036  11.425 0.0000000000
104361  -56.047  -43.840  11.227 0.0000000000
104362  -55.897  -43.460  10.786 0.0000000000
104363  -55.708  -43.100  10.414 0.0000000000
104364  -57.209  -41.645  9.395 0.0000000000
104365  -56.576  -41.903  9.461 0.0000000000
104366  -56.420  -41.470  9.147 0.0000000000
104367  -55.659  -41.256  8.900 0.0000000000
104368  -54.853  -41.076  8.698 0.0000000000
104369  -54.057  -40.905  8.480 0.0000000000
104370  -54.692  -40.649  8.392 0.0000000000
104371  -54.563  -40.212  8.078 0.0000000000
104372  -54.352  -39.785  7.739 0.0000000000
104373  -54.110  -39.353  7.399 0.0000000000
104374  -54.957  -39.491  7.649 0.0000000000
104375  -55.637  -39.207  7.554 0.0000000000
104376  -56.337  -38.925  7.472 0.0000000000
104377  -60.394  -39.103  7.967 0.0000000000
104378  -59.562  -38.861  7.748 0.0000000000
104379  -60.255  -38.636  7.686 0.0000000000
104380  -60.121  -38.166  7.398 0.0000000000
104381  -59.942  -37.737  7.115 0.0000000000
104382  -59.790  -37.294  6.818 0.0000000000
104383  -60.645  -37.539  7.050 0.0000000000
104384  -61.334  -37.311  6.998 0.0000000000
104385  -61.993  -37.048  6.988 0.0000000000
111731  -42.932  -49.874  10.570 0.0000000000
111771  -52.713  -54.762  6.842 0.0000000000
111811  -56.806  -48.128  2.237 0.0000000000
111812  -57.571  -48.338  2.176 0.0000000000
111813  -57.308  -47.742  2.031 0.0000000000
111814  -57.787  -47.300  1.809 0.0000000000
111815  -58.203  -46.817  1.635 0.0000000000
111816  -57.752  -44.346  0.233 0.0000000000
111817  -58.246  -44.826  0.606 0.0000000000
111818  -58.532  -44.439  0.268 0.0000000000
111819  -59.257  -44.486  0.273 0.0000000000
111820  -60.031  -44.532  0.302 0.0000000000
111821  -60.762  -44.592  0.348 0.0000000000
111822  -60.272  -44.119  -0.040 0.0000000000
111823  -60.495  -43.671  -0.418 0.0000000000
111824  -60.714  -43.176  -0.787 0.0000000000
111825  -60.827  -42.651  -1.161 0.0000000000
111826  -60.105  -42.771  -1.202 0.0000000000
111827  -59.462  -42.288  -1.543 0.0000000000
111828  -58.779  -41.871  -1.833 0.0000000000
111829  -55.032  -41.482  -2.264 0.0000000000
111830  -55.837  -41.390  -2.310 0.0000000000
111831  -55.119  -41.064  -2.638 0.0000000000
111832  -55.209  -40.655  -3.021 0.0000000000
111833  -55.313  -40.231  -3.437 0.0000000000
111834  -55.375  -39.821  -3.902 0.0000000000
111835  -54.598  -39.920  -3.792 0.0000000000
111836  -53.869  -39.611  -4.144 0.0000000000
111837  -53.129  -39.301  -4.458 0.0000000000
111838  -46.899  -43.902  5.733 0.0000000000
111839  -47.018  -44.288  5.245 0.0000000000
111840  -46.884  -43.763  5.312 0.0000000000
111841  -46.921  -43.588  4.922 0.0000000000
111842  -46.976  -43.448  4.502 0.0000000000
111843  -46.619  -41.436  3.946 0.0000000000
111844  -46.698  -42.001  3.824 0.0000000000
111845  -46.698  -41.838  3.377 0.0000000000
111846  -47.011  -42.231  2.876 0.0000000000
111847  -47.491  -42.582  2.441 0.0000000000
111848  -48.073  -42.901  2.076 0.0000000000
111849  -47.634  -42.370  2.055 0.0000000000
111850  -47.798  -42.158  1.653 0.0000000000
111851  -47.973  -41.938  1.227 0.0000000000
111852  -49.358  -37.649  4.423 0.0000000000
111853  -48.794  -38.007  4.477 0.0000000000
111854  -48.596  -37.718  4.105 0.0000000000
111855  -47.882  -37.822  3.720 0.0000000000
111856  -47.260  -38.068  3.282 0.0000000000
111857  -46.344  -38.120  0.836 0.0000000000
111858  -46.436  -38.326  1.281 0.0000000000
111859  -46.427  -38.760  0.628 0.0000000000
111860  -46.607  -39.406  0.482 0.0000000000
111861  -46.896  -40.020  0.384 0.0000000000
111862  -47.291  -40.567  0.332 0.0000000000
111863  -47.349  -40.390  -0.118 0.0000000000
111864  -47.943  -40.677  -0.570 0.0000000000
111865  -48.667  -40.927  -0.970 0.0000000000
111866  -49.422  -41.127  -1.304 0.0000000000
111867  -48.770  -40.733  -1.381 0.0000000000
111868  -48.882  -40.462  -1.806 0.0000000000
111869  -48.952  -40.146  -2.231 0.0000000000
111870  -47.229  -37.901  -3.028 0.0000000000
111871  -47.809  -38.457  -3.119 0.0000000000
111872  -47.844  -38.108  -3.513 0.0000000000
111873  -48.511  -38.249  -3.884 0.0000000000
111874  -49.227  -38.353  -4.205 0.0000000000
111875  -49.980  -38.415  -4.475 0.0000000000
111876  -49.248  -37.976  -4.559 0.0000000000
111883  -45.244  -33.978  -3.306 0.0000000000
111892  -50.091  -32.446  0.102 0.0000000000
111893  -49.192  -32.505  -0.087 0.0000000000
115744  -59.345  -48.374  14.102 0.0000000000
115745  -59.339  -47.837  13.726 0.0000000000
115746  -59.305  -47.348  13.463 0.0000000000
115747  -59.867  -47.619  13.563 0.0000000000
117657  -45.440  -47.383  8.617 0.0000000000
117658  -45.227  -47.890  8.573 0.0000000000
117659  -45.558  -47.838  8.151 0.0000000000
117660  -45.822  -48.287  7.699 0.0000000000
117661  -46.233  -48.741  7.262 0.0000000000
117662  -46.597  -48.098  6.892 0.0000000000
117663  -46.652  -48.632  6.923 0.0000000000
117664  -46.730  -49.122  6.934 0.0000000000
117665  -47.339  -49.450  6.653 0.0000000000
117666  -48.016  -49.778  6.385 0.0000000000
117667  -48.699  -50.122  6.135 0.0000000000
117668  -49.367  -50.444  5.939 0.0000000000
117669  -49.245  -49.929  5.889 0.0000000000
117670  -49.762  -49.716  5.600 0.0000000000
117671  -50.277  -49.480  5.330 0.0000000000
117672  -49.355  -48.734  5.427 0.0000000000
117673  -50.066  -48.988  5.212 0.0000000000
117674  -50.754  -49.271  5.046 0.0000000000
117675  -51.159  -49.009  4.771 0.0000000000
117676  -51.566  -48.736  4.438 0.0000000000
117677  -51.938  -48.457  4.120 0.0000000000
117678  -52.322  -48.253  3.861 0.0000000000
117679  -51.707  -48.072  4.031 0.0000000000
117680  -51.477  -47.668  3.921 0.0000000000
117681  -51.215  -47.234  3.789 0.0000000000
117682  -50.173  -47.225  4.233 0.0000000000
117683  -50.523  -47.001  3.960 0.0000000000
117684  -50.832  -46.766  3.658 0.0000000000
117685  -50.425  -46.301  3.493 0.0000000000
117686  -50.001  -45.824  3.322 0.0000000000
117687  -49.553  -45.339  3.165 0.0000000000
117688  -56.109  -36.576  5.539 0.0000000000
117689  -55.185  -36.465  5.205 0.0000000000
117690  -55.922  -36.173  5.134 0.0000000000
117691  -55.746  -35.779  4.716 0.0000000000
117692  -55.583  -35.398  4.337 0.0000000000
117693  -57.187  -35.214  4.589 0.0000000000
117694  -56.306  -35.120  4.270 0.0000000000
117695  -55.378  -35.067  3.946 0.0000000000
117696  -55.195  -34.758  3.574 0.0000000000
117697  -55.023  -34.433  3.214 0.0000000000
117698  -54.829  -34.099  2.866 0.0000000000
117699  -54.618  -33.780  2.533 0.0000000000
117700  -55.501  -33.826  2.804 0.0000000000
117701  -56.206  -33.541  2.761 0.0000000000
117702  -56.940  -33.236  2.717 0.0000000000
117703  -58.115  -33.649  3.408 0.0000000000
117704  -57.923  -33.303  3.047 0.0000000000
117705  -57.708  -32.931  2.677 0.0000000000
120177  -54.093  -48.512  15.096 0.0000000000
120178  -53.470  -48.587  15.300 0.0000000000
120179  -53.426  -48.154  14.855 0.0000000000
120180  -52.818  -47.844  14.585 0.0000000000
120181  -52.128  -47.564  14.330 0.0000000000
120182  -52.608  -47.062  13.627 0.0000000000
120183  -52.055  -47.209  13.803 0.0000000000
120184  -51.465  -47.311  14.030 0.0000000000
120185  -50.803  -47.065  13.685 0.0000000000
120186  -50.156  -46.886  13.360 0.0000000000
120187  -49.484  -46.708  13.008 0.0000000000
120188  -48.796  -46.548  12.607 0.0000000000
120189  -49.364  -46.400  12.462 0.0000000000
120190  -49.296  -46.122  11.986 0.0000000000
120191  -49.247  -45.766  11.463 0.0000000000
120192  -50.362  -45.711  11.695 0.0000000000
120193  -49.762  -45.569  11.344 0.0000000000
120194  -49.134  -45.436  10.975 0.0000000000
120195  -48.927  -45.125  10.525 0.0000000000
120196  -48.750  -44.782  10.116 0.0000000000
120197  -48.576  -44.430  9.698 0.0000000000
120198  -48.441  -44.101  9.343 0.0000000000
120199  -49.010  -44.183  9.741 0.0000000000
120200  -49.443  -43.919  9.773 0.0000000000
120201  -49.907  -43.654  9.795 0.0000000000
120202  -50.724  -44.162  10.466 0.0000000000
120203  -50.572  -43.782  10.130 0.0000000000
120204  -50.442  -43.407  9.813 0.0000000000
120205  -50.953  -43.156  9.761 0.0000000000
120206  -51.476  -42.909  9.718 0.0000000000
120207  -52.018  -42.670  9.656 0.0000000000
120208  -58.512  -43.524  10.951 0.0000000000
120209  -57.793  -43.309  10.717 0.0000000000
120210  -58.349  -43.113  10.604 0.0000000000
120211  -58.213  -42.698  10.252 0.0000000000
120212  -58.102  -42.256  9.939 0.0000000000
120213  -59.449  -42.230  10.128 0.0000000000
120214  -58.733  -41.994  9.872 0.0000000000
120215  -57.962  -41.825  9.645 0.0000000000
120216  -57.848  -41.371  9.325 0.0000000000
120217  -57.748  -40.905  9.005 0.0000000000
120218  -57.630  -40.431  8.687 0.0000000000
120219  -57.537  -39.974  8.362 0.0000000000
120220  -58.375  -40.204  8.586 0.0000000000
120221  -59.095  -39.977  8.476 0.0000000000
120222  -59.793  -39.732  8.365 0.0000000000
120223  -60.682  -40.423  8.886 0.0000000000
120224  -60.603  -39.987  8.575 0.0000000000
120225  -60.534  -39.550  8.251 0.0000000000
120226  -61.186  -39.337  8.175 0.0000000000
120227  -61.796  -39.125  8.132 0.0000000000
120228  -62.405  -38.932  8.129 0.0000000000
125942  -44.765  -52.204  9.041 0.0000000000
125944  -44.875  -52.727  9.358 0.0000000000
125973  -54.469  -53.875  5.361 0.0000000000
126004  -55.470  -45.907  1.587 0.0000000000
126005  -56.278  -46.048  1.515 0.0000000000
126006  -55.859  -45.495  1.263 0.0000000000
126007  -56.295  -45.073  0.949 0.0000000000
126008  -56.648  -44.676  0.569 0.0000000000
126009  -55.244  -44.110  0.253 0.0000000000
126010  -56.113  -44.210  0.199 0.0000000000
126011  -56.933  -44.311  0.194 0.0000000000
126012  -57.138  -43.934  -0.178 0.0000000000
126013  -57.370  -43.615  -0.519 0.0000000000
126014  -57.588  -43.263  -0.855 0.0000000000
126015  -57.717  -42.881  -1.211 0.0000000000
126016  -56.933  -42.897  -1.181 0.0000000000
126017  -56.274  -42.559  -1.446 0.0000000000
126018  -55.623  -42.231  -1.658 0.0000000000
126019  -54.659  -42.527  -1.334 0.0000000000
126020  -54.816  -42.217  -1.611 0.0000000000
126021  -54.940  -41.879  -1.922 0.0000000000
126022  -54.239  -41.545  -2.194 0.0000000000
126023  -53.550  -41.203  -2.482 0.0000000000
126024  -52.868  -40.856  -2.763 0.0000000000
126025  -47.199  -41.867  6.230 0.0000000000
126026  -46.888  -42.172  5.675 0.0000000000
126027  -47.056  -41.663  5.781 0.0000000000
126028  -46.913  -41.463  5.343 0.0000000000
126029  -46.812  -41.251  4.917 0.0000000000
126030  -47.414  -40.468  5.622 0.0000000000
126031  -46.992  -40.733  5.069 0.0000000000
126032  -46.719  -41.062  4.505 0.0000000000
126033  -46.628  -40.878  4.083 0.0000000000
126034  -46.566  -40.681  3.659 0.0000000000
126035  -46.519  -40.488  3.238 0.0000000000
126036  -48.608  -36.498  2.918 0.0000000000
126037  -48.067  -36.902  2.957 0.0000000000
126038  -47.927  -36.658  2.557 0.0000000000
126039  -47.330  -36.874  2.142 0.0000000000
126040  -46.808  -37.155  1.634 0.0000000000
126041  -47.102  -36.417  1.319 0.0000000000
126042  -46.758  -36.949  1.206 0.0000000000
126043  -46.491  -37.525  1.036 0.0000000000
126044  -46.378  -37.972  0.391 0.0000000000
126045  -46.433  -38.412  -0.248 0.0000000000
126046  -46.663  -38.818  -0.826 0.0000000000
126047  -47.049  -39.173  -1.378 0.0000000000
126048  -46.675  -38.583  -1.261 0.0000000000
126049  -46.719  -38.276  -1.683 0.0000000000
126050  -46.732  -37.973  -2.115 0.0000000000
126051  -46.230  -37.056  -1.347 0.0000000000
126052  -46.421  -37.347  -1.975 0.0000000000
126053  -46.764  -37.642  -2.512 0.0000000000
126054  -46.769  -37.319  -2.911 0.0000000000
126055  -46.762  -36.979  -3.312 0.0000000000
126056  -46.759  -36.655  -3.700 0.0000000000
126057  -46.744  -36.338  -4.103 0.0000000000
126058  -46.272  -36.070  -3.566 0.0000000000
126059  -45.846  -35.477  -3.393 0.0000000000
126060  -45.535  -34.914  -3.155 0.0000000000
126061  -45.636  -34.923  -2.110 0.0000000000
126062  -45.483  -34.625  -2.499 0.0000000000
126063  -45.350  -34.305  -2.902 0.0000000000
126064  -45.254  -33.675  -2.611 0.0000000000
126065  -45.262  -33.048  -2.289 0.0000000000
126066  -45.399  -32.384  -1.983 0.0000000000
130103  -54.888  -49.300  15.704 0.0000000000
130107  -57.884  -49.610  15.338 0.0000000000
130108  -57.339  -49.803  15.573 0.0000000000
130110  -56.140  -49.589  15.642 0.0000000000
130111  -55.507  -49.247  15.477 0.0000000000
130112  -54.796  -48.894  15.318 0.0000000000
130113  -54.688  -48.414  14.907 0.0000000000
130114  -54.566  -47.927  14.519 0.0000000000
130115  -54.424  -47.428  14.102 0.0000000000
130116  -55.649  -47.608  14.189 0.0000000000
130117  -54.997  -47.250  13.938 0.0000000000
130118  -54.268  -46.958  13.676 0.0000000000
130119  -54.102  -46.487  13.284 0.0000000000
130120  -53.984  -46.041  12.884 0.0000000000
130121  -53.818  -45.579  12.505 0.0000000000
130122  -53.665  -45.165  12.134 0.0000000000
130123  -54.409  -45.339  12.451 0.0000000000
130124  -55.047  -45.099  12.370 0.0000000000
130125  -55.710  -44.864  12.248 0.0000000000
130126  -56.556  -45.530  12.826 0.0000000000
130127  -56.464  -45.072  12.436 0.0000000000
130128  -56.348  -44.634  12.049 0.0000000000
130129  -56.946  -44.453  11.854 0.0000000000
130130  -57.518  -44.265  11.652 0.0000000000
130131  -58.092  -44.085  11.463 0.0000000000
130132  -59.262  -46.863  13.194 0.0000000000
130133  -59.177  -46.373  12.908 0.0000000000
130134  -59.090  -45.863  12.629 0.0000000000
130135  -60.274  -45.991  12.541 0.0000000000
130136  -59.650  -45.690  12.425 0.0000000000
130137  -58.990  -45.345  12.334 0.0000000000
130138  -58.924  -44.829  11.980 0.0000000000
130139  -58.803  -44.354  11.639 0.0000000000
130140  -58.666  -43.932  11.303 0.0000000000
130141  -59.213  -43.765  11.159 0.0000000000
130142  -59.767  -43.584  11.040 0.0000000000
130143  -60.330  -43.378  10.942 0.0000000000
130146  -60.885  -43.149  10.833 0.0000000000
135312  -43.339  -48.414  11.839 0.0000000000
135313  -43.191  -48.838  11.171 0.0000000000
135314  -43.810  -48.416  10.636 0.0000000000
135315  -43.468  -48.866  10.583 0.0000000000
135316  -43.183  -49.352  10.551 0.0000000000
135317  -43.345  -49.948  10.017 0.0000000000
135318  -43.670  -50.534  9.542 0.0000000000
135319  -44.100  -51.105  9.115 0.0000000000
135320  -45.056  -48.376  8.552 0.0000000000
135321  -44.947  -48.904  8.508 0.0000000000
135322  -44.805  -49.406  8.510 0.0000000000
135323  -45.726  -49.803  7.692 0.0000000000
135324  -45.210  -49.884  8.087 0.0000000000
135325  -44.697  -49.939  8.504 0.0000000000
135326  -44.623  -50.476  8.550 0.0000000000
135327  -44.605  -51.065  8.623 0.0000000000
135328  -44.652  -51.652  8.774 0.0000000000
135329  -45.349  -52.136  8.530 0.0000000000
135330  -46.051  -52.629  8.382 0.0000000000
135331  -46.765  -53.095  8.290 0.0000000000
135332  -47.146  -52.417  7.503 0.0000000000
135333  -47.321  -53.016  7.843 0.0000000000
135334  -47.516  -53.608  8.277 0.0000000000
135335  -48.309  -54.080  8.267 0.0000000000
135336  -49.092  -54.514  8.306 0.0000000000
135337  -49.872  -54.919  8.382 0.0000000000
135338  -50.590  -55.293  8.523 0.0000000000
135339  -50.418  -54.823  8.006 0.0000000000
135340  -50.973  -54.738  7.617 0.0000000000
135341  -51.491  -54.604  7.206 0.0000000000
135342  -50.577  -53.535  6.613 0.0000000000
135343  -51.315  -53.975  6.668 0.0000000000
135344  -52.017  -54.368  6.752 0.0000000000
135345  -52.520  -54.185  6.373 0.0000000000
135346  -53.020  -53.931  6.025 0.0000000000
135347  -53.514  -53.691  5.702 0.0000000000
135348  -50.032  -50.773  5.760 0.0000000000
135349  -50.676  -51.141  5.612 0.0000000000
135350  -51.352  -51.568  5.499 0.0000000000
135351  -51.725  -50.689  5.130 0.0000000000
135352  -51.874  -51.322  5.260 0.0000000000
135353  -52.015  -52.006  5.421 0.0000000000
135354  -52.665  -52.447  5.352 0.0000000000
135355  -53.271  -52.903  5.348 0.0000000000
135356  -53.885  -53.399  5.340 0.0000000000
135357  -54.284  -53.085  5.001 0.0000000000
135358  -54.714  -52.773  4.679 0.0000000000
135359  -55.116  -52.361  4.334 0.0000000000
135360  -54.445  -51.273  4.216 0.0000000000
135361  -55.008  -51.619  4.099 0.0000000000
135362  -55.551  -51.984  4.005 0.0000000000
135363  -56.003  -51.672  3.722 0.0000000000
135364  -56.481  -51.297  3.400 0.0000000000
135365  -56.996  -50.886  3.085 0.0000000000
135366  -57.543  -50.546  2.798 0.0000000000
135367  -56.883  -50.295  2.902 0.0000000000
135368  -56.737  -49.718  2.713 0.0000000000
135369  -56.550  -49.077  2.581 0.0000000000
135370  -55.261  -49.144  2.956 0.0000000000
135371  -55.792  -48.828  2.683 0.0000000000
135372  -56.303  -48.495  2.428 0.0000000000
135373  -56.037  -47.926  2.299 0.0000000000
135374  -55.756  -47.370  2.190 0.0000000000
135375  -55.447  -46.841  2.055 0.0000000000
135376  -52.721  -48.064  3.583 0.0000000000
135377  -53.102  -47.855  3.267 0.0000000000
135378  -53.492  -47.594  2.968 0.0000000000
135379  -52.572  -46.907  3.031 0.0000000000
135380  -53.231  -47.111  2.865 0.0000000000
135381  -53.869  -47.313  2.693 0.0000000000
135382  -54.291  -47.013  2.423 0.0000000000
135383  -54.674  -46.673  2.144 0.0000000000
135384  -55.056  -46.291  1.885 0.0000000000
135385  -54.625  -45.746  1.666 0.0000000000
135386  -54.183  -45.208  1.417 0.0000000000
135387  -53.727  -44.690  1.158 0.0000000000
135388  -52.605  -44.905  1.689 0.0000000000
135389  -52.893  -44.551  1.306 0.0000000000
135390  -53.225  -44.229  0.899 0.0000000000
135391  -52.723  -43.787  0.630 0.0000000000
135392  -52.202  -43.388  0.401 0.0000000000
135393  -51.648  -43.019  0.207 0.0000000000
135394  -50.842  -38.959  6.254 0.0000000000
135395  -50.069  -38.923  5.965 0.0000000000
135396  -50.657  -38.627  5.834 0.0000000000
135397  -50.459  -38.288  5.429 0.0000000000
135398  -50.257  -37.956  5.073 0.0000000000
135399  -51.683  -37.618  5.240 0.0000000000
135400  -50.867  -37.622  4.973 0.0000000000
135401  -50.097  -37.624  4.706 0.0000000000
135402  -49.925  -37.298  4.337 0.0000000000
135403  -49.756  -36.986  3.981 0.0000000000
135404  -49.554  -36.691  3.611 0.0000000000
135405  -54.342  -36.396  4.882 0.0000000000
135406  -53.511  -36.352  4.586 0.0000000000
135407  -52.666  -36.307  4.277 0.0000000000
135408  -53.208  -35.659  3.857 0.0000000000
135409  -52.502  -35.962  3.924 0.0000000000
135410  -51.833  -36.289  4.032 0.0000000000
135411  -51.032  -36.296  3.774 0.0000000000
135412  -50.208  -36.343  3.510 0.0000000000
135413  -49.368  -36.421  3.229 0.0000000000
135414  -49.229  -36.160  2.868 0.0000000000
135415  -49.092  -35.869  2.483 0.0000000000
135416  -48.902  -35.598  2.115 0.0000000000
135417  -50.321  -35.161  2.285 0.0000000000
135418  -49.510  -35.233  2.022 0.0000000000
135419  -48.727  -35.348  1.741 0.0000000000
135420  -48.514  -35.061  1.342 0.0000000000
135421  -48.309  -34.717  0.936 0.0000000000
135422  -48.075  -34.448  0.590 0.0000000000
135423  -47.796  -34.187  0.266 0.0000000000
135424  -48.630  -34.030  0.578 0.0000000000
135425  -49.223  -33.608  0.525 0.0000000000
135426  -49.809  -33.239  0.457 0.0000000000
135427  -50.918  -33.523  1.048 0.0000000000
135428  -50.645  -33.179  0.698 0.0000000000
135429  -50.393  -32.831  0.387 0.0000000000
135430  -51.033  -32.411  0.306 0.0000000000
135433  -54.392  -33.425  2.194 0.0000000000
135434  -54.200  -33.065  1.867 0.0000000000
135435  -54.013  -32.689  1.524 0.0000000000
135436  -55.681  -32.398  1.740 0.0000000000
135437  -54.747  -32.346  1.465 0.0000000000
135438  -53.818  -32.318  1.167 0.0000000000
135439  -53.649  -31.949  0.821 0.0000000000
142005  -52.872  -48.663  15.560 0.0000000000
142008  -51.006  -48.095  15.394 0.0000000000
142023  -44.624  -47.638  13.216 0.0000000000
142024  -44.702  -47.511  12.548 0.0000000000
142025  -44.808  -47.382  11.923 0.0000000000
142026  -45.852  -47.015  12.521 0.0000000000
142027  -45.361  -47.095  11.948 0.0000000000
142028  -44.946  -47.274  11.347 0.0000000000
142029  -45.050  -47.196  10.785 0.0000000000
142030  -45.170  -47.116  10.226 0.0000000000
142031  -45.351  -47.064  9.672 0.0000000000
142032  -48.171  -46.435  12.210 0.0000000000
142033  -47.574  -46.346  11.755 0.0000000000
142034  -46.997  -46.301  11.281 0.0000000000
142035  -47.490  -45.834  10.671 0.0000000000
142036  -46.965  -46.086  10.730 0.0000000000
142037  -46.456  -46.324  10.777 0.0000000000
142038  -46.052  -46.445  10.244 0.0000000000
142039  -45.728  -46.680  9.673 0.0000000000
142040  -45.513  -47.005  9.116 0.0000000000
142041  -45.686  -46.893  8.641 0.0000000000
142042  -45.870  -46.795  8.136 0.0000000000
142043  -46.058  -46.697  7.641 0.0000000000
142044  -46.324  -45.888  8.178 0.0000000000
142045  -46.233  -46.222  7.657 0.0000000000
142046  -46.307  -46.607  7.166 0.0000000000
142047  -46.537  -46.496  6.725 0.0000000000
142048  -46.797  -46.371  6.297 0.0000000000
142049  -47.088  -46.247  5.853 0.0000000000
142050  -47.372  -46.110  5.515 0.0000000000
142051  -46.947  -45.671  5.920 0.0000000000
142052  -46.853  -45.133  5.964 0.0000000000
142053  -46.821  -44.595  6.018 0.0000000000
142054  -46.752  -44.360  6.958 0.0000000000
142055  -46.781  -44.206  6.537 0.0000000000
142056  -46.860  -44.067  6.107 0.0000000000
142057  -46.921  -43.546  6.275 0.0000000000
142058  -47.020  -43.061  6.417 0.0000000000
142059  -47.169  -42.603  6.535 0.0000000000
142060  -48.221  -43.815  8.993 0.0000000000
142061  -48.066  -43.514  8.621 0.0000000000
142062  -47.986  -43.190  8.256 0.0000000000
142063  -48.933  -42.854  8.732 0.0000000000
142064  -48.371  -42.850  8.324 0.0000000000
142065  -47.836  -42.915  7.874 0.0000000000
142066  -47.675  -42.665  7.475 0.0000000000
142067  -47.543  -42.413  7.043 0.0000000000
142068  -47.369  -42.138  6.631 0.0000000000
142069  -47.665  -41.709  6.725 0.0000000000
142070  -48.000  -41.301  6.785 0.0000000000
142071  -48.376  -40.910  6.815 0.0000000000
142072  -49.263  -41.231  7.601 0.0000000000
142073  -49.053  -40.888  7.227 0.0000000000
142074  -48.831  -40.543  6.855 0.0000000000
142075  -49.344  -40.201  6.828 0.0000000000
142076  -49.884  -39.888  6.783 0.0000000000
142077  -50.446  -39.599  6.720 0.0000000000
142078  -53.519  -44.758  11.745 0.0000000000
142079  -53.351  -44.349  11.377 0.0000000000
142080  -53.184  -43.959  10.987 0.0000000000
142081  -54.659  -43.873  11.155 0.0000000000
142082  -53.799  -43.724  10.870 0.0000000000
142083  -53.030  -43.591  10.593 0.0000000000
142084  -52.897  -43.211  10.231 0.0000000000
142085  -52.772  -42.846  9.895 0.0000000000
142086  -52.595  -42.453  9.553 0.0000000000
142087  -57.072  -43.112  10.477 0.0000000000
142088  -56.301  -42.912  10.238 0.0000000000
142089  -55.539  -42.736  10.030 0.0000000000
142090  -55.971  -42.143  9.534 0.0000000000
142091  -55.396  -42.384  9.673 0.0000000000
142092  -54.786  -42.578  9.813 0.0000000000
142093  -53.995  -42.413  9.637 0.0000000000
142094  -53.211  -42.228  9.432 0.0000000000
142095  -52.434  -42.047  9.207 0.0000000000
142096  -52.283  -41.638  8.857 0.0000000000
142097  -52.107  -41.236  8.490 0.0000000000
142098  -51.907  -40.842  8.116 0.0000000000
142099  -53.281  -40.729  8.258 0.0000000000
142100  -52.499  -40.573  8.007 0.0000000000
142101  -51.703  -40.433  7.742 0.0000000000
142102  -51.499  -40.048  7.382 0.0000000000
142103  -51.275  -39.667  7.016 0.0000000000
142104  -51.058  -39.300  6.637 0.0000000000
142105  -51.646  -39.022  6.549 0.0000000000
142106  -52.233  -38.729  6.462 0.0000000000
142107  -52.841  -38.431  6.373 0.0000000000
142108  -53.899  -38.928  7.056 0.0000000000
142109  -53.712  -38.525  6.679 0.0000000000
142110  -53.522  -38.121  6.265 0.0000000000
142111  -54.204  -37.844  6.173 0.0000000000
142112  -54.880  -37.548  6.087 0.0000000000
142113  -55.560  -37.262  6.013 0.0000000000
142114  -57.417  -39.532  8.042 0.0000000000
142115  -57.245  -39.094  7.707 0.0000000000
142116  -57.050  -38.670  7.397 0.0000000000
142117  -58.671  -38.616  7.530 0.0000000000
142118  -57.760  -38.429  7.323 0.0000000000
142119  -56.873  -38.230  7.066 0.0000000000
142120  -56.666  -37.808  6.714 0.0000000000
142121  -56.431  -37.398  6.345 0.0000000000
142122  -56.249  -36.982  5.926 0.0000000000
142123  -57.003  -36.710  5.920 0.0000000000
142124  -57.711  -36.442  5.880 0.0000000000
142125  -58.401  -36.180  5.829 0.0000000000
142126  -59.591  -36.828  6.502 0.0000000000
142127  -59.386  -36.371  6.161 0.0000000000
142128  -59.167  -35.912  5.790 0.0000000000
142129  -59.932  -35.628  5.732 0.0000000000
142130  -60.677  -35.335  5.676 0.0000000000
142131  -61.373  -35.036  5.628 0.0000000000
156380  -62.706  -37.134  7.232 0.0000000000
156381  -62.602  -36.665  6.921 0.0000000000
156384  -62.452  -36.208  6.595 0.0000000000
156385  -62.288  -35.692  6.247 0.0000000000
156386  -62.152  -35.148  5.894 0.0000000000
156387  -62.035  -34.665  5.525 0.0000000000
156467  -62.619  -34.243  5.420 0.0000000000
156468  -61.865  -34.186  5.128 0.0000000000
156469  -61.683  -33.783  4.719 0.0000000000
156470  -61.524  -33.412  4.309 0.0000000000
156471  -61.365  -33.053  3.877 0.0000000000
157065  -58.101  -50.182  2.539 0.0000000000
157066  -58.682  -49.754  2.321 0.0000000000
157067  -59.250  -49.266  2.151 0.0000000000
157068  -58.357  -48.508  2.118 0.0000000000
157069  -59.111  -48.638  2.078 0.0000000000
157070  -59.833  -48.773  2.029 0.0000000000
157071  -60.400  -48.241  1.918 0.0000000000
157074  -57.067  -46.156  1.459 0.0000000000
157075  -57.873  -46.207  1.415 0.0000000000
157076  -58.634  -46.321  1.413 0.0000000000
157077  -58.649  -45.336  0.922 0.0000000000
157078  -59.029  -45.867  1.193 0.0000000000
157079  -59.432  -46.406  1.430 0.0000000000
157080  -60.218  -46.506  1.469 0.0000000000
157081  -60.969  -46.589  1.466 0.0000000000
157095  -60.888  -42.136  -1.519 0.0000000000
157101  -57.876  -42.464  -1.511 0.0000000000
157102  -58.013  -42.018  -1.803 0.0000000000
157103  -58.074  -41.516  -2.106 0.0000000000
157104  -56.612  -41.296  -2.340 0.0000000000
157105  -57.374  -41.183  -2.392 0.0000000000
157106  -58.144  -41.073  -2.445 0.0000000000
157107  -58.216  -40.641  -2.825 0.0000000000
157108  -58.210  -40.269  -3.274 0.0000000000
157109  -58.192  -39.901  -3.730 0.0000000000
157113  -55.414  -39.442  -4.375 0.0000000000
157114  -55.450  -39.063  -4.819 0.0000000000
157119  -47.638  -45.986  5.156 0.0000000000
157120  -47.866  -45.848  4.769 0.0000000000
157121  -48.105  -45.648  4.473 0.0000000000
157122  -47.311  -44.713  4.812 0.0000000000
157123  -47.768  -45.118  4.435 0.0000000000
157124  -48.339  -45.462  4.141 0.0000000000
157125  -48.559  -45.287  3.769 0.0000000000
157126  -48.810  -45.089  3.405 0.0000000000
157127  -49.039  -44.862  3.040 0.0000000000
157128  -46.776  -42.515  5.115 0.0000000000
157129  -46.828  -42.893  4.571 0.0000000000
157130  -47.023  -43.349  4.065 0.0000000000
157131  -46.859  -42.572  3.737 0.0000000000
157132  -47.111  -43.162  3.671 0.0000000000
157133  -47.404  -43.714  3.634 0.0000000000
157134  -47.936  -44.054  3.250 0.0000000000
157135  -48.582  -44.355  2.940 0.0000000000
157136  -49.282  -44.589  2.697 0.0000000000
157137  -49.524  -44.308  2.328 0.0000000000
157138  -49.765  -44.012  1.943 0.0000000000
157139  -50.026  -43.727  1.586 0.0000000000
157140  -48.755  -43.119  1.735 0.0000000000
157141  -49.526  -43.304  1.438 0.0000000000
157142  -50.288  -43.447  1.203 0.0000000000
157143  -50.520  -43.157  0.811 0.0000000000
157144  -50.778  -42.888  0.434 0.0000000000
157145  -51.010  -42.653  0.044 0.0000000000
157146  -49.305  -38.909  5.597 0.0000000000
157147  -48.548  -38.957  5.229 0.0000000000
157148  -47.830  -39.056  4.871 0.0000000000
157149  -48.220  -38.395  4.498 0.0000000000
157150  -47.723  -38.817  4.480 0.0000000000
157151  -47.298  -39.283  4.433 0.0000000000
157152  -46.843  -39.574  3.935 0.0000000000
157153  -46.572  -39.911  3.389 0.0000000000
157154  -46.495  -40.297  2.816 0.0000000000
157155  -47.572  -37.354  2.948 0.0000000000
157156  -47.115  -37.829  2.871 0.0000000000
157157  -46.784  -38.368  2.797 0.0000000000
157158  -46.462  -38.515  1.741 0.0000000000
157159  -46.498  -38.726  2.208 0.0000000000
157160  -46.560  -38.925  2.638 0.0000000000
157161  -46.464  -39.519  2.488 0.0000000000
157162  -46.493  -40.129  2.348 0.0000000000
157163  -46.646  -40.740  2.222 0.0000000000
157164  -47.027  -41.115  1.675 0.0000000000
157165  -47.524  -41.444  1.196 0.0000000000
157166  -48.121  -41.721  0.789 0.0000000000
157167  -47.774  -41.057  0.311 0.0000000000
157168  -48.295  -41.496  0.340 0.0000000000
157169  -48.831  -41.934  0.417 0.0000000000
157170  -49.610  -42.146  0.120 0.0000000000
157171  -50.426  -42.304  -0.146 0.0000000000
157172  -51.226  -42.412  -0.411 0.0000000000
157173  -51.433  -42.203  -0.793 0.0000000000
157174  -51.581  -41.995  -1.158 0.0000000000
157175  -51.713  -41.750  -1.535 0.0000000000
157176  -50.209  -41.278  -1.565 0.0000000000
157177  -51.041  -41.403  -1.760 0.0000000000
157178  -51.863  -41.474  -1.911 0.0000000000
157179  -51.955  -41.160  -2.287 0.0000000000
157180  -52.025  -40.827  -2.663 0.0000000000
157181  -52.120  -40.481  -3.033 0.0000000000
157182  -47.638  -39.440  -1.896 0.0000000000
157183  -48.312  -39.650  -2.310 0.0000000000
157184  -49.011  -39.824  -2.639 0.0000000000
157185  -48.423  -38.971  -3.133 0.0000000000
157186  -49.088  -39.465  -3.061 0.0000000000
157187  -49.787  -39.922  -2.924 0.0000000000
157188  -50.585  -39.989  -3.120 0.0000000000
157189  -51.398  -40.055  -3.285 0.0000000000
157190  -52.202  -40.093  -3.438 0.0000000000
157191  -52.287  -39.700  -3.887 0.0000000000
157192  -52.342  -39.317  -4.296 0.0000000000
157193  -52.395  -38.937  -4.716 0.0000000000
157194  -50.798  -38.492  -4.705 0.0000000000
157195  -51.643  -38.539  -4.935 0.0000000000
157227  -47.537  -33.866  -0.048 0.0000000000
157228  -47.277  -33.537  -0.315 0.0000000000
157229  -46.939  -33.193  -0.572 0.0000000000
157230  -48.294  -32.586  -0.240 0.0000000000
157231  -47.402  -32.707  -0.492 0.0000000000
157232  -46.598  -32.870  -0.844 0.0000000000
157233  -46.244  -32.500  -1.096 0.0000000000
157234  -45.933  -32.139  -1.410 0.0000000000
