#!ascii label  , from subject studyTemplate vox2ras=TkReg
1105
74  -7.759  2.943  36.948 0.0000000000
422  -4.106  9.436  31.016 0.0000000000
506  -5.359  27.224  18.149 0.0000000000
509  -7.705  20.739  27.054 0.0000000000
510  -11.762  12.742  33.804 0.0000000000
944  -5.274  7.084  35.350 0.0000000000
1109  -4.794  34.789  15.453 0.0000000000
1116  -9.952  26.639  23.649 0.0000000000
1118  -10.394  16.432  29.810 0.0000000000
1946  -5.886  11.059  27.283 0.0000000000
1948  -6.175  4.371  29.582 0.0000000000
2162  -6.083  19.677  20.968 0.0000000000
2169  -6.344  31.642  20.775 0.0000000000
2170  -4.672  24.998  23.630 0.0000000000
2171  -4.148  17.611  25.445 0.0000000000
2172  -5.360  15.846  29.952 0.0000000000
2173  -7.514  11.951  32.857 0.0000000000
2174  -9.730  7.925  35.377 0.0000000000
2864  -6.469  5.015  36.332 0.0000000000
2865  -4.609  3.696  36.397 0.0000000000
4274  -4.311  10.095  28.758 0.0000000000
4275  -6.136  7.653  28.511 0.0000000000
4276  -4.548  6.698  29.787 0.0000000000
4765  -5.744  28.071  15.909 0.0000000000
4769  -5.803  23.378  19.586 0.0000000000
4786  -7.877  34.091  18.705 0.0000000000
4787  -9.596  31.686  20.595 0.0000000000
4788  -8.949  23.637  25.067 0.0000000000
4789  -6.974  26.351  23.952 0.0000000000
4790  -5.953  23.146  25.662 0.0000000000
4791  -4.224  21.371  24.643 0.0000000000
4792  -5.178  20.121  27.161 0.0000000000
4793  -4.273  17.089  27.953 0.0000000000
4794  -6.437  18.382  28.674 0.0000000000
4795  -11.249  14.459  31.710 0.0000000000
4796  -8.908  14.185  31.336 0.0000000000
4797  -9.905  12.195  33.001 0.0000000000
4798  -8.688  9.916  34.068 0.0000000000
4799  -10.671  10.382  34.709 0.0000000000
6308  -4.609  8.561  33.490 0.0000000000
6309  -3.942  5.918  31.784 0.0000000000
6310  -4.383  5.003  34.279 0.0000000000
6604  -5.780  31.728  14.344 0.0000000000
6605  -5.154  31.060  16.858 0.0000000000
6619  -10.633  21.018  26.744 0.0000000000
6620  -9.161  18.570  28.250 0.0000000000
6621  -11.701  19.060  28.612 0.0000000000
8443  -4.608  3.415  30.748 0.0000000000
9070  -4.981  33.725  18.611 0.0000000000
9071  -4.662  30.161  19.831 0.0000000000
9072  -8.114  29.104  22.270 0.0000000000
9073  -5.301  28.516  22.306 0.0000000000
9074  -4.591  26.102  20.815 0.0000000000
9075  -4.972  22.246  21.913 0.0000000000
9076  -5.684  18.633  23.154 0.0000000000
9077  -6.278  15.217  24.542 0.0000000000
9078  -4.982  14.330  26.252 0.0000000000
9079  -3.942  13.616  28.286 0.0000000000
9080  -4.424  12.881  30.785 0.0000000000
9081  -7.727  16.319  29.940 0.0000000000
9082  -6.481  13.998  31.503 0.0000000000
9083  -5.310  11.500  32.823 0.0000000000
9084  -6.357  9.685  34.208 0.0000000000
9085  -7.581  7.540  35.186 0.0000000000
9086  -8.849  5.490  36.066 0.0000000000
9094  -10.528  6.084  37.059 0.0000000000
9095  -9.958  3.528  37.399 0.0000000000
10544  -7.086  3.913  36.676 0.0000000000
10545  -6.011  3.442  37.031 0.0000000000
11954  -3.996  9.793  29.789 0.0000000000
11955  -4.435  8.378  29.277 0.0000000000
11956  -3.996  7.998  30.163 0.0000000000
12445  -5.662  27.637  17.044 0.0000000000
12446  -5.740  26.208  16.719 0.0000000000
12447  -5.794  25.757  17.810 0.0000000000
12448  -5.824  23.857  18.559 0.0000000000
12449  -5.612  25.248  18.902 0.0000000000
12466  -10.215  32.813  19.674 0.0000000000
12468  -8.319  22.112  26.008 0.0000000000
12469  -7.393  23.447  25.419 0.0000000000
12470  -6.808  22.024  26.339 0.0000000000
12471  -5.521  21.631  26.465 0.0000000000
12472  -6.337  20.615  27.250 0.0000000000
12473  -5.788  19.343  27.957 0.0000000000
12474  -7.036  19.619  27.906 0.0000000000
12475  -11.558  13.535  32.739 0.0000000000
12476  -10.580  13.335  32.357 0.0000000000
12477  -10.928  12.393  33.304 0.0000000000
12478  -10.283  11.265  33.821 0.0000000000
12479  -11.255  11.555  34.286 0.0000000000
14354  -4.880  7.919  34.533 0.0000000000
14355  -4.498  6.823  33.889 0.0000000000
14356  -4.655  6.201  35.033 0.0000000000
14846  -5.582  33.519  13.551 0.0000000000
14847  -5.300  33.228  14.848 0.0000000000
14848  -5.497  31.424  15.621 0.0000000000
14849  -5.006  32.896  16.146 0.0000000000
14871  -11.204  22.606  26.058 0.0000000000
14872  -11.823  21.452  27.192 0.0000000000
14873  -11.226  20.007  27.648 0.0000000000
18584  -6.374  11.483  26.416 0.0000000000
18586  -6.435  9.775  27.076 0.0000000000
18587  -6.175  6.004  29.070 0.0000000000
18588  -6.399  6.424  28.260 0.0000000000
18592  -3.842  4.208  32.200 0.0000000000
18593  -3.957  4.599  31.071 0.0000000000
18594  -3.952  2.907  31.499 0.0000000000
20118  -7.172  32.976  19.796 0.0000000000
20119  -6.225  34.264  18.850 0.0000000000
20120  -5.490  32.794  19.822 0.0000000000
20121  -4.685  31.971  19.249 0.0000000000
20122  -5.043  31.170  20.557 0.0000000000
20123  -10.458  28.017  23.143 0.0000000000
20124  -9.695  29.152  22.232 0.0000000000
20125  -9.058  27.831  22.947 0.0000000000
20126  -5.577  25.905  24.060 0.0000000000
20127  -6.070  27.508  23.260 0.0000000000
20128  -4.991  26.790  22.978 0.0000000000
20129  -4.695  27.555  21.703 0.0000000000
20130  -4.477  25.579  22.230 0.0000000000
20131  -4.655  24.153  21.341 0.0000000000
20132  -4.439  23.648  22.748 0.0000000000
20133  -4.135  19.497  25.030 0.0000000000
20134  -4.565  19.888  23.660 0.0000000000
20135  -4.885  18.100  24.213 0.0000000000
20136  -6.021  16.913  23.868 0.0000000000
20137  -5.296  16.405  24.903 0.0000000000
20138  -5.786  14.792  25.465 0.0000000000
20139  -4.521  15.939  25.776 0.0000000000
20140  -4.802  16.557  29.035 0.0000000000
20141  -3.996  15.411  28.131 0.0000000000
20142  -4.324  15.038  29.385 0.0000000000
20143  -4.049  13.309  29.569 0.0000000000
20144  -4.815  14.421  30.489 0.0000000000
20145  -9.811  17.484  28.977 0.0000000000
20146  -8.442  17.442  29.106 0.0000000000
20147  -9.061  16.335  29.804 0.0000000000
20148  -8.171  13.073  32.162 0.0000000000
20149  -7.630  14.120  31.426 0.0000000000
20150  -6.935  13.005  32.189 0.0000000000
20151  -5.823  12.790  32.211 0.0000000000
20152  -6.353  11.818  32.922 0.0000000000
20153  -5.812  10.637  33.529 0.0000000000
20154  -6.924  10.832  33.552 0.0000000000
20155  -9.233  8.853  34.693 0.0000000000
20156  -8.099  8.746  34.640 0.0000000000
20157  -8.701  7.631  35.153 0.0000000000
20158  -8.238  6.458  35.589 0.0000000000
20159  -9.292  6.679  35.679 0.0000000000
20181  -10.265  4.829  37.199 0.0000000000
20182  -10.650  3.960  38.107 0.0000000000
20183  -10.423  2.696  38.145 0.0000000000
23588  -5.821  6.064  35.956 0.0000000000
23589  -4.883  5.405  35.943 0.0000000000
23590  -5.393  4.481  36.562 0.0000000000
26126  -5.067  10.612  27.982 0.0000000000
26127  -6.072  9.361  27.904 0.0000000000
26128  -5.263  8.876  28.611 0.0000000000
26129  -5.473  7.166  29.211 0.0000000000
26130  -5.484  5.546  29.732 0.0000000000
27009  -5.658  28.394  14.813 0.0000000000
27017  -5.978  21.471  20.268 0.0000000000
27045  -9.892  34.925  17.643 0.0000000000
27046  -8.497  35.079  17.609 0.0000000000
27047  -9.397  33.863  18.589 0.0000000000
27048  -8.790  32.840  19.625 0.0000000000
27049  -8.063  31.670  20.649 0.0000000000
27050  -9.503  25.133  24.321 0.0000000000
27051  -8.531  26.479  23.708 0.0000000000
27052  -7.986  25.020  24.495 0.0000000000
27053  -6.464  24.770  24.786 0.0000000000
27054  -5.164  24.236  24.770 0.0000000000
27055  -4.448  23.178  24.194 0.0000000000
27056  -4.843  22.557  25.493 0.0000000000
27057  -4.523  20.878  26.044 0.0000000000
27058  -4.275  19.134  26.522 0.0000000000
27059  -3.975  17.393  26.717 0.0000000000
27060  -4.752  18.650  27.638 0.0000000000
27061  -5.348  18.010  28.538 0.0000000000
27062  -5.903  17.176  29.336 0.0000000000
27063  -10.872  15.431  30.700 0.0000000000
27064  -9.661  15.275  30.546 0.0000000000
27065  -10.156  14.304  31.412 0.0000000000
27066  -9.417  13.165  32.181 0.0000000000
27067  -8.707  12.010  32.857 0.0000000000
27068  -8.075  10.907  33.472 0.0000000000
27069  -9.237  11.040  33.511 0.0000000000
27070  -9.707  10.074  34.251 0.0000000000
27071  -10.126  9.181  35.060 0.0000000000
30080  -4.361  9.044  32.319 0.0000000000
30081  -4.039  7.612  31.344 0.0000000000
30082  -4.285  7.250  32.654 0.0000000000
30083  -4.172  5.506  33.058 0.0000000000
30084  -4.029  3.776  33.461 0.0000000000
30085  -4.437  4.440  35.435 0.0000000000
30769  -5.948  31.944  13.114 0.0000000000
30770  -5.754  30.197  13.945 0.0000000000
30771  -5.735  29.901  15.129 0.0000000000
30772  -5.537  29.535  16.304 0.0000000000
30773  -5.240  29.192  17.469 0.0000000000
30802  -10.809  25.417  24.516 0.0000000000
30803  -10.413  23.864  25.066 0.0000000000
30804  -9.870  22.311  25.836 0.0000000000
30805  -9.143  20.794  26.779 0.0000000000
30806  -8.461  19.647  27.636 0.0000000000
30807  -9.878  19.751  27.468 0.0000000000
30808  -10.502  18.684  28.284 0.0000000000
30809  -11.065  17.672  29.142 0.0000000000
30811  -12.078  18.105  29.686 0.0000000000
30812  -11.525  16.702  30.088 0.0000000000
30813  -11.833  15.756  31.152 0.0000000000
30814  -12.058  14.886  32.255 0.0000000000
32558  -8.347  1.937  37.398 0.0000000000
35599  -6.458  8.086  27.701 0.0000000000
35605  -3.964  6.267  30.643 0.0000000000
35606  -4.589  5.051  30.301 0.0000000000
35607  -5.542  3.915  30.248 0.0000000000
35609  -5.544  2.256  30.713 0.0000000000
35610  -6.174  2.716  30.095 0.0000000000
37452  -6.957  35.411  17.737 0.0000000000
37453  -5.455  35.339  17.731 0.0000000000
37454  -4.811  34.324  17.070 0.0000000000
37455  -4.775  32.489  17.748 0.0000000000
37456  -4.807  30.622  18.340 0.0000000000
37457  -4.906  28.659  18.906 0.0000000000
37458  -10.285  30.574  21.561 0.0000000000
37459  -8.862  30.390  21.444 0.0000000000
37460  -7.241  30.347  21.582 0.0000000000
37461  -7.543  27.758  23.130 0.0000000000
37462  -6.547  29.010  22.425 0.0000000000
37463  -5.715  30.121  21.615 0.0000000000
37464  -4.838  29.405  21.178 0.0000000000
37465  -4.668  28.127  20.292 0.0000000000
37466  -4.982  26.655  19.470 0.0000000000
37467  -5.169  24.719  20.094 0.0000000000
37468  -5.484  22.783  20.755 0.0000000000
37469  -5.795  20.955  21.409 0.0000000000
37470  -4.434  21.709  23.181 0.0000000000
37471  -5.286  20.403  22.485 0.0000000000
37472  -6.057  19.144  22.060 0.0000000000
37473  -6.223  17.405  22.749 0.0000000000
37474  -6.324  15.635  23.418 0.0000000000
37475  -6.315  13.925  24.147 0.0000000000
37476  -6.419  13.534  25.039 0.0000000000
37477  -6.183  13.154  25.953 0.0000000000
37478  -5.464  12.651  26.788 0.0000000000
37479  -4.007  15.641  26.892 0.0000000000
37480  -4.242  13.929  27.122 0.0000000000
37481  -4.610  12.240  27.517 0.0000000000
37482  -4.061  11.832  28.464 0.0000000000
37483  -3.972  11.516  29.690 0.0000000000
37484  -4.243  11.175  30.995 0.0000000000
37485  -7.761  18.558  28.473 0.0000000000
37486  -7.084  17.373  29.294 0.0000000000
37487  -6.466  16.239  30.041 0.0000000000
37488  -8.341  15.233  30.615 0.0000000000
37489  -7.088  15.170  30.741 0.0000000000
37490  -5.933  14.941  30.780 0.0000000000
37491  -5.343  13.686  31.390 0.0000000000
37492  -4.864  12.244  31.899 0.0000000000
37493  -4.591  10.710  32.166 0.0000000000
37494  -4.919  10.097  33.209 0.0000000000
37495  -5.306  9.339  34.119 0.0000000000
37496  -5.785  8.459  34.805 0.0000000000
37497  -7.512  9.813  34.111 0.0000000000
37498  -6.942  8.655  34.746 0.0000000000
37499  -6.387  7.399  35.351 0.0000000000
37500  -7.056  6.296  35.749 0.0000000000
37501  -7.674  5.222  36.132 0.0000000000
37502  -8.340  4.215  36.512 0.0000000000
37520  -11.869  11.943  34.948 0.0000000000
37521  -11.431  10.712  35.377 0.0000000000
37522  -10.944  9.536  35.727 0.0000000000
37523  -10.500  8.259  35.988 0.0000000000
37525  -10.773  7.400  36.964 0.0000000000
37526  -10.175  6.975  36.192 0.0000000000
37527  -9.799  5.709  36.400 0.0000000000
37528  -9.452  4.480  36.683 0.0000000000
37529  -8.987  3.201  36.982 0.0000000000
37530  -9.535  2.285  37.533 0.0000000000
41264  -7.434  3.427  36.802 0.0000000000
41265  -6.891  3.141  37.014 0.0000000000
41266  -7.215  2.659  37.139 0.0000000000
42674  -4.014  9.596  30.393 0.0000000000
42675  -4.006  8.891  29.976 0.0000000000
42676  -3.963  8.714  30.546 0.0000000000
43165  -5.515  27.436  17.609 0.0000000000
43166  -5.728  26.703  17.424 0.0000000000
43167  -5.627  26.474  17.966 0.0000000000
43168  -5.721  25.509  18.358 0.0000000000
43169  -5.503  26.229  18.512 0.0000000000
43188  -7.990  21.421  26.525 0.0000000000
43189  -7.558  22.083  26.174 0.0000000000
43190  -7.252  21.386  26.685 0.0000000000
43191  -6.571  21.318  26.793 0.0000000000
43192  -7.010  20.699  27.198 0.0000000000
43193  -6.690  20.114  27.595 0.0000000000
43194  -7.373  20.178  27.497 0.0000000000
43195  -11.663  13.144  33.276 0.0000000000
43196  -11.262  12.957  33.015 0.0000000000
43197  -11.395  12.536  33.519 0.0000000000
43198  -11.080  11.961  33.793 0.0000000000
43199  -11.518  12.133  34.038 0.0000000000
45074  -5.050  7.514  34.976 0.0000000000
45075  -4.766  7.062  34.806 0.0000000000
45076  -4.916  6.711  35.257 0.0000000000
45566  -5.095  34.202  14.482 0.0000000000
45567  -5.012  34.018  15.145 0.0000000000
45568  -5.166  33.073  15.510 0.0000000000
45569  -4.913  33.848  15.819 0.0000000000
49304  -6.207  11.271  26.839 0.0000000000
49305  -6.417  10.611  26.740 0.0000000000
49306  -6.256  10.429  27.193 0.0000000000
49307  -6.191  5.181  29.334 0.0000000000
49308  -6.345  5.418  28.941 0.0000000000
49309  -6.341  4.602  29.210 0.0000000000
49311  -6.332  3.793  29.481 0.0000000000
49312  -3.817  3.356  32.390 0.0000000000
49313  -3.772  3.562  31.780 0.0000000000
50785  -5.963  19.922  20.521 0.0000000000
50789  -6.091  18.744  21.302 0.0000000000
50838  -6.753  32.313  20.322 0.0000000000
50839  -6.272  32.939  19.886 0.0000000000
50840  -5.847  32.252  20.368 0.0000000000
50841  -5.215  31.999  20.210 0.0000000000
50842  -5.539  31.506  20.746 0.0000000000
50843  -10.195  27.325  23.396 0.0000000000
50844  -9.788  27.902  22.995 0.0000000000
50845  -9.499  27.239  23.284 0.0000000000
50846  -5.066  25.493  23.891 0.0000000000
50847  -5.254  26.367  23.548 0.0000000000
50848  -4.820  25.893  23.307 0.0000000000
50849  -4.610  26.252  22.689 0.0000000000
50850  -4.511  25.337  22.993 0.0000000000
50851  -4.396  24.619  22.516 0.0000000000
50852  -4.448  24.412  23.251 0.0000000000
50853  -4.140  18.543  25.207 0.0000000000
50854  -4.339  18.725  24.468 0.0000000000
50855  -4.438  17.843  24.733 0.0000000000
50856  -5.075  17.255  24.550 0.0000000000
50857  -4.575  16.955  25.061 0.0000000000
50858  -4.878  16.143  25.308 0.0000000000
50859  -4.279  16.764  25.605 0.0000000000
50860  -5.067  16.244  29.530 0.0000000000
50861  -4.554  15.814  29.227 0.0000000000
50862  -4.818  15.516  29.763 0.0000000000
50863  -4.580  14.736  29.952 0.0000000000
50864  -5.096  15.144  30.242 0.0000000000
50865  -10.110  16.938  29.388 0.0000000000
50866  -9.425  16.911  29.379 0.0000000000
50867  -9.737  16.384  29.773 0.0000000000
50868  -7.828  12.518  32.504 0.0000000000
50869  -7.539  13.037  32.156 0.0000000000
50870  -7.215  12.486  32.521 0.0000000000
50871  -6.627  12.412  32.567 0.0000000000
50872  -6.932  11.884  32.897 0.0000000000
50873  -6.634  11.327  33.236 0.0000000000
50874  -7.217  11.377  33.212 0.0000000000
50875  -9.471  8.405  35.041 0.0000000000
50876  -8.970  8.240  34.928 0.0000000000
50877  -9.254  7.755  35.225 0.0000000000
50878  -8.988  7.133  35.417 0.0000000000
50879  -9.528  7.292  35.511 0.0000000000
50901  -10.712  4.635  38.085 0.0000000000
54674  -6.146  5.549  36.157 0.0000000000
54675  -5.605  5.281  36.271 0.0000000000
54676  -5.920  4.767  36.486 0.0000000000
54677  -5.786  2.645  37.375 0.0000000000
54678  -5.433  3.215  37.175 0.0000000000
58904  -4.660  10.334  28.360 0.0000000000
58905  -5.202  9.732  28.299 0.0000000000
58906  -4.760  9.461  28.648 0.0000000000
58907  -4.503  7.525  29.530 0.0000000000
58908  -4.931  7.746  29.222 0.0000000000
58909  -4.994  6.926  29.483 0.0000000000
58910  -5.518  6.362  29.458 0.0000000000
58911  -5.001  6.117  29.743 0.0000000000
60375  -5.746  28.223  15.335 0.0000000000
60385  -5.826  23.600  19.079 0.0000000000
60386  -5.882  22.911  18.968 0.0000000000
60387  -5.899  22.679  19.445 0.0000000000
60388  -5.953  21.762  19.800 0.0000000000
60389  -5.900  22.406  19.921 0.0000000000
60435  -10.308  34.363  18.220 0.0000000000
60436  -9.657  34.370  18.087 0.0000000000
60437  -10.081  33.816  18.660 0.0000000000
60438  -9.926  32.277  20.129 0.0000000000
60439  -9.528  32.808  19.618 0.0000000000
60440  -9.200  32.261  20.102 0.0000000000
60441  -8.440  32.256  20.145 0.0000000000
60442  -8.845  31.661  20.582 0.0000000000
60443  -9.237  24.394  24.670 0.0000000000
60444  -8.748  25.091  24.356 0.0000000000
60445  -8.472  24.321  24.760 0.0000000000
60446  -6.640  23.327  25.568 0.0000000000
60447  -6.917  24.110  25.110 0.0000000000
60448  -6.182  23.953  25.210 0.0000000000
60449  -5.763  24.563  24.839 0.0000000000
60450  -5.536  23.739  25.244 0.0000000000
60451  -5.001  23.401  25.140 0.0000000000
60452  -5.347  22.919  25.656 0.0000000000
60453  -5.339  20.882  26.828 0.0000000000
60454  -4.979  21.321  26.359 0.0000000000
60455  -4.825  20.525  26.650 0.0000000000
60456  -4.401  20.032  26.300 0.0000000000
60457  -4.686  19.723  26.940 0.0000000000
60458  -4.497  18.922  27.113 0.0000000000
60459  -4.980  19.414  27.413 0.0000000000
60460  -6.119  18.883  28.319 0.0000000000
60461  -5.580  18.692  28.254 0.0000000000
60462  -5.893  18.282  28.627 0.0000000000
60463  -5.645  17.642  28.939 0.0000000000
60464  -6.170  17.782  29.006 0.0000000000
60465  -11.064  14.945  31.180 0.0000000000
60466  -10.510  14.870  31.030 0.0000000000
60467  -10.732  14.364  31.509 0.0000000000
60468  -10.230  12.783  32.683 0.0000000000
60469  -10.017  13.267  32.240 0.0000000000
60470  -9.678  12.681  32.582 0.0000000000
60471  -9.049  12.582  32.536 0.0000000000
60472  -9.318  12.084  32.900 0.0000000000
60473  -8.972  11.508  33.193 0.0000000000
60474  -9.558  11.595  33.263 0.0000000000
60475  -10.481  10.826  34.251 0.0000000000
60476  -9.989  10.676  34.040 0.0000000000
60477  -10.199  10.268  34.445 0.0000000000
60478  -9.937  9.661  34.631 0.0000000000
60479  -10.389  9.783  34.905 0.0000000000
66104  -4.504  8.803  32.890 0.0000000000
66105  -4.336  8.125  32.426 0.0000000000
66106  -4.449  7.906  33.058 0.0000000000
66107  -4.444  5.922  34.107 0.0000000000
66108  -4.344  6.158  33.497 0.0000000000
66109  -4.282  5.257  33.671 0.0000000000
66110  -4.103  4.631  33.243 0.0000000000
66111  -4.204  4.399  33.867 0.0000000000
66112  -4.729  4.554  36.170 0.0000000000
66113  -4.590  4.957  35.736 0.0000000000
66114  -4.474  4.077  35.948 0.0000000000
67578  -5.739  32.591  13.936 0.0000000000
67579  -5.864  32.725  13.321 0.0000000000
67580  -5.906  31.835  13.728 0.0000000000
67581  -5.863  31.092  13.522 0.0000000000
67582  -5.863  30.960  14.129 0.0000000000
67583  -5.770  30.057  14.529 0.0000000000
67584  -5.750  30.813  14.741 0.0000000000
67585  -5.327  31.258  16.249 0.0000000000
67586  -5.513  30.499  15.967 0.0000000000
67587  -5.358  30.298  16.565 0.0000000000
67588  -5.401  29.343  16.890 0.0000000000
67589  -5.203  30.129  17.161 0.0000000000
67651  -10.644  24.614  24.782 0.0000000000
67652  -11.040  24.022  25.244 0.0000000000
67653  -10.939  21.797  26.388 0.0000000000
67654  -10.578  22.429  25.899 0.0000000000
67655  -10.253  21.643  26.289 0.0000000000
67656  -9.504  21.519  26.297 0.0000000000
67657  -9.903  20.890  26.724 0.0000000000
67658  -9.516  20.272  27.120 0.0000000000
67659  -10.247  20.365  27.093 0.0000000000
67660  -11.491  19.525  28.122 0.0000000000
67661  -10.872  19.336  27.956 0.0000000000
67662  -11.153  18.852  28.367 0.0000000000
67663  -10.803  18.184  28.677 0.0000000000
67664  -11.395  18.359  28.856 0.0000000000
67671  -11.829  17.383  29.877 0.0000000000
67672  -11.961  16.913  30.412 0.0000000000
67673  -11.693  16.217  30.615 0.0000000000
78802  -6.096  8.508  28.228 0.0000000000
78803  -6.341  8.737  27.814 0.0000000000
78804  -6.363  7.877  28.117 0.0000000000
78817  -3.995  6.781  31.582 0.0000000000
78818  -3.893  6.903  30.944 0.0000000000
78819  -3.853  6.056  31.172 0.0000000000
78820  -4.178  3.968  30.847 0.0000000000
78821  -4.221  4.817  30.623 0.0000000000
78822  -4.609  4.233  30.532 0.0000000000
78823  -5.062  4.474  30.259 0.0000000000
78824  -5.065  3.680  30.493 0.0000000000
78831  -5.893  2.477  30.426 0.0000000000
78832  -6.169  1.882  30.341 0.0000000000
83393  -8.198  34.591  18.151 0.0000000000
83394  -7.734  35.229  17.653 0.0000000000
83395  -7.448  34.748  18.181 0.0000000000
83396  -5.519  34.084  18.809 0.0000000000
83397  -5.837  34.827  18.306 0.0000000000
83398  -5.212  34.552  18.195 0.0000000000
83399  -5.006  34.912  17.451 0.0000000000
83400  -4.873  34.028  17.834 0.0000000000
83401  -4.786  33.402  17.410 0.0000000000
83402  -4.774  33.147  18.179 0.0000000000
83403  -4.663  31.078  19.540 0.0000000000
83404  -4.660  31.323  18.833 0.0000000000
83405  -4.706  30.361  19.092 0.0000000000
83406  -4.864  29.641  18.633 0.0000000000
83407  -4.739  29.381  19.349 0.0000000000
83410  -10.650  29.977  22.080 0.0000000000
83411  -8.928  29.123  22.204 0.0000000000
83412  -9.272  29.765  21.840 0.0000000000
83413  -8.487  29.750  21.845 0.0000000000
83414  -8.057  30.384  21.479 0.0000000000
83415  -7.663  29.740  21.908 0.0000000000
83416  -7.755  26.426  23.827 0.0000000000
83417  -8.036  27.118  23.422 0.0000000000
83418  -7.265  27.074  23.531 0.0000000000
83419  -5.659  28.026  22.787 0.0000000000
83420  -6.303  28.278  22.823 0.0000000000
83421  -5.860  28.824  22.418 0.0000000000
83422  -6.114  29.571  22.046 0.0000000000
83423  -5.458  29.337  22.008 0.0000000000
83424  -5.142  29.822  21.494 0.0000000000
83425  -5.021  28.954  21.801 0.0000000000
83426  -4.580  26.879  21.268 0.0000000000
83427  -4.655  27.855  21.003 0.0000000000
83428  -4.627  27.111  20.545 0.0000000000
83429  -4.752  27.371  19.834 0.0000000000
83430  -4.755  26.386  20.130 0.0000000000
83431  -5.050  25.705  19.776 0.0000000000
83432  -4.819  25.402  20.412 0.0000000000
83433  -4.801  23.195  21.623 0.0000000000
83434  -5.073  23.419  21.047 0.0000000000
83435  -5.231  22.486  21.319 0.0000000000
83436  -5.638  21.860  21.078 0.0000000000
83437  -5.424  21.569  21.649 0.0000000000
83438  -4.325  22.279  24.429 0.0000000000
83439  -4.295  22.493  23.668 0.0000000000
83440  -4.215  21.550  23.867 0.0000000000
83441  -5.120  19.233  23.353 0.0000000000
83442  -4.939  20.110  23.056 0.0000000000
83443  -5.515  19.476  22.796 0.0000000000
83444  -5.767  19.782  22.273 0.0000000000
83445  -5.924  18.897  22.630 0.0000000000
83446  -6.143  18.286  22.404 0.0000000000
83447  -6.052  18.042  22.974 0.0000000000
83448  -6.131  16.034  24.237 0.0000000000
83449  -6.275  16.295  23.642 0.0000000000
83450  -6.346  15.423  23.966 0.0000000000
83451  -6.315  14.792  23.761 0.0000000000
83452  -6.399  14.528  24.303 0.0000000000
83453  -6.442  13.646  24.584 0.0000000000
83454  -6.352  14.379  24.792 0.0000000000
83455  -5.370  14.573  25.855 0.0000000000
83456  -6.003  13.977  25.720 0.0000000000
83457  -5.642  13.746  26.112 0.0000000000
83458  -5.842  12.924  26.374 0.0000000000
83459  -5.245  13.494  26.508 0.0000000000
83460  -4.117  17.253  27.340 0.0000000000
83461  -3.940  16.520  26.781 0.0000000000
83462  -4.001  16.396  27.424 0.0000000000
83463  -3.948  14.522  28.184 0.0000000000
83464  -3.953  14.631  27.535 0.0000000000
83465  -3.993  13.741  27.646 0.0000000000
83466  -4.403  13.092  27.319 0.0000000000
83467  -4.087  12.861  27.781 0.0000000000
83468  -4.248  11.988  27.923 0.0000000000
83469  -3.986  12.708  28.355 0.0000000000
83470  -4.233  13.092  30.192 0.0000000000
83471  -3.996  12.407  29.641 0.0000000000
83472  -4.122  12.219  30.276 0.0000000000
83473  -4.058  11.345  30.325 0.0000000000
83474  -4.283  12.062  30.885 0.0000000000
83475  -8.828  19.118  27.930 0.0000000000
83476  -8.104  19.116  28.050 0.0000000000
83477  -8.453  18.567  28.349 0.0000000000
83478  -8.100  16.880  29.522 0.0000000000
83479  -7.795  17.445  29.182 0.0000000000
83480  -7.409  16.867  29.601 0.0000000000
83481  -6.762  16.790  29.677 0.0000000000
83482  -7.072  16.285  30.006 0.0000000000
83483  -9.289  14.717  30.941 0.0000000000
83484  -9.004  15.236  30.579 0.0000000000
83485  -8.625  14.694  30.981 0.0000000000
83486  -7.047  14.070  31.461 0.0000000000
83487  -7.372  14.654  31.066 0.0000000000
83488  -6.788  14.579  31.130 0.0000000000
83489  -6.508  15.073  30.787 0.0000000000
83490  -6.211  14.474  31.143 0.0000000000
83491  -5.627  14.332  31.095 0.0000000000
83492  -5.895  13.872  31.486 0.0000000000
83493  -5.564  12.158  32.530 0.0000000000
83494  -5.304  12.608  32.119 0.0000000000
83495  -5.089  11.911  32.373 0.0000000000
83496  -4.727  11.506  32.072 0.0000000000
83497  -4.914  11.178  32.568 0.0000000000
83498  -4.755  10.419  32.681 0.0000000000
83499  -5.112  10.814  33.012 0.0000000000
83500  -6.078  10.183  33.865 0.0000000000
83501  -5.558  9.996  33.828 0.0000000000
83502  -5.808  9.548  34.206 0.0000000000
83503  -5.522  8.919  34.498 0.0000000000
83504  -6.077  9.075  34.526 0.0000000000
83505  -8.371  10.408  33.761 0.0000000000
83506  -7.800  10.354  33.783 0.0000000000
83507  -8.100  9.858  34.065 0.0000000000
83508  -7.805  8.157  34.916 0.0000000000
83509  -7.489  8.718  34.695 0.0000000000
83510  -7.242  8.102  34.983 0.0000000000
83511  -6.681  8.059  35.058 0.0000000000
83512  -6.989  7.480  35.268 0.0000000000
83513  -6.707  6.836  35.557 0.0000000000
83514  -7.325  6.911  35.458 0.0000000000
83515  -8.547  5.961  35.792 0.0000000000
83516  -7.970  5.857  35.857 0.0000000000
83517  -8.267  5.363  36.060 0.0000000000
83518  -8.007  4.723  36.300 0.0000000000
83519  -8.593  4.860  36.298 0.0000000000
83566  -11.656  11.320  35.167 0.0000000000
83569  -11.240  9.740  36.114 0.0000000000
83570  -11.019  9.149  36.270 0.0000000000
83571  -10.702  8.899  35.860 0.0000000000
83572  -10.820  8.498  36.377 0.0000000000
83576  -10.740  6.319  37.502 0.0000000000
83577  -10.824  6.983  37.475 0.0000000000
83578  -10.646  6.733  37.010 0.0000000000
83579  -10.529  7.204  36.540 0.0000000000
83580  -10.388  6.529  36.614 0.0000000000
83581  -9.985  6.345  36.278 0.0000000000
83582  -10.217  5.903  36.673 0.0000000000
83583  -10.124  4.182  37.300 0.0000000000
83584  -9.893  4.643  36.905 0.0000000000
83585  -9.697  4.001  37.036 0.0000000000
83586  -9.209  3.837  36.839 0.0000000000
83587  -9.497  3.346  37.148 0.0000000000
83588  -9.265  2.731  37.247 0.0000000000
83589  -9.761  2.856  37.466 0.0000000000
83591  -10.277  2.088  38.172 0.0000000000
92708  -6.778  4.465  36.506 0.0000000000
92709  -6.251  4.230  36.669 0.0000000000
92710  -6.566  3.692  36.849 0.0000000000
92711  -6.340  2.891  37.217 0.0000000000
95246  -4.072  9.959  29.227 0.0000000000
95247  -4.368  9.236  29.024 0.0000000000
95248  -4.112  9.075  29.454 0.0000000000
95249  -4.138  8.186  29.661 0.0000000000
95250  -4.166  7.340  29.889 0.0000000000
96129  -5.731  27.876  16.467 0.0000000000
96130  -5.748  27.109  16.321 0.0000000000
96131  -5.766  26.915  16.853 0.0000000000
96132  -5.803  25.992  17.241 0.0000000000
96133  -5.828  25.054  17.638 0.0000000000
96134  -5.789  24.102  18.069 0.0000000000
96135  -5.834  24.811  18.189 0.0000000000
96136  -5.768  24.546  18.716 0.0000000000
96137  -5.706  24.260  19.268 0.0000000000
96166  -10.475  33.333  19.234 0.0000000000
96168  -10.585  32.330  20.240 0.0000000000
96169  -10.292  31.729  20.679 0.0000000000
96170  -8.631  22.875  25.515 0.0000000000
96171  -8.154  23.557  25.206 0.0000000000
96172  -7.854  22.812  25.676 0.0000000000
96173  -7.107  22.731  25.878 0.0000000000
96174  -6.379  22.576  26.017 0.0000000000
96175  -5.727  22.380  26.073 0.0000000000
96176  -6.119  21.858  26.440 0.0000000000
96177  -5.924  21.143  26.871 0.0000000000
96178  -5.723  20.408  27.271 0.0000000000
96179  -5.492  19.755  27.575 0.0000000000
96180  -6.046  19.986  27.637 0.0000000000
96181  -6.394  19.503  27.971 0.0000000000
96182  -6.733  18.993  28.313 0.0000000000
96183  -11.422  14.002  32.238 0.0000000000
96184  -10.941  13.883  32.030 0.0000000000
96185  -11.108  13.415  32.528 0.0000000000
96186  -10.759  12.858  32.836 0.0000000000
96187  -10.397  12.308  33.142 0.0000000000
96188  -10.085  11.731  33.400 0.0000000000
96189  -10.581  11.838  33.591 0.0000000000
96190  -10.773  11.387  34.034 0.0000000000
96191  -10.959  10.980  34.467 0.0000000000
99566  -4.744  8.254  34.018 0.0000000000
99567  -4.550  7.699  33.667 0.0000000000
99568  -4.654  7.388  34.241 0.0000000000
99569  -4.577  6.522  34.497 0.0000000000
99570  -4.498  5.620  34.665 0.0000000000
100451  -5.241  34.316  13.809 0.0000000000
100452  -5.449  33.380  14.188 0.0000000000
100453  -5.590  32.470  14.574 0.0000000000
100454  -5.654  31.577  14.973 0.0000000000
100455  -5.450  32.317  15.246 0.0000000000
100456  -5.280  32.149  15.880 0.0000000000
100457  -5.089  31.975  16.516 0.0000000000
100495  -11.413  23.425  25.758 0.0000000000
100496  -11.761  22.840  26.314 0.0000000000
100497  -11.558  22.011  26.583 0.0000000000
100498  -11.298  21.171  26.897 0.0000000000
100499  -10.949  20.501  27.176 0.0000000000
100500  -11.554  20.710  27.403 0.0000000000
107180  -6.524  11.668  25.992 0.0000000000
107185  -6.165  6.815  28.788 0.0000000000
107186  -6.349  7.041  28.386 0.0000000000
107187  -6.344  6.237  28.673 0.0000000000
107188  -6.377  5.599  28.543 0.0000000000
107194  -3.889  5.061  31.993 0.0000000000
107195  -3.814  5.228  31.355 0.0000000000
107196  -3.782  4.407  31.591 0.0000000000
107197  -3.937  3.743  31.290 0.0000000000
107198  -4.201  3.121  31.065 0.0000000000
109940  -7.523  33.561  19.264 0.0000000000
109941  -7.061  34.205  18.798 0.0000000000
109942  -6.682  33.590  19.362 0.0000000000
109943  -5.869  33.538  19.397 0.0000000000
109944  -5.211  33.288  19.244 0.0000000000
109945  -4.780  32.860  18.946 0.0000000000
109946  -4.945  32.469  19.593 0.0000000000
109947  -4.816  31.598  19.933 0.0000000000
109948  -4.775  30.731  20.228 0.0000000000
109950  -10.381  29.255  22.374 0.0000000000
109951  -10.085  28.593  22.689 0.0000000000
109952  -9.375  28.504  22.579 0.0000000000
109953  -8.561  28.471  22.631 0.0000000000
109954  -6.225  26.228  24.044 0.0000000000
109955  -6.506  26.977  23.634 0.0000000000
109956  -5.809  26.725  23.674 0.0000000000
109957  -5.468  27.203  23.180 0.0000000000
109958  -5.152  27.661  22.641 0.0000000000
109959  -4.913  28.081  22.072 0.0000000000
109960  -4.800  27.204  22.375 0.0000000000
109961  -4.588  26.590  21.966 0.0000000000
109962  -4.511  25.853  21.516 0.0000000000
109963  -4.587  25.123  21.084 0.0000000000
109964  -4.472  24.865  21.774 0.0000000000
109965  -4.511  23.893  22.034 0.0000000000
109966  -4.616  22.921  22.290 0.0000000000
109967  -4.163  20.420  24.823 0.0000000000
109968  -4.197  20.624  24.074 0.0000000000
109969  -4.247  19.671  24.267 0.0000000000
109970  -4.735  18.979  23.903 0.0000000000
109971  -5.310  18.363  23.677 0.0000000000
109972  -5.871  17.781  23.506 0.0000000000
109973  -5.494  17.503  24.030 0.0000000000
109974  -5.688  16.667  24.397 0.0000000000
109975  -5.870  15.815  24.749 0.0000000000
109976  -6.055  15.011  25.007 0.0000000000
109977  -5.581  15.584  25.180 0.0000000000
109978  -5.145  15.357  25.574 0.0000000000
109979  -4.731  15.137  26.018 0.0000000000
109980  -4.535  16.841  28.524 0.0000000000
109981  -4.096  16.272  28.073 0.0000000000
109982  -4.331  16.045  28.663 0.0000000000
109983  -4.154  15.233  28.755 0.0000000000
109984  -4.030  14.359  28.832 0.0000000000
109985  -3.955  13.463  28.905 0.0000000000
109986  -4.144  14.211  29.493 0.0000000000
109987  -4.385  13.929  30.094 0.0000000000
109988  -4.614  13.667  30.662 0.0000000000
109989  -9.478  18.031  28.616 0.0000000000
109990  -8.779  18.011  28.683 0.0000000000
109991  -9.113  17.454  29.031 0.0000000000
109992  -8.753  16.879  29.454 0.0000000000
109993  -8.411  16.322  29.868 0.0000000000
109994  -8.533  13.639  31.748 0.0000000000
109995  -8.251  14.155  31.398 0.0000000000
109996  -7.885  13.579  31.794 0.0000000000
109997  -7.292  13.552  31.811 0.0000000000
109998  -6.697  13.495  31.848 0.0000000000
109999  -6.112  13.402  31.869 0.0000000000
110000  -6.349  12.914  32.228 0.0000000000
110001  -6.085  12.307  32.588 0.0000000000
110002  -5.804  11.706  32.921 0.0000000000
110003  -5.541  11.079  33.217 0.0000000000
110004  -6.059  11.256  33.236 0.0000000000
110005  -6.350  10.769  33.554 0.0000000000
110006  -6.630  10.276  33.881 0.0000000000
110007  -8.962  9.387  34.382 0.0000000000
110008  -8.409  9.326  34.360 0.0000000000
110009  -8.691  8.787  34.640 0.0000000000
110010  -8.382  8.196  34.877 0.0000000000
110011  -8.166  7.600  35.107 0.0000000000
110012  -7.936  6.995  35.371 0.0000000000
110013  -8.451  7.036  35.365 0.0000000000
110014  -8.758  6.537  35.602 0.0000000000
110015  -9.077  6.096  35.851 0.0000000000
110052  -10.659  5.672  37.547 0.0000000000
110053  -10.397  5.472  37.119 0.0000000000
110054  -10.574  5.032  37.592 0.0000000000
110055  -10.479  4.384  37.632 0.0000000000
110056  -10.383  3.755  37.708 0.0000000000
110057  -10.207  3.100  37.754 0.0000000000
110058  -10.560  3.330  38.123 0.0000000000
116480  -5.505  6.595  35.726 0.0000000000
116481  -5.093  6.267  35.666 0.0000000000
116482  -5.297  5.781  36.049 0.0000000000
116483  -5.095  4.982  36.316 0.0000000000
116484  -4.912  4.168  36.566 0.0000000000
116485  -5.683  3.969  36.822 0.0000000000
116486  -5.184  3.684  36.871 0.0000000000
116487  -4.774  3.325  36.833 0.0000000000
122402  -5.489  10.847  27.644 0.0000000000
122403  -5.980  10.220  27.595 0.0000000000
122404  -5.613  9.985  27.954 0.0000000000
122405  -5.696  9.123  28.270 0.0000000000
122406  -5.739  8.270  28.584 0.0000000000
122407  -4.819  8.611  28.937 0.0000000000
122408  -5.369  8.010  28.926 0.0000000000
122409  -5.833  7.396  28.873 0.0000000000
122410  -5.869  6.587  29.142 0.0000000000
122411  -5.876  5.773  29.412 0.0000000000
122412  -5.875  4.957  29.672 0.0000000000
124476  -5.790  23.167  18.497 0.0000000000
124480  -5.964  20.852  20.167 0.0000000000
124481  -6.034  20.588  20.620 0.0000000000
124547  -9.227  34.977  17.587 0.0000000000
124548  -8.946  34.458  18.095 0.0000000000
124549  -8.664  33.965  18.637 0.0000000000
124550  -9.809  33.298  19.137 0.0000000000
124551  -9.107  33.361  19.110 0.0000000000
124552  -8.336  33.463  19.174 0.0000000000
124553  -7.989  32.912  19.700 0.0000000000
124554  -7.618  32.312  20.226 0.0000000000
124555  -7.211  31.678  20.731 0.0000000000
124556  -9.748  25.885  23.992 0.0000000000
124557  -9.269  26.540  23.622 0.0000000000
124558  -9.044  25.819  23.989 0.0000000000
124559  -8.264  25.794  24.081 0.0000000000
124560  -7.458  25.705  24.244 0.0000000000
124561  -7.695  24.218  24.946 0.0000000000
124562  -7.207  24.909  24.665 0.0000000000
124563  -6.712  25.573  24.375 0.0000000000
124564  -6.014  25.385  24.450 0.0000000000
124565  -5.383  25.060  24.420 0.0000000000
124566  -4.893  24.628  24.240 0.0000000000
124567  -4.565  24.100  23.957 0.0000000000
124568  -4.744  23.764  24.572 0.0000000000
124569  -4.603  22.890  24.863 0.0000000000
124570  -4.458  22.047  25.152 0.0000000000
124571  -5.154  22.093  26.046 0.0000000000
124572  -4.679  21.715  25.792 0.0000000000
124573  -4.332  21.132  25.353 0.0000000000
124574  -4.230  20.232  25.576 0.0000000000
124575  -4.148  19.316  25.771 0.0000000000
124576  -4.076  18.360  25.957 0.0000000000
124577  -3.998  17.473  26.060 0.0000000000
124578  -4.096  18.276  26.632 0.0000000000
124579  -4.291  18.092  27.251 0.0000000000
124580  -4.510  17.875  27.819 0.0000000000
124581  -5.274  19.081  27.860 0.0000000000
124582  -5.057  18.345  28.147 0.0000000000
124583  -4.777  17.604  28.356 0.0000000000
124584  -5.070  17.297  28.807 0.0000000000
124585  -5.371  16.963  29.248 0.0000000000
124586  -5.624  16.534  29.639 0.0000000000
124587  -10.671  15.922  30.219 0.0000000000
124588  -10.033  15.863  30.164 0.0000000000
124589  -10.291  15.363  30.578 0.0000000000
124590  -9.917  14.797  30.965 0.0000000000
124591  -9.545  14.245  31.355 0.0000000000
124592  -10.385  13.803  31.872 0.0000000000
124593  -9.786  13.744  31.801 0.0000000000
124594  -9.164  13.685  31.754 0.0000000000
124595  -8.798  13.118  32.150 0.0000000000
124596  -8.451  12.543  32.516 0.0000000000
124597  -8.116  11.983  32.844 0.0000000000
124598  -7.778  11.448  33.171 0.0000000000
124599  -8.383  11.450  33.166 0.0000000000
124600  -8.650  10.948  33.477 0.0000000000
124601  -8.949  10.486  33.779 0.0000000000
124602  -9.779  11.134  33.637 0.0000000000
124603  -9.461  10.545  33.878 0.0000000000
124604  -9.213  9.972  34.125 0.0000000000
124605  -9.463  9.472  34.462 0.0000000000
124606  -9.696  9.035  34.838 0.0000000000
124607  -9.915  8.571  35.230 0.0000000000
132116  -4.219  9.264  31.675 0.0000000000
132117  -4.064  8.549  31.202 0.0000000000
132118  -4.187  8.353  31.820 0.0000000000
132119  -4.153  7.469  31.984 0.0000000000
132120  -4.101  6.619  32.218 0.0000000000
132121  -4.394  7.023  33.273 0.0000000000
132122  -4.230  6.377  32.863 0.0000000000
132123  -4.038  5.727  32.414 0.0000000000
132124  -3.971  4.855  32.610 0.0000000000
132125  -3.919  4.000  32.819 0.0000000000
132127  -4.741  5.838  35.505 0.0000000000
132128  -4.544  5.329  35.205 0.0000000000
132129  -4.410  4.750  34.861 0.0000000000
132132  -4.295  4.176  34.474 0.0000000000
133989  -5.698  29.300  14.377 0.0000000000
133990  -5.789  29.155  14.944 0.0000000000
133991  -5.741  28.990  15.510 0.0000000000
133992  -5.656  30.659  15.367 0.0000000000
133993  -5.659  29.739  15.710 0.0000000000
133994  -5.694  28.819  16.086 0.0000000000
133995  -5.588  28.587  16.655 0.0000000000
133996  -5.449  28.395  17.239 0.0000000000
133997  -5.232  28.218  17.818 0.0000000000
134074  -10.391  25.999  24.083 0.0000000000
134075  -10.180  25.228  24.378 0.0000000000
134076  -9.975  24.461  24.674 0.0000000000
134077  -9.714  23.728  24.996 0.0000000000
134078  -10.827  23.246  25.526 0.0000000000
134079  -10.159  23.100  25.417 0.0000000000
134080  -9.423  22.956  25.417 0.0000000000
134081  -9.092  22.179  25.888 0.0000000000
134082  -8.747  21.444  26.385 0.0000000000
134083  -8.423  20.759  26.889 0.0000000000
134084  -8.088  20.198  27.334 0.0000000000
134085  -8.799  20.206  27.212 0.0000000000
134086  -9.166  19.667  27.539 0.0000000000
134087  -9.523  19.150  27.852 0.0000000000
134088  -10.575  19.840  27.511 0.0000000000
134089  -10.200  19.196  27.885 0.0000000000
134090  -9.835  18.603  28.237 0.0000000000
134091  -10.142  18.068  28.618 0.0000000000
134092  -10.456  17.539  29.023 0.0000000000
134093  -10.727  17.012  29.481 0.0000000000
134099  -11.897  18.577  29.134 0.0000000000
134100  -11.622  17.862  29.356 0.0000000000
134101  -11.308  17.174  29.630 0.0000000000
134102  -10.978  16.523  29.928 0.0000000000
134103  -11.204  16.033  30.390 0.0000000000
134104  -11.386  15.533  30.892 0.0000000000
134105  -11.547  15.101  31.403 0.0000000000
134107  -11.939  15.347  31.677 0.0000000000
134108  -11.708  14.639  31.962 0.0000000000
134109  -11.865  14.165  32.512 0.0000000000
134110  -11.918  13.780  33.042 0.0000000000
134111  -11.984  13.375  33.596 0.0000000000
138914  -8.041  2.431  37.173 0.0000000000
147793  -6.302  9.589  27.507 0.0000000000
147794  -6.447  8.934  27.380 0.0000000000
147796  -6.432  7.254  27.978 0.0000000000
147811  -3.929  7.788  30.726 0.0000000000
147812  -3.997  7.127  30.374 0.0000000000
147813  -4.166  6.492  30.145 0.0000000000
147814  -3.972  5.441  30.857 0.0000000000
147815  -4.167  5.655  30.403 0.0000000000
147816  -4.529  5.889  30.046 0.0000000000
147817  -5.006  5.304  30.004 0.0000000000
147818  -5.506  4.731  29.993 0.0000000000
147819  -5.880  4.140  29.921 0.0000000000
147825  -5.073  2.836  30.713 0.0000000000
147826  -5.558  3.091  30.489 0.0000000000
147827  -5.897  3.318  30.177 0.0000000000
147828  -6.168  3.555  29.840 0.0000000000
153321  -6.610  34.874  18.296 0.0000000000
153322  -6.171  35.478  17.798 0.0000000000
153325  -4.884  35.225  16.703 0.0000000000
153326  -4.798  34.573  16.285 0.0000000000
153327  -4.828  33.644  16.624 0.0000000000
153328  -4.870  32.705  16.965 0.0000000000
153329  -4.907  31.770  17.317 0.0000000000
153330  -4.705  32.280  18.506 0.0000000000
153331  -4.779  31.567  18.055 0.0000000000
153332  -4.966  30.858  17.576 0.0000000000
153333  -5.012  29.900  17.891 0.0000000000
153334  -5.055  28.929  18.202 0.0000000000
153335  -5.112  27.936  18.504 0.0000000000
153337  -10.620  31.190  21.232 0.0000000000
153338  -9.939  31.094  21.084 0.0000000000
153339  -9.993  29.813  21.901 0.0000000000
153340  -9.595  30.436  21.465 0.0000000000
153341  -9.218  31.035  21.028 0.0000000000
153342  -8.468  31.025  21.045 0.0000000000
153343  -7.632  31.024  21.124 0.0000000000
153344  -6.785  31.012  21.197 0.0000000000
153345  -8.781  27.160  23.311 0.0000000000
153346  -8.292  27.798  23.028 0.0000000000
153347  -7.780  28.445  22.724 0.0000000000
153348  -6.780  27.696  23.222 0.0000000000
153349  -7.044  28.393  22.810 0.0000000000
153350  -7.328  29.066  22.381 0.0000000000
153351  -6.880  29.674  22.016 0.0000000000
153352  -6.447  30.287  21.632 0.0000000000
153353  -6.006  30.908  21.201 0.0000000000
153354  -5.299  30.657  21.138 0.0000000000
153355  -4.941  30.305  20.869 0.0000000000
153356  -4.737  29.801  20.503 0.0000000000
153357  -4.779  28.479  21.430 0.0000000000
153358  -4.698  28.823  20.760 0.0000000000
153359  -4.689  29.143  20.069 0.0000000000
153360  -4.749  28.381  19.600 0.0000000000
153361  -4.942  27.635  19.179 0.0000000000
153362  -5.199  26.910  18.818 0.0000000000
153363  -5.282  25.976  19.144 0.0000000000
153364  -5.394  25.001  19.488 0.0000000000
153365  -5.537  24.042  19.826 0.0000000000
153366  -4.931  24.399  20.736 0.0000000000
153367  -5.341  23.737  20.436 0.0000000000
153368  -5.685  23.106  20.157 0.0000000000
153369  -5.806  22.133  20.507 0.0000000000
153370  -5.925  21.232  20.840 0.0000000000
153371  -6.029  20.328  21.195 0.0000000000
153372  -4.383  23.458  23.473 0.0000000000
153373  -4.431  22.678  22.968 0.0000000000
153374  -4.694  21.960  22.541 0.0000000000
153375  -4.475  20.783  23.400 0.0000000000
153376  -4.787  21.017  22.781 0.0000000000
153377  -5.133  21.312  22.201 0.0000000000
153378  -5.591  20.693  21.935 0.0000000000
153379  -5.936  20.057  21.740 0.0000000000
153380  -6.109  19.408  21.522 0.0000000000
153381  -6.165  18.505  21.834 0.0000000000
153382  -6.202  17.642  22.191 0.0000000000
153383  -6.216  16.744  22.559 0.0000000000
153384  -6.187  17.170  23.291 0.0000000000
153385  -6.288  16.516  23.085 0.0000000000
153390  -6.260  13.095  24.450 0.0000000000
153391  -6.420  12.859  24.861 0.0000000000
153392  -6.464  12.696  25.293 0.0000000000
153393  -6.196  14.199  25.262 0.0000000000
153394  -6.362  13.350  25.483 0.0000000000
153395  -6.462  12.512  25.738 0.0000000000
153396  -6.271  12.340  26.207 0.0000000000
153397  -6.014  12.105  26.626 0.0000000000
153398  -5.693  11.858  27.049 0.0000000000
153399  -4.053  16.602  26.149 0.0000000000
153400  -4.167  15.739  26.276 0.0000000000
153401  -4.317  14.891  26.455 0.0000000000
153402  -3.951  15.529  27.502 0.0000000000
153403  -4.110  14.778  26.995 0.0000000000
153404  -4.540  14.094  26.636 0.0000000000
153405  -4.765  13.283  26.879 0.0000000000
153406  -5.011  12.460  27.137 0.0000000000
153407  -5.274  11.636  27.399 0.0000000000
153408  -4.841  11.416  27.739 0.0000000000
153409  -4.448  11.167  28.146 0.0000000000
153410  -4.174  10.967  28.608 0.0000000000
153411  -3.922  12.554  28.952 0.0000000000
153412  -3.923  11.697  29.010 0.0000000000
153413  -3.980  10.821  29.106 0.0000000000
153414  -3.969  10.646  29.721 0.0000000000
153415  -4.016  10.470  30.346 0.0000000000
153416  -4.170  10.301  30.990 0.0000000000
153417  -7.731  19.658  27.767 0.0000000000
153418  -7.409  19.093  28.185 0.0000000000
153419  -7.089  18.498  28.591 0.0000000000
153420  -8.099  18.011  28.772 0.0000000000
153421  -7.425  17.968  28.890 0.0000000000
153422  -6.759  17.876  28.982 0.0000000000
153423  -6.468  17.292  29.343 0.0000000000
153424  -6.182  16.707  29.689 0.0000000000
153425  -5.910  16.100  30.024 0.0000000000
153426  -9.371  15.803  30.173 0.0000000000
153427  -8.718  15.769  30.220 0.0000000000
153428  -8.060  15.777  30.267 0.0000000000
153429  -7.981  14.688  31.022 0.0000000000
153430  -7.702  15.231  30.660 0.0000000000
153431  -7.394  15.753  30.344 0.0000000000
153432  -6.777  15.702  30.397 0.0000000000
153433  -6.204  15.589  30.424 0.0000000000
153434  -5.657  15.412  30.390 0.0000000000
153435  -5.345  14.776  30.700 0.0000000000
153436  -5.071  14.098  30.967 0.0000000000
153437  -4.851  13.379  31.186 0.0000000000
153438  -5.579  13.246  31.820 0.0000000000
153439  -5.080  12.980  31.662 0.0000000000
153440  -4.636  12.573  31.360 0.0000000000
153441  -4.520  11.778  31.501 0.0000000000
153442  -4.425  10.946  31.591 0.0000000000
153443  -4.310  10.097  31.595 0.0000000000
153444  -4.467  9.887  32.248 0.0000000000
153445  -4.605  9.620  32.823 0.0000000000
153446  -4.738  9.347  33.389 0.0000000000
153447  -5.318  10.418  33.456 0.0000000000
153448  -5.087  9.737  33.706 0.0000000000
153449  -4.897  9.017  33.887 0.0000000000
153450  -5.064  8.655  34.342 0.0000000000
153451  -5.265  8.247  34.750 0.0000000000
153452  -5.521  7.777  35.086 0.0000000000
153453  -7.504  10.871  33.500 0.0000000000
153454  -7.217  10.314  33.831 0.0000000000
153455  -6.925  9.765  34.161 0.0000000000
153456  -7.825  9.296  34.389 0.0000000000
153457  -7.220  9.244  34.431 0.0000000000
153458  -6.646  9.174  34.491 0.0000000000
153459  -6.361  8.577  34.800 0.0000000000
153460  -6.073  7.957  35.098 0.0000000000
153461  -5.791  7.297  35.402 0.0000000000
153462  -6.101  6.740  35.650 0.0000000000
153463  -6.437  6.202  35.862 0.0000000000
153464  -6.776  5.682  36.045 0.0000000000
153465  -7.673  6.371  35.654 0.0000000000
153466  -7.369  5.766  35.947 0.0000000000
153467  -7.074  5.117  36.221 0.0000000000
153468  -7.374  4.566  36.380 0.0000000000
153469  -7.724  4.075  36.540 0.0000000000
153470  -8.068  3.585  36.701 0.0000000000
153524  -11.844  12.338  34.350 0.0000000000
153525  -11.598  11.739  34.586 0.0000000000
153526  -11.345  11.136  34.805 0.0000000000
153527  -11.085  10.539  35.013 0.0000000000
153529  -11.185  10.139  35.565 0.0000000000
153530  -10.818  9.946  35.236 0.0000000000
153531  -10.555  9.301  35.384 0.0000000000
153532  -10.336  8.677  35.511 0.0000000000
153533  -10.146  8.058  35.638 0.0000000000
153538  -10.944  7.653  37.418 0.0000000000
153539  -10.912  8.095  36.882 0.0000000000
153540  -10.654  7.846  36.466 0.0000000000
153541  -10.347  7.621  36.096 0.0000000000
153542  -9.968  7.405  35.794 0.0000000000
153543  -9.754  6.811  35.892 0.0000000000
153544  -9.550  6.203  36.028 0.0000000000
153545  -9.359  5.598  36.187 0.0000000000
153546  -10.044  5.281  36.766 0.0000000000
153547  -9.650  5.095  36.540 0.0000000000
153548  -9.168  4.980  36.374 0.0000000000
153549  -8.918  4.335  36.559 0.0000000000
153550  -8.679  3.685  36.742 0.0000000000
153551  -8.405  3.050  36.935 0.0000000000
153552  -8.680  2.570  37.173 0.0000000000
153553  -8.977  2.108  37.397 0.0000000000
153554  -9.269  1.667  37.681 0.0000000000
153555  -10.017  2.474  37.802 0.0000000000
153556  -9.820  1.893  37.852 0.0000000000
