#!ascii label  , from subject studyTemplate vox2ras=TkReg
1630
139  -4.328  -78.263  23.328 0.0000000000
300  -15.222  -73.228  18.817 0.0000000000
301  -16.259  -78.473  25.732 0.0000000000
571  -14.556  -67.592  12.162 0.0000000000
573  -1.978  -87.460  9.623 0.0000000000
574  -6.088  -84.145  34.385 0.0000000000
575  -6.928  -89.272  18.318 0.0000000000
576  -5.373  -99.778  6.718 0.0000000000
1260  -20.545  -67.050  13.349 0.0000000000
1262  -8.712  -74.406  21.885 0.0000000000
1263  -7.774  -70.130  17.302 0.0000000000
1264  -3.734  -75.297  18.981 0.0000000000
1265  -2.517  -81.604  13.423 0.0000000000
1266  -4.849  -82.394  18.136 0.0000000000
1268  -13.484  -82.370  34.826 0.0000000000
1272  -10.577  -91.928  14.185 0.0000000000
1273  -5.836  -95.233  12.267 0.0000000000
1694  -15.808  -77.043  21.394 0.0000000000
1695  -9.750  -78.790  24.419 0.0000000000
2350  -14.762  -68.475  17.493 0.0000000000
2357  -10.490  -81.452  29.826 0.0000000000
2358  -5.238  -81.717  27.321 0.0000000000
2360  -6.298  -86.828  26.456 0.0000000000
2361  -4.350  -85.182  21.442 0.0000000000
2362  -3.840  -89.741  14.874 0.0000000000
2363  -3.164  -94.920  7.493 0.0000000000
3182  -5.515  -75.581  23.337 0.0000000000
3183  -5.169  -73.696  20.979 0.0000000000
3184  -4.318  -76.696  21.511 0.0000000000
3185  -4.182  -78.783  19.012 0.0000000000
3186  -4.620  -79.856  21.212 0.0000000000
3193  -10.611  -94.545  10.583 0.0000000000
3784  -16.075  -78.190  23.482 0.0000000000
3785  -12.630  -78.200  22.632 0.0000000000
3786  -12.956  -79.640  24.708 0.0000000000
5222  -17.169  -67.764  12.782 0.0000000000
5223  -17.689  -67.993  9.830 0.0000000000
5227  -18.671  -71.973  18.425 0.0000000000
5228  -18.176  -70.114  17.554 0.0000000000
5229  -15.040  -70.928  18.161 0.0000000000
5230  -4.465  -70.490  15.609 0.0000000000
5231  -7.741  -68.685  14.799 0.0000000000
5237  -2.413  -84.619  11.510 0.0000000000
5239  -3.659  -87.443  8.397 0.0000000000
5241  -3.605  -90.198  6.350 0.0000000000
5245  -9.389  -83.373  35.003 0.0000000000
5246  -11.540  -82.103  32.384 0.0000000000
5247  -7.935  -82.519  32.350 0.0000000000
5248  -7.330  -81.307  29.420 0.0000000000
5249  -5.120  -83.016  30.932 0.0000000000
5255  -7.280  -87.865  22.388 0.0000000000
5256  -5.937  -86.016  23.265 0.0000000000
5257  -5.440  -87.753  20.319 0.0000000000
5258  -3.780  -87.223  18.548 0.0000000000
5259  -5.028  -90.002  16.841 0.0000000000
5260  -5.487  -97.843  9.158 0.0000000000
5261  -3.966  -95.679  10.601 0.0000000000
5262  -4.297  -97.719  7.125 0.0000000000
5263  -5.611  -96.434  5.523 0.0000000000
5264  -6.496  -98.585  5.369 0.0000000000
6878  -20.660  -66.847  15.271 0.0000000000
6879  -17.440  -67.241  15.354 0.0000000000
6880  -12.111  -73.823  20.321 0.0000000000
6881  -11.732  -71.405  18.853 0.0000000000
6882  -8.158  -72.290  19.823 0.0000000000
6883  -4.813  -71.995  18.272 0.0000000000
6884  -2.760  -74.350  16.389 0.0000000000
6885  -2.765  -78.105  14.218 0.0000000000
6886  -2.596  -78.375  16.669 0.0000000000
6887  -3.321  -81.839  15.564 0.0000000000
6888  -3.311  -85.056  13.907 0.0000000000
6898  -8.415  -90.805  16.252 0.0000000000
6899  -6.251  -92.129  15.139 0.0000000000
6900  -8.181  -93.558  12.716 0.0000000000
6901  -7.747  -96.107  9.796 0.0000000000
6902  -7.017  -99.230  8.102 0.0000000000
7791  -19.067  -73.461  19.883 0.0000000000
7794  -15.536  -75.286  19.795 0.0000000000
7795  -12.266  -76.030  21.373 0.0000000000
7796  -9.185  -76.689  23.179 0.0000000000
7797  -6.071  -77.629  24.608 0.0000000000
9598  -20.419  -66.996  10.982 0.0000000000
9605  -17.797  -68.218  17.040 0.0000000000
9606  -14.483  -67.221  15.204 0.0000000000
9607  -11.324  -69.030  17.105 0.0000000000
9608  -11.312  -67.849  14.594 0.0000000000
9609  -11.716  -67.765  11.864 0.0000000000
9624  -16.839  -78.530  28.470 0.0000000000
9625  -15.680  -80.974  32.531 0.0000000000
9626  -14.133  -80.690  30.149 0.0000000000
9627  -13.235  -80.376  27.426 0.0000000000
9628  -10.201  -80.607  27.096 0.0000000000
9629  -6.858  -79.693  26.365 0.0000000000
9630  -5.214  -80.009  24.779 0.0000000000
9636  -5.004  -85.699  31.105 0.0000000000
9637  -5.108  -84.498  27.162 0.0000000000
9638  -5.197  -83.302  24.121 0.0000000000
9639  -4.606  -81.954  22.593 0.0000000000
9640  -3.964  -83.752  20.141 0.0000000000
9641  -3.591  -86.120  16.371 0.0000000000
9642  -2.931  -88.518  12.173 0.0000000000
9643  -4.314  -92.881  13.999 0.0000000000
9644  -3.133  -92.367  11.283 0.0000000000
9645  -2.295  -91.201  8.095 0.0000000000
9646  -4.395  -93.589  5.441 0.0000000000
10862  -4.595  -76.816  23.567 0.0000000000
10863  -4.436  -75.899  22.593 0.0000000000
10864  -4.224  -77.483  22.570 0.0000000000
10865  -4.460  -78.195  21.427 0.0000000000
10866  -4.395  -78.989  22.301 0.0000000000
11463  -17.681  -77.036  24.446 0.0000000000
11464  -16.137  -78.398  24.598 0.0000000000
11465  -14.428  -79.027  23.971 0.0000000000
11466  -14.588  -79.373  25.105 0.0000000000
12902  -15.761  -67.656  12.457 0.0000000000
12903  -15.978  -67.787  10.938 0.0000000000
12907  -16.954  -72.738  18.312 0.0000000000
12908  -16.686  -71.676  17.968 0.0000000000
12909  -15.121  -72.093  18.443 0.0000000000
12917  -2.145  -86.026  10.518 0.0000000000
12918  -2.754  -85.984  9.679 0.0000000000
12919  -2.549  -87.358  8.713 0.0000000000
12920  -3.528  -88.812  7.329 0.0000000000
12921  -2.462  -88.807  7.725 0.0000000000
12925  -7.611  -83.718  34.865 0.0000000000
12926  -8.457  -82.971  33.647 0.0000000000
12927  -6.803  -83.187  33.517 0.0000000000
12928  -6.305  -82.614  32.012 0.0000000000
12929  -5.352  -83.569  32.741 0.0000000000
12933  -7.876  -89.300  19.573 0.0000000000
12934  -7.715  -88.835  21.948 0.0000000000
12935  -7.074  -88.450  20.494 0.0000000000
12936  -6.489  -87.697  21.182 0.0000000000
12937  -6.143  -88.532  19.446 0.0000000000
12938  -5.264  -88.784  18.612 0.0000000000
12939  -5.915  -89.677  17.535 0.0000000000
12940  -5.301  -98.930  7.984 0.0000000000
12941  -4.691  -98.042  8.289 0.0000000000
12942  -4.809  -98.772  6.926 0.0000000000
12943  -5.149  -98.277  6.021 0.0000000000
12944  -5.590  -99.280  5.784 0.0000000000
15304  -20.788  -66.908  16.146 0.0000000000
15305  -18.987  -67.408  15.214 0.0000000000
15306  -19.122  -67.557  16.026 0.0000000000
15307  -10.456  -74.115  21.096 0.0000000000
15308  -10.195  -72.968  20.241 0.0000000000
15309  -8.382  -73.294  20.927 0.0000000000
15310  -4.380  -74.269  20.024 0.0000000000
15311  -5.055  -72.916  19.572 0.0000000000
15312  -3.981  -73.467  18.720 0.0000000000
15313  -3.606  -72.766  17.440 0.0000000000
15314  -3.091  -74.838  17.816 0.0000000000
15315  -2.535  -76.411  16.615 0.0000000000
15316  -3.066  -76.753  17.902 0.0000000000
15317  -4.575  -80.589  18.679 0.0000000000
15318  -3.834  -80.306  17.426 0.0000000000
15319  -4.338  -82.022  16.745 0.0000000000
15320  -3.497  -83.459  14.770 0.0000000000
15321  -4.389  -83.757  16.074 0.0000000000
15336  -9.242  -90.680  17.802 0.0000000000
15337  -9.353  -91.487  15.185 0.0000000000
15338  -8.273  -92.237  14.334 0.0000000000
15339  -9.464  -92.586  13.156 0.0000000000
15340  -10.277  -96.211  9.391 0.0000000000
15341  -9.133  -95.326  10.023 0.0000000000
15342  -8.907  -96.860  9.018 0.0000000000
15343  -7.512  -97.659  8.873 0.0000000000
15344  -8.367  -98.412  8.199 0.0000000000
17110  -17.666  -76.577  22.271 0.0000000000
17112  -17.575  -76.005  21.246 0.0000000000
17113  -17.492  -75.358  20.363 0.0000000000
17114  -15.690  -76.247  20.507 0.0000000000
17115  -13.831  -75.681  20.455 0.0000000000
17116  -13.969  -76.761  21.092 0.0000000000
17117  -11.198  -78.541  23.525 0.0000000000
17118  -10.944  -77.470  22.824 0.0000000000
17119  -9.445  -77.722  23.690 0.0000000000
17120  -7.585  -77.068  23.946 0.0000000000
17121  -7.911  -78.045  24.461 0.0000000000
21429  -20.421  -67.172  12.171 0.0000000000
21445  -16.442  -69.428  17.710 0.0000000000
21446  -17.978  -69.143  17.356 0.0000000000
21447  -16.329  -68.345  17.460 0.0000000000
21448  -16.178  -67.394  16.661 0.0000000000
21449  -14.638  -67.540  16.565 0.0000000000
21450  -9.700  -70.559  18.204 0.0000000000
21451  -11.521  -70.121  18.053 0.0000000000
21452  -9.520  -69.382  17.028 0.0000000000
21453  -8.009  -68.392  13.573 0.0000000000
21454  -9.577  -68.196  14.616 0.0000000000
21455  -9.796  -67.988  13.339 0.0000000000
21456  -11.449  -67.751  13.274 0.0000000000
21472  -2.594  -79.965  13.976 0.0000000000
21494  -17.339  -78.576  29.711 0.0000000000
21495  -15.655  -81.861  34.618 0.0000000000
21496  -16.776  -81.017  33.514 0.0000000000
21497  -14.519  -81.750  33.628 0.0000000000
21498  -10.864  -81.671  31.091 0.0000000000
21499  -12.812  -81.409  31.221 0.0000000000
21500  -12.199  -81.144  29.900 0.0000000000
21501  -13.572  -80.544  28.803 0.0000000000
21502  -11.792  -80.959  28.618 0.0000000000
21503  -11.681  -80.650  27.281 0.0000000000
21504  -10.388  -81.164  28.544 0.0000000000
21505  -5.960  -81.282  28.572 0.0000000000
21506  -7.073  -80.495  27.817 0.0000000000
21507  -5.842  -80.501  26.972 0.0000000000
21508  -5.684  -79.614  25.672 0.0000000000
21509  -5.395  -80.927  25.868 0.0000000000
21523  -6.238  -87.537  28.414 0.0000000000
21524  -5.651  -87.038  30.820 0.0000000000
21525  -5.563  -86.385  28.822 0.0000000000
21526  -4.988  -85.185  29.118 0.0000000000
21527  -5.588  -85.788  26.850 0.0000000000
21528  -5.152  -85.715  22.277 0.0000000000
21529  -5.404  -84.763  23.683 0.0000000000
21530  -4.838  -84.265  22.735 0.0000000000
21531  -4.945  -82.676  23.245 0.0000000000
21532  -4.398  -83.623  22.080 0.0000000000
21533  -4.216  -82.833  21.557 0.0000000000
21534  -3.907  -84.496  20.804 0.0000000000
21535  -3.806  -88.517  16.770 0.0000000000
21536  -3.389  -86.631  17.450 0.0000000000
21537  -3.547  -87.925  15.546 0.0000000000
21538  -3.395  -87.295  14.253 0.0000000000
21539  -3.573  -89.183  13.483 0.0000000000
21540  -6.059  -93.754  13.806 0.0000000000
21541  -5.229  -92.678  14.751 0.0000000000
21542  -4.927  -94.245  13.371 0.0000000000
21543  -3.448  -95.370  9.153 0.0000000000
21544  -3.355  -94.124  11.068 0.0000000000
21545  -2.952  -93.661  9.401 0.0000000000
21546  -2.640  -91.798  9.641 0.0000000000
21547  -2.686  -93.090  7.715 0.0000000000
21548  -2.959  -92.453  6.373 0.0000000000
21549  -3.487  -94.290  6.123 0.0000000000
24160  -6.943  -74.782  22.710 0.0000000000
24161  -6.655  -73.734  21.695 0.0000000000
24162  -5.266  -74.564  22.324 0.0000000000
24163  -4.461  -75.084  21.404 0.0000000000
24164  -4.273  -75.932  20.244 0.0000000000
24165  -3.878  -77.031  19.056 0.0000000000
24166  -4.418  -77.501  20.321 0.0000000000
24167  -4.612  -79.184  20.212 0.0000000000
24168  -4.739  -81.054  19.868 0.0000000000
24179  -10.719  -93.041  12.134 0.0000000000
24180  -11.984  -94.018  11.544 0.0000000000
24181  -11.755  -95.764  10.292 0.0000000000
25243  -17.668  -76.872  23.344 0.0000000000
25244  -15.964  -77.663  22.418 0.0000000000
25245  -14.169  -77.714  21.879 0.0000000000
25246  -14.278  -78.491  22.879 0.0000000000
25247  -12.798  -79.004  23.634 0.0000000000
25248  -11.433  -79.406  24.540 0.0000000000
27832  -18.785  -67.778  12.915 0.0000000000
27833  -18.853  -67.890  11.552 0.0000000000
27834  -17.308  -67.930  11.256 0.0000000000
27843  -18.388  -71.053  17.865 0.0000000000
27844  -16.591  -70.584  17.795 0.0000000000
27845  -14.920  -69.675  17.961 0.0000000000
27846  -5.959  -70.030  16.518 0.0000000000
27847  -7.701  -69.288  16.040 0.0000000000
27848  -5.961  -69.354  15.147 0.0000000000
27849  -6.273  -69.152  13.884 0.0000000000
27859  -2.503  -83.125  12.557 0.0000000000
27861  -2.987  -84.654  10.687 0.0000000000
27874  -12.424  -82.307  33.676 0.0000000000
27875  -10.388  -82.734  33.675 0.0000000000
27876  -9.620  -82.312  32.316 0.0000000000
27877  -9.207  -81.982  31.094 0.0000000000
27878  -8.990  -81.582  29.797 0.0000000000
27879  -7.627  -82.013  30.967 0.0000000000
27880  -6.049  -81.944  30.283 0.0000000000
27881  -5.163  -82.379  29.070 0.0000000000
27891  -7.011  -87.311  24.345 0.0000000000
27892  -6.323  -86.366  24.646 0.0000000000
27893  -6.717  -86.977  22.747 0.0000000000
27894  -5.881  -86.866  21.722 0.0000000000
27895  -4.855  -86.638  20.876 0.0000000000
27896  -4.017  -86.156  20.075 0.0000000000
27897  -4.565  -87.599  19.470 0.0000000000
27898  -4.468  -88.861  17.781 0.0000000000
27899  -4.302  -90.038  16.061 0.0000000000
27900  -5.612  -96.503  10.622 0.0000000000
27901  -4.742  -95.677  11.648 0.0000000000
27902  -4.742  -96.949  9.919 0.0000000000
27903  -4.077  -96.889  8.751 0.0000000000
27904  -3.724  -96.526  7.336 0.0000000000
27905  -4.041  -95.909  6.067 0.0000000000
27906  -4.643  -97.192  6.093 0.0000000000
27907  -6.167  -97.560  5.621 0.0000000000
31410  -20.529  -66.962  14.318 0.0000000000
31411  -18.863  -67.552  14.169 0.0000000000
31412  -17.252  -67.492  14.111 0.0000000000
31413  -15.806  -67.367  13.909 0.0000000000
31414  -13.687  -73.507  19.548 0.0000000000
31415  -13.589  -72.415  19.052 0.0000000000
31416  -11.978  -72.647  19.623 0.0000000000
31417  -9.935  -71.754  19.263 0.0000000000
31418  -7.958  -71.165  18.559 0.0000000000
31419  -6.445  -72.838  20.436 0.0000000000
31420  -6.249  -71.932  19.082 0.0000000000
31421  -6.031  -70.913  17.752 0.0000000000
31422  -4.560  -71.141  16.976 0.0000000000
31423  -3.408  -72.231  16.026 0.0000000000
31427  -2.358  -78.187  15.333 0.0000000000
31428  -2.374  -80.066  15.200 0.0000000000
31429  -3.360  -78.555  17.846 0.0000000000
31430  -2.916  -80.170  16.303 0.0000000000
31431  -2.554  -81.652  14.484 0.0000000000
31432  -2.667  -83.205  13.660 0.0000000000
31433  -2.581  -84.754  12.683 0.0000000000
31434  -2.341  -86.210  11.818 0.0000000000
31455  -8.597  -89.992  18.681 0.0000000000
31456  -7.703  -90.029  17.202 0.0000000000
31457  -6.620  -90.501  16.501 0.0000000000
31458  -7.353  -91.442  15.506 0.0000000000
31459  -7.197  -93.066  14.032 0.0000000000
31460  -6.955  -94.454  12.535 0.0000000000
31461  -9.335  -93.925  11.436 0.0000000000
31462  -7.927  -94.761  11.172 0.0000000000
31463  -6.667  -95.641  11.026 0.0000000000
31464  -6.465  -97.069  9.626 0.0000000000
31465  -6.234  -98.489  8.678 0.0000000000
31466  -5.985  -99.706  7.672 0.0000000000
33764  -18.904  -72.756  19.080 0.0000000000
33765  -17.152  -73.658  18.870 0.0000000000
33772  -19.153  -74.082  20.675 0.0000000000
33773  -17.381  -74.570  19.585 0.0000000000
33774  -15.373  -74.256  19.245 0.0000000000
33775  -13.729  -74.551  20.000 0.0000000000
33776  -12.181  -74.895  20.865 0.0000000000
33777  -10.636  -75.288  21.745 0.0000000000
33778  -12.418  -77.160  21.891 0.0000000000
33779  -10.728  -76.371  22.305 0.0000000000
33780  -8.949  -75.576  22.629 0.0000000000
33781  -7.263  -75.962  23.423 0.0000000000
33782  -5.785  -76.662  24.066 0.0000000000
33783  -4.878  -77.741  24.228 0.0000000000
39031  -19.116  -67.814  10.227 0.0000000000
39049  -19.820  -69.357  17.719 0.0000000000
39050  -19.583  -68.642  17.266 0.0000000000
39051  -19.367  -68.020  16.735 0.0000000000
39052  -17.668  -67.460  16.437 0.0000000000
39053  -15.976  -67.097  15.378 0.0000000000
39054  -14.444  -67.442  13.669 0.0000000000
39055  -13.460  -71.191  18.536 0.0000000000
39056  -13.233  -69.900  18.032 0.0000000000
39057  -13.054  -68.690  17.301 0.0000000000
39058  -9.486  -68.616  15.809 0.0000000000
39059  -11.285  -68.149  15.921 0.0000000000
39060  -12.980  -67.842  16.236 0.0000000000
39061  -12.930  -67.509  14.832 0.0000000000
39062  -12.983  -67.562  13.410 0.0000000000
39063  -13.190  -67.628  11.953 0.0000000000
39108  -16.497  -78.498  27.110 0.0000000000
39110  -17.712  -79.833  32.682 0.0000000000
39111  -16.821  -79.941  31.609 0.0000000000
39112  -13.611  -81.649  32.446 0.0000000000
39113  -14.825  -80.835  31.389 0.0000000000
39114  -16.076  -79.856  30.445 0.0000000000
39115  -15.518  -79.732  29.191 0.0000000000
39116  -15.018  -79.697  27.829 0.0000000000
39117  -14.731  -79.578  26.454 0.0000000000
39118  -13.097  -80.139  26.078 0.0000000000
39119  -11.605  -80.212  25.883 0.0000000000
39120  -9.991  -79.831  25.667 0.0000000000
39121  -8.756  -80.922  28.325 0.0000000000
39122  -8.532  -80.158  26.833 0.0000000000
39123  -8.253  -79.199  25.389 0.0000000000
39124  -6.495  -78.647  25.212 0.0000000000
39125  -5.259  -78.708  24.857 0.0000000000
39126  -4.704  -79.193  24.026 0.0000000000
39143  -5.387  -86.219  33.079 0.0000000000
39144  -5.032  -84.827  33.135 0.0000000000
39145  -4.755  -84.351  31.192 0.0000000000
39146  -4.846  -83.791  29.159 0.0000000000
39147  -4.969  -83.082  27.317 0.0000000000
39148  -5.660  -85.245  25.059 0.0000000000
39149  -5.296  -83.902  25.461 0.0000000000
39150  -5.220  -82.390  25.758 0.0000000000
39151  -5.269  -81.686  24.540 0.0000000000
39152  -4.925  -80.892  23.631 0.0000000000
39153  -4.543  -80.012  22.922 0.0000000000
39154  -4.575  -80.958  21.984 0.0000000000
39155  -4.446  -81.966  20.892 0.0000000000
39156  -4.497  -83.059  19.292 0.0000000000
39157  -3.587  -85.506  19.268 0.0000000000
39158  -3.835  -84.936  18.359 0.0000000000
39159  -4.375  -84.379  17.317 0.0000000000
39160  -3.738  -85.578  15.218 0.0000000000
39161  -2.954  -86.735  13.065 0.0000000000
39162  -2.233  -87.940  10.928 0.0000000000
39163  -5.566  -91.037  15.958 0.0000000000
39164  -4.672  -91.337  15.360 0.0000000000
39165  -3.977  -91.359  14.379 0.0000000000
39166  -3.967  -94.355  12.464 0.0000000000
39167  -3.560  -92.776  12.803 0.0000000000
39168  -3.485  -91.101  13.042 0.0000000000
39169  -3.073  -90.517  11.536 0.0000000000
39170  -2.393  -89.870  10.100 0.0000000000
39171  -2.024  -89.270  8.713 0.0000000000
39172  -2.588  -90.639  6.910 0.0000000000
39173  -3.899  -91.878  5.694 0.0000000000
39174  -5.690  -92.942  5.469 0.0000000000
39175  -4.922  -95.108  5.435 0.0000000000
41582  -4.391  -77.537  23.483 0.0000000000
41583  -4.319  -77.116  23.071 0.0000000000
41584  -4.250  -77.883  22.967 0.0000000000
41585  -4.289  -78.232  22.446 0.0000000000
41586  -4.304  -78.609  22.824 0.0000000000
42182  -17.029  -77.838  25.595 0.0000000000
42183  -16.979  -77.810  25.024 0.0000000000
42184  -16.218  -78.465  25.133 0.0000000000
42185  -15.355  -78.915  24.819 0.0000000000
42186  -15.436  -79.007  25.359 0.0000000000
43622  -15.141  -67.616  12.318 0.0000000000
43623  -15.263  -67.649  11.576 0.0000000000
43624  -14.677  -67.627  11.380 0.0000000000
43626  -14.051  -67.626  11.255 0.0000000000
43627  -16.024  -73.040  18.517 0.0000000000
43628  -15.972  -72.474  18.340 0.0000000000
43629  -15.168  -72.684  18.614 0.0000000000
43637  -2.040  -86.734  10.058 0.0000000000
43638  -2.278  -86.684  9.547 0.0000000000
43639  -2.183  -87.376  9.107 0.0000000000
43640  -2.476  -88.056  8.251 0.0000000000
43641  -2.136  -88.104  8.638 0.0000000000
43645  -6.815  -83.918  34.696 0.0000000000
43646  -7.171  -83.469  34.181 0.0000000000
43647  -6.385  -83.650  33.981 0.0000000000
43648  -6.053  -83.367  33.250 0.0000000000
43649  -5.679  -83.866  33.622 0.0000000000
43653  -7.434  -89.247  18.897 0.0000000000
43654  -7.461  -88.884  20.027 0.0000000000
43655  -7.006  -88.830  19.425 0.0000000000
43656  -6.617  -88.456  19.935 0.0000000000
43657  -6.540  -88.904  18.889 0.0000000000
43658  -6.075  -89.076  18.489 0.0000000000
43659  -6.407  -89.450  17.910 0.0000000000
43660  -5.285  -99.373  7.350 0.0000000000
43661  -5.005  -98.916  7.482 0.0000000000
43662  -5.061  -99.285  6.824 0.0000000000
43663  -5.102  -99.069  6.306 0.0000000000
43664  -5.373  -99.574  6.195 0.0000000000
43665  -5.769  -99.738  5.640 0.0000000000
43666  -5.604  -100.003  6.094 0.0000000000
46025  -19.978  -67.370  16.030 0.0000000000
46026  -20.066  -67.501  16.411 0.0000000000
46027  -9.596  -74.272  21.479 0.0000000000
46028  -9.431  -73.686  21.045 0.0000000000
46029  -8.521  -73.836  21.420 0.0000000000
46030  -4.090  -74.738  19.494 0.0000000000
46031  -4.251  -73.886  19.332 0.0000000000
46032  -3.804  -74.391  18.868 0.0000000000
46033  -3.531  -74.079  18.283 0.0000000000
46034  -3.394  -75.084  18.406 0.0000000000
46035  -3.039  -75.807  17.883 0.0000000000
46036  -3.356  -76.017  18.471 0.0000000000
46037  -4.771  -81.499  18.400 0.0000000000
46038  -4.529  -81.298  17.742 0.0000000000
46039  -4.696  -82.193  17.447 0.0000000000
46040  -4.451  -82.901  16.414 0.0000000000
46041  -4.742  -83.082  17.169 0.0000000000
46056  -9.796  -91.310  15.953 0.0000000000
46057  -9.921  -91.709  14.664 0.0000000000
46058  -9.391  -92.027  14.140 0.0000000000
46059  -10.035  -92.179  13.575 0.0000000000
46060  -10.053  -97.028  8.902 0.0000000000
46061  -9.603  -96.507  9.169 0.0000000000
46062  -9.388  -97.287  8.700 0.0000000000
46063  -8.686  -97.620  8.577 0.0000000000
47830  -16.776  -76.902  21.768 0.0000000000
47831  -17.606  -76.294  21.763 0.0000000000
47832  -16.701  -76.617  21.252 0.0000000000
47833  -16.637  -76.235  20.806 0.0000000000
47834  -15.716  -76.699  20.914 0.0000000000
47835  -14.803  -76.525  20.759 0.0000000000
47836  -14.859  -77.013  21.122 0.0000000000
47837  -10.473  -78.661  24.005 0.0000000000
47838  -10.336  -78.128  23.596 0.0000000000
47839  -9.599  -78.252  24.014 0.0000000000
47840  -8.680  -77.874  24.084 0.0000000000
47841  -8.872  -78.393  24.390 0.0000000000
52149  -20.469  -67.109  12.754 0.0000000000
52165  -15.610  -68.947  17.705 0.0000000000
52166  -16.357  -68.866  17.609 0.0000000000
52167  -15.544  -68.389  17.498 0.0000000000
52168  -15.488  -67.849  17.152 0.0000000000
52169  -14.723  -67.931  17.146 0.0000000000
52170  -8.733  -70.292  17.748 0.0000000000
52171  -9.614  -69.969  17.633 0.0000000000
52172  -8.660  -69.738  17.126 0.0000000000
52174  -8.918  -68.162  13.451 0.0000000000
52175  -9.104  -68.213  12.813 0.0000000000
52176  -9.946  -67.999  12.669 0.0000000000
52192  -2.533  -80.824  13.751 0.0000000000
52193  -2.850  -80.796  13.286 0.0000000000
52194  -2.804  -81.605  12.969 0.0000000000
52215  -14.513  -82.103  34.695 0.0000000000
52216  -15.057  -81.783  34.119 0.0000000000
52217  -13.978  -82.086  34.214 0.0000000000
52218  -10.642  -81.576  30.467 0.0000000000
52219  -11.533  -81.389  30.478 0.0000000000
52220  -11.301  -81.311  29.849 0.0000000000
52221  -11.968  -81.078  29.263 0.0000000000
52222  -11.148  -81.232  29.222 0.0000000000
52223  -11.045  -81.109  28.586 0.0000000000
52224  -10.402  -81.332  29.193 0.0000000000
52225  -5.519  -81.456  28.001 0.0000000000
52226  -5.898  -80.901  27.758 0.0000000000
52227  -5.516  -81.066  27.187 0.0000000000
52228  -5.507  -80.659  26.452 0.0000000000
52229  -5.327  -81.319  26.557 0.0000000000
52241  -6.630  -87.350  26.317 0.0000000000
52242  -6.577  -87.730  27.278 0.0000000000
52243  -6.267  -87.152  27.423 0.0000000000
52244  -5.911  -86.957  28.609 0.0000000000
52245  -5.919  -86.615  27.604 0.0000000000
52246  -5.572  -86.087  27.802 0.0000000000
52247  -5.935  -86.335  26.641 0.0000000000
52248  -4.712  -85.482  21.856 0.0000000000
52249  -4.937  -85.020  22.505 0.0000000000
52250  -4.577  -84.736  22.083 0.0000000000
52251  -4.608  -83.962  22.367 0.0000000000
52252  -4.313  -84.402  21.757 0.0000000000
52253  -4.111  -84.045  21.504 0.0000000000
52254  -4.058  -84.878  21.061 0.0000000000
52255  -3.867  -89.116  15.855 0.0000000000
52256  -3.628  -88.200  16.187 0.0000000000
52257  -3.726  -88.864  15.153 0.0000000000
52258  -3.606  -88.561  14.504 0.0000000000
52259  -3.687  -89.497  14.172 0.0000000000
52260  -5.962  -94.524  13.072 0.0000000000
52261  -5.509  -94.041  13.632 0.0000000000
52262  -5.372  -94.808  12.852 0.0000000000
52263  -3.274  -95.165  8.325 0.0000000000
52264  -3.191  -94.548  9.293 0.0000000000
52265  -3.011  -94.303  8.427 0.0000000000
52266  -2.780  -93.390  8.542 0.0000000000
52267  -2.912  -94.025  7.590 0.0000000000
52268  -2.920  -93.712  6.787 0.0000000000
52269  -3.229  -94.649  6.706 0.0000000000
55627  -6.175  -75.111  23.070 0.0000000000
55628  -6.014  -74.538  22.610 0.0000000000
55629  -5.368  -75.017  22.880 0.0000000000
55630  -4.299  -76.277  22.090 0.0000000000
55631  -4.422  -75.479  22.045 0.0000000000
55632  -4.335  -75.883  21.501 0.0000000000
55633  -4.357  -75.494  20.865 0.0000000000
55634  -4.370  -76.326  20.878 0.0000000000
55635  -4.325  -76.718  20.270 0.0000000000
55636  -4.407  -77.086  20.892 0.0000000000
55637  -4.553  -79.001  21.336 0.0000000000
55638  -4.576  -78.620  20.859 0.0000000000
55639  -4.641  -79.489  20.730 0.0000000000
55640  -4.685  -80.105  20.071 0.0000000000
55641  -4.667  -80.419  20.587 0.0000000000
55658  -11.952  -93.274  12.411 0.0000000000
57430  -16.894  -77.714  23.929 0.0000000000
57431  -17.673  -76.993  23.867 0.0000000000
57432  -16.880  -77.557  23.375 0.0000000000
57433  -16.854  -77.356  22.832 0.0000000000
57434  -16.011  -77.934  22.941 0.0000000000
57435  -15.078  -78.138  22.576 0.0000000000
57436  -15.157  -78.404  23.141 0.0000000000
57437  -13.675  -79.363  24.311 0.0000000000
57438  -13.578  -79.114  23.777 0.0000000000
57439  -12.864  -79.371  24.174 0.0000000000
57440  -12.097  -79.227  24.055 0.0000000000
57441  -12.191  -79.618  24.624 0.0000000000
61747  -17.946  -67.813  12.837 0.0000000000
61748  -17.952  -67.910  12.127 0.0000000000
61749  -17.198  -67.852  12.034 0.0000000000
61762  -19.483  -71.477  18.673 0.0000000000
61763  -19.369  -71.057  18.345 0.0000000000
61764  -18.541  -71.537  18.146 0.0000000000
61765  -15.839  -71.347  18.079 0.0000000000
61766  -16.612  -71.142  17.875 0.0000000000
61767  -15.807  -70.774  17.988 0.0000000000
61768  -15.768  -70.189  17.915 0.0000000000
61769  -14.985  -70.308  18.044 0.0000000000
61770  -5.140  -70.163  16.075 0.0000000000
61771  -5.939  -69.646  15.851 0.0000000000
61772  -5.161  -69.843  15.356 0.0000000000
61774  -5.516  -69.702  14.078 0.0000000000
61792  -2.470  -83.890  12.015 0.0000000000
61793  -2.701  -83.907  11.561 0.0000000000
61794  -2.629  -84.617  11.043 0.0000000000
61795  -3.111  -86.677  8.978 0.0000000000
61796  -3.270  -86.037  9.479 0.0000000000
61802  -3.526  -89.477  6.780 0.0000000000
61803  -4.184  -89.511  6.795 0.0000000000
61804  -4.261  -90.184  6.342 0.0000000000
61806  -4.383  -90.861  5.994 0.0000000000
61816  -10.903  -82.861  34.348 0.0000000000
61817  -9.872  -83.054  34.353 0.0000000000
61818  -8.144  -82.738  33.005 0.0000000000
61819  -9.025  -82.626  32.981 0.0000000000
61820  -8.758  -82.421  32.363 0.0000000000
61821  -9.355  -82.145  31.717 0.0000000000
61822  -8.571  -82.244  31.727 0.0000000000
61823  -8.449  -82.048  31.073 0.0000000000
61824  -7.782  -82.298  31.691 0.0000000000
61825  -5.629  -82.778  31.532 0.0000000000
61826  -6.166  -82.307  31.156 0.0000000000
61827  -5.528  -82.448  30.656 0.0000000000
61828  -5.490  -82.108  29.748 0.0000000000
61829  -5.121  -82.701  30.025 0.0000000000
61841  -7.486  -88.341  22.216 0.0000000000
61842  -7.594  -88.639  23.041 0.0000000000
61843  -7.450  -88.115  23.243 0.0000000000
61844  -7.280  -87.864  24.242 0.0000000000
61845  -7.217  -87.593  23.324 0.0000000000
61846  -6.921  -87.103  23.485 0.0000000000
61847  -7.030  -87.412  22.522 0.0000000000
61848  -5.979  -87.727  20.724 0.0000000000
61849  -6.230  -87.325  21.462 0.0000000000
61850  -5.691  -87.293  21.018 0.0000000000
61851  -5.358  -86.773  21.290 0.0000000000
61852  -5.171  -87.226  20.612 0.0000000000
61853  -4.686  -87.068  20.186 0.0000000000
61854  -4.993  -87.683  19.850 0.0000000000
61855  -5.162  -89.379  17.698 0.0000000000
61856  -4.858  -88.842  18.174 0.0000000000
61857  -4.760  -89.455  17.310 0.0000000000
61858  -4.409  -89.447  16.909 0.0000000000
61859  -4.632  -90.053  16.490 0.0000000000
61860  -5.570  -97.190  9.847 0.0000000000
61861  -5.157  -96.782  10.316 0.0000000000
61862  -5.149  -97.434  9.538 0.0000000000
61863  -4.435  -97.916  7.726 0.0000000000
61864  -4.411  -97.525  8.532 0.0000000000
61865  -4.159  -97.350  7.909 0.0000000000
61866  -3.846  -96.712  8.075 0.0000000000
61867  -4.021  -97.138  7.280 0.0000000000
61868  -4.049  -96.872  6.611 0.0000000000
61869  -4.359  -97.463  6.526 0.0000000000
61870  -5.764  -98.467  5.636 0.0000000000
61871  -5.580  -97.957  5.715 0.0000000000
61872  -6.362  -98.100  5.520 0.0000000000
68954  -20.597  -66.877  14.796 0.0000000000
68955  -19.720  -67.367  14.203 0.0000000000
68956  -19.775  -67.334  14.690 0.0000000000
68957  -18.155  -67.376  15.278 0.0000000000
68958  -18.090  -67.446  14.735 0.0000000000
68959  -17.326  -67.344  14.737 0.0000000000
68960  -16.514  -67.400  14.016 0.0000000000
68961  -16.592  -67.204  14.710 0.0000000000
68962  -12.915  -73.665  19.937 0.0000000000
68963  -12.868  -73.119  19.667 0.0000000000
68964  -12.055  -73.254  19.993 0.0000000000
68965  -9.186  -72.580  20.086 0.0000000000
68966  -10.041  -72.374  19.759 0.0000000000
68967  -9.052  -72.016  19.531 0.0000000000
68968  -8.941  -71.423  18.967 0.0000000000
68969  -8.038  -71.740  19.215 0.0000000000
68970  -5.811  -73.649  21.416 0.0000000000
68971  -6.542  -73.255  21.110 0.0000000000
68972  -5.745  -73.207  20.723 0.0000000000
68973  -4.932  -72.449  18.872 0.0000000000
68974  -5.590  -72.387  19.317 0.0000000000
68975  -5.491  -71.879  18.639 0.0000000000
68976  -6.158  -71.409  18.390 0.0000000000
68977  -5.375  -71.393  18.007 0.0000000000
68978  -5.272  -70.939  17.383 0.0000000000
68979  -4.681  -71.542  17.632 0.0000000000
68980  -3.104  -73.509  16.962 0.0000000000
68981  -3.459  -72.452  16.741 0.0000000000
68982  -3.035  -73.269  16.212 0.0000000000
68983  -3.004  -73.096  15.478 0.0000000000
68984  -2.747  -74.167  15.663 0.0000000000
68986  -2.557  -75.211  15.809 0.0000000000
68987  -2.536  -77.405  16.668 0.0000000000
68988  -2.398  -77.294  15.985 0.0000000000
68989  -2.414  -78.292  16.033 0.0000000000
68990  -2.362  -79.167  15.309 0.0000000000
68991  -2.470  -79.234  15.956 0.0000000000
68992  -4.006  -77.882  19.096 0.0000000000
68993  -3.599  -77.766  18.495 0.0000000000
68994  -3.794  -78.642  18.423 0.0000000000
68995  -3.626  -81.096  16.507 0.0000000000
68996  -3.363  -80.231  16.859 0.0000000000
68997  -3.128  -81.020  15.947 0.0000000000
68998  -2.722  -80.943  15.399 0.0000000000
68999  -2.874  -81.725  15.030 0.0000000000
69000  -2.624  -82.420  14.087 0.0000000000
69001  -2.964  -82.526  14.645 0.0000000000
69002  -3.448  -84.277  14.340 0.0000000000
69003  -2.993  -84.119  13.753 0.0000000000
69004  -2.905  -84.895  13.279 0.0000000000
69005  -2.461  -85.488  12.230 0.0000000000
69006  -2.744  -85.620  12.866 0.0000000000
69048  -8.887  -90.669  16.962 0.0000000000
69049  -8.913  -90.307  18.281 0.0000000000
69050  -8.521  -90.331  17.422 0.0000000000
69051  -8.179  -89.984  17.866 0.0000000000
69052  -8.022  -90.474  16.712 0.0000000000
69053  -7.523  -90.660  16.299 0.0000000000
69054  -7.902  -91.114  15.776 0.0000000000
69055  -8.268  -92.920  13.473 0.0000000000
69056  -7.720  -92.639  14.123 0.0000000000
69057  -7.680  -93.382  13.373 0.0000000000
69058  -7.090  -93.794  13.274 0.0000000000
69059  -7.554  -94.021  12.612 0.0000000000
69060  -10.669  -93.764  11.327 0.0000000000
69061  -10.018  -93.433  11.698 0.0000000000
69062  -9.946  -94.198  10.930 0.0000000000
69063  -8.437  -95.684  9.860 0.0000000000
69064  -8.519  -95.001  10.536 0.0000000000
69065  -7.812  -95.377  10.434 0.0000000000
69066  -7.262  -95.168  11.143 0.0000000000
69067  -7.157  -95.845  10.364 0.0000000000
69068  -6.553  -96.325  10.256 0.0000000000
69069  -7.059  -96.572  9.702 0.0000000000
69070  -7.264  -98.447  8.494 0.0000000000
69071  -6.829  -98.085  8.828 0.0000000000
69072  -6.615  -98.830  8.411 0.0000000000
69073  -6.057  -99.138  8.214 0.0000000000
69074  -6.427  -99.524  8.013 0.0000000000
69075  -6.317  -100.079  7.520 0.0000000000
69076  -6.794  -99.897  7.753 0.0000000000
74359  -19.007  -73.145  19.458 0.0000000000
74360  -18.072  -73.258  18.908 0.0000000000
74361  -18.196  -73.698  19.270 0.0000000000
74379  -19.112  -74.329  21.153 0.0000000000
74380  -16.524  -75.477  19.960 0.0000000000
74381  -17.473  -75.017  19.925 0.0000000000
74382  -16.467  -74.980  19.635 0.0000000000
74383  -16.391  -74.521  19.300 0.0000000000
74384  -15.468  -74.764  19.519 0.0000000000
74385  -14.516  -74.424  19.566 0.0000000000
74386  -14.597  -74.949  19.837 0.0000000000
74387  -13.030  -75.849  20.902 0.0000000000
74388  -12.986  -75.275  20.664 0.0000000000
74389  -12.200  -75.465  21.114 0.0000000000
74390  -11.392  -75.058  21.297 0.0000000000
74391  -11.433  -75.659  21.570 0.0000000000
74392  -13.353  -77.982  22.228 0.0000000000
74393  -13.292  -77.506  21.827 0.0000000000
74394  -12.501  -77.708  22.233 0.0000000000
74395  -10.069  -77.073  23.012 0.0000000000
74396  -10.815  -76.922  22.568 0.0000000000
74397  -9.963  -76.520  22.757 0.0000000000
74398  -9.892  -75.962  22.498 0.0000000000
74399  -9.076  -76.135  22.909 0.0000000000
74400  -8.117  -75.747  23.012 0.0000000000
74401  -8.262  -76.323  23.305 0.0000000000
74402  -6.804  -77.326  24.294 0.0000000000
74403  -6.636  -76.818  24.061 0.0000000000
74404  -5.947  -77.177  24.333 0.0000000000
74405  -5.222  -77.135  24.226 0.0000000000
74406  -5.409  -77.626  24.485 0.0000000000
87330  -18.180  -67.967  10.661 0.0000000000
87331  -18.945  -67.877  10.871 0.0000000000
87332  -18.374  -67.938  10.007 0.0000000000
87375  -19.118  -70.198  17.812 0.0000000000
87376  -19.923  -69.721  18.016 0.0000000000
87377  -19.019  -69.799  17.579 0.0000000000
87378  -17.888  -68.691  17.231 0.0000000000
87379  -18.790  -68.933  17.265 0.0000000000
87380  -18.698  -68.583  17.040 0.0000000000
87381  -19.478  -68.348  17.003 0.0000000000
87382  -18.579  -68.155  16.852 0.0000000000
87383  -18.479  -67.818  16.561 0.0000000000
87384  -17.721  -67.802  16.773 0.0000000000
87385  -15.303  -67.130  16.072 0.0000000000
87386  -16.066  -67.125  16.090 0.0000000000
87387  -15.245  -67.123  15.328 0.0000000000
87388  -15.182  -67.215  14.553 0.0000000000
87389  -14.464  -67.288  14.443 0.0000000000
87390  -12.707  -71.914  19.023 0.0000000000
87391  -13.526  -71.809  18.787 0.0000000000
87392  -12.617  -71.276  18.709 0.0000000000
87393  -11.420  -69.533  17.621 0.0000000000
87394  -12.385  -70.001  18.050 0.0000000000
87395  -12.302  -69.385  17.713 0.0000000000
87396  -13.159  -69.244  17.723 0.0000000000
87397  -12.192  -68.858  17.212 0.0000000000
87398  -7.713  -68.937  15.426 0.0000000000
87399  -8.579  -68.907  15.877 0.0000000000
87400  -8.602  -68.627  15.291 0.0000000000
87401  -10.452  -68.009  14.590 0.0000000000
87402  -10.410  -68.148  15.237 0.0000000000
87403  -11.281  -67.971  15.266 0.0000000000
87404  -12.126  -67.996  16.020 0.0000000000
87405  -12.127  -67.800  15.373 0.0000000000
87406  -12.952  -67.620  15.548 0.0000000000
87407  -12.131  -67.681  14.646 0.0000000000
87408  -11.561  -67.741  12.599 0.0000000000
87409  -12.231  -67.663  13.327 0.0000000000
87410  -12.314  -67.678  12.601 0.0000000000
87411  -13.056  -67.589  12.693 0.0000000000
87412  -12.470  -67.692  11.883 0.0000000000
87524  -16.671  -78.491  27.806 0.0000000000
87528  -16.198  -81.033  33.049 0.0000000000
87529  -17.267  -80.475  33.075 0.0000000000
87530  -16.762  -80.523  32.565 0.0000000000
87531  -17.273  -79.939  32.109 0.0000000000
87532  -16.257  -80.492  32.043 0.0000000000
87533  -12.008  -82.249  33.056 0.0000000000
87534  -13.036  -81.991  33.078 0.0000000000
87535  -12.586  -81.917  32.433 0.0000000000
87536  -13.460  -81.066  30.676 0.0000000000
87537  -13.806  -81.172  31.306 0.0000000000
87538  -14.457  -80.762  30.806 0.0000000000
87539  -15.458  -80.351  30.911 0.0000000000
87540  -15.130  -80.302  30.291 0.0000000000
87541  -15.780  -79.767  29.839 0.0000000000
87542  -14.819  -80.254  29.655 0.0000000000
87543  -13.376  -80.454  28.103 0.0000000000
87544  -14.308  -80.149  28.277 0.0000000000
87545  -14.120  -80.085  27.582 0.0000000000
87546  -14.868  -79.624  27.129 0.0000000000
87547  -13.951  -80.058  26.881 0.0000000000
87548  -13.863  -79.956  26.235 0.0000000000
87549  -13.111  -80.300  26.756 0.0000000000
87550  -10.948  -80.671  27.180 0.0000000000
87551  -11.669  -80.474  26.575 0.0000000000
87552  -10.910  -80.427  26.485 0.0000000000
87553  -10.861  -80.097  25.817 0.0000000000
87554  -10.119  -80.286  26.387 0.0000000000
87555  -8.156  -81.468  29.651 0.0000000000
87556  -8.880  -81.274  29.065 0.0000000000
87557  -8.014  -81.100  28.871 0.0000000000
87558  -6.975  -80.129  27.077 0.0000000000
87559  -7.762  -80.304  27.356 0.0000000000
87560  -7.671  -79.898  26.610 0.0000000000
87561  -8.385  -79.703  26.074 0.0000000000
87562  -7.538  -79.406  25.889 0.0000000000
87563  -7.371  -78.861  25.276 0.0000000000
87564  -6.717  -79.177  25.680 0.0000000000
87565  -5.381  -79.749  25.237 0.0000000000
87566  -5.480  -79.152  25.199 0.0000000000
87567  -5.171  -79.335  24.832 0.0000000000
87568  -4.887  -78.918  24.487 0.0000000000
87569  -4.946  -79.602  24.393 0.0000000000
87611  -5.288  -86.363  31.002 0.0000000000
87612  -5.458  -86.665  31.953 0.0000000000
87613  -5.146  -85.958  32.125 0.0000000000
87614  -5.122  -85.529  33.157 0.0000000000
87615  -4.915  -85.270  32.190 0.0000000000
87616  -4.844  -84.582  32.188 0.0000000000
87617  -4.820  -85.032  31.181 0.0000000000
87618  -5.018  -84.864  28.135 0.0000000000
87619  -4.856  -84.499  29.171 0.0000000000
87620  -4.924  -84.146  28.172 0.0000000000
87621  -4.909  -83.434  28.224 0.0000000000
87622  -5.005  -83.788  27.258 0.0000000000
87623  -6.178  -86.182  23.900 0.0000000000
87624  -5.942  -85.828  24.868 0.0000000000
87625  -5.824  -85.622  24.138 0.0000000000
87626  -5.259  -84.055  23.896 0.0000000000
87627  -5.400  -84.325  24.544 0.0000000000
87628  -5.266  -83.606  24.738 0.0000000000
87629  -5.202  -83.168  25.618 0.0000000000
87630  -5.255  -82.841  24.941 0.0000000000
87631  -5.296  -82.059  25.110 0.0000000000
87632  -5.252  -82.523  24.388 0.0000000000
87633  -4.782  -82.328  22.868 0.0000000000
87634  -5.037  -81.818  23.420 0.0000000000
87635  -4.804  -81.431  23.059 0.0000000000
87636  -4.711  -80.485  23.260 0.0000000000
87637  -4.658  -81.000  22.726 0.0000000000
87638  -4.575  -80.476  22.451 0.0000000000
87639  -4.560  -81.470  22.287 0.0000000000
87640  -4.021  -83.257  20.918 0.0000000000
87641  -4.262  -82.389  21.254 0.0000000000
87642  -4.208  -82.854  20.571 0.0000000000
87643  -4.458  -82.484  20.150 0.0000000000
87644  -4.206  -83.401  19.756 0.0000000000
87645  -3.861  -86.680  19.360 0.0000000000
87646  -3.722  -85.871  19.675 0.0000000000
87647  -3.597  -86.358  18.874 0.0000000000
87648  -3.435  -86.334  16.933 0.0000000000
87649  -3.510  -85.781  17.872 0.0000000000
87650  -3.703  -85.526  17.375 0.0000000000
87651  -4.143  -84.653  17.882 0.0000000000
87652  -3.954  -85.257  16.845 0.0000000000
87653  -4.102  -84.992  16.277 0.0000000000
87654  -3.710  -85.855  15.811 0.0000000000
87655  -3.204  -87.893  13.192 0.0000000000
87656  -3.213  -87.006  13.648 0.0000000000
87657  -2.896  -87.577  12.571 0.0000000000
87658  -2.545  -87.306  11.980 0.0000000000
87659  -2.564  -88.221  11.551 0.0000000000
87660  -6.432  -91.280  15.789 0.0000000000
87661  -6.096  -90.791  16.235 0.0000000000
87662  -5.894  -91.588  15.587 0.0000000000
87663  -4.765  -92.829  14.447 0.0000000000
87664  -4.919  -92.010  15.055 0.0000000000
87665  -4.509  -92.138  14.690 0.0000000000
87666  -4.277  -91.407  14.903 0.0000000000
87667  -4.121  -92.125  14.182 0.0000000000
87668  -4.314  -95.709  11.214 0.0000000000
87669  -4.342  -95.083  12.125 0.0000000000
87670  -3.953  -95.052  11.551 0.0000000000
87671  -3.190  -93.267  11.183 0.0000000000
87672  -3.393  -93.446  11.983 0.0000000000
87673  -3.328  -92.593  12.084 0.0000000000
87674  -3.511  -91.975  12.898 0.0000000000
87675  -3.321  -91.733  12.180 0.0000000000
87676  -3.318  -90.847  12.275 0.0000000000
87677  -3.114  -91.468  11.380 0.0000000000
87678  -2.425  -91.501  8.838 0.0000000000
87679  -2.523  -90.837  9.807 0.0000000000
87680  -2.289  -90.529  9.075 0.0000000000
87681  -2.165  -89.568  9.398 0.0000000000
87682  -2.173  -90.237  8.354 0.0000000000
87683  -2.225  -89.984  7.747 0.0000000000
87684  -2.344  -90.924  7.414 0.0000000000
87685  -3.553  -93.047  5.807 0.0000000000
87686  -3.358  -92.140  5.934 0.0000000000
87687  -4.110  -92.743  5.547 0.0000000000
87688  -4.771  -92.453  5.511 0.0000000000
87689  -5.020  -93.259  5.402 0.0000000000
87690  -4.750  -96.213  5.680 0.0000000000
87691  -4.432  -95.546  5.634 0.0000000000
87692  -5.266  -95.813  5.473 0.0000000000
93280  -4.989  -76.152  23.505 0.0000000000
93281  -4.837  -75.646  23.061 0.0000000000
93282  -4.514  -76.358  23.112 0.0000000000
93283  -4.256  -76.668  22.618 0.0000000000
93284  -4.275  -77.051  22.070 0.0000000000
93285  -4.368  -77.426  21.487 0.0000000000
93286  -4.321  -77.804  22.016 0.0000000000
93287  -4.414  -78.597  21.908 0.0000000000
93288  -4.519  -79.405  21.795 0.0000000000
94362  -17.717  -77.061  25.003 0.0000000000
94363  -16.929  -77.781  24.478 0.0000000000
94364  -16.090  -78.300  24.054 0.0000000000
94365  -15.219  -78.631  23.685 0.0000000000
94366  -15.282  -78.784  24.257 0.0000000000
94367  -14.499  -79.218  24.529 0.0000000000
94368  -13.770  -79.566  24.875 0.0000000000
96952  -16.448  -67.706  12.610 0.0000000000
96953  -16.501  -67.791  11.875 0.0000000000
96954  -15.850  -67.718  11.699 0.0000000000
96955  -15.425  -67.732  10.803 0.0000000000
96961  -17.820  -72.387  18.305 0.0000000000
96962  -17.665  -71.895  18.057 0.0000000000
96963  -16.820  -72.208  18.143 0.0000000000
96964  -15.895  -71.917  18.171 0.0000000000
96965  -15.076  -71.508  18.305 0.0000000000
96966  -3.930  -71.156  15.091 0.0000000000
96967  -4.552  -70.358  14.870 0.0000000000
96979  -2.282  -85.328  11.004 0.0000000000
96980  -2.524  -85.313  10.524 0.0000000000
96981  -2.391  -85.987  10.028 0.0000000000
96982  -2.641  -86.663  9.190 0.0000000000
96983  -3.019  -87.356  8.460 0.0000000000
96984  -3.578  -88.129  7.864 0.0000000000
96985  -2.951  -88.068  7.965 0.0000000000
96986  -2.929  -88.781  7.443 0.0000000000
96987  -2.941  -89.497  6.978 0.0000000000
96993  -8.479  -83.544  34.952 0.0000000000
96994  -8.901  -83.198  34.329 0.0000000000
96995  -7.970  -83.318  34.248 0.0000000000
96996  -7.620  -83.076  33.613 0.0000000000
96997  -7.333  -82.820  32.943 0.0000000000
96998  -7.139  -82.565  32.253 0.0000000000
96999  -6.549  -82.924  32.784 0.0000000000
97000  -5.766  -83.061  32.440 0.0000000000
97001  -5.206  -83.313  31.844 0.0000000000
97007  -8.214  -89.409  20.408 0.0000000000
97008  -8.012  -89.287  21.638 0.0000000000
97009  -7.827  -89.010  20.751 0.0000000000
97010  -7.473  -88.562  21.140 0.0000000000
97011  -7.195  -88.087  21.501 0.0000000000
97012  -6.972  -87.703  21.718 0.0000000000
97013  -6.756  -88.061  20.875 0.0000000000
97014  -6.267  -88.089  20.362 0.0000000000
97015  -5.763  -88.149  19.937 0.0000000000
97016  -5.331  -88.230  19.469 0.0000000000
97017  -5.697  -88.675  19.060 0.0000000000
97018  -5.589  -89.258  18.095 0.0000000000
97019  -5.429  -89.889  17.183 0.0000000000
97020  -5.383  -98.441  8.590 0.0000000000
97021  -5.074  -98.027  8.828 0.0000000000
97022  -5.015  -98.509  8.144 0.0000000000
97023  -4.715  -98.427  7.590 0.0000000000
97024  -4.547  -98.248  7.012 0.0000000000
97025  -4.618  -98.014  6.477 0.0000000000
97026  -4.849  -98.547  6.413 0.0000000000
97027  -5.332  -98.781  5.929 0.0000000000
97028  -5.953  -98.950  5.492 0.0000000000
97029  -6.638  -99.021  5.201 0.0000000000
97030  -6.119  -99.390  5.317 0.0000000000
101276  -20.753  -66.865  15.697 0.0000000000
101277  -19.839  -67.254  15.192 0.0000000000
101278  -19.912  -67.323  15.613 0.0000000000
101279  -19.046  -67.439  15.634 0.0000000000
101280  -18.268  -67.403  15.744 0.0000000000
101281  -11.287  -73.970  20.703 0.0000000000
101282  -11.191  -73.408  20.324 0.0000000000
101283  -10.313  -73.539  20.683 0.0000000000
101284  -9.299  -73.116  20.579 0.0000000000
101285  -8.299  -72.775  20.418 0.0000000000
101286  -4.731  -73.940  20.525 0.0000000000
101287  -5.132  -73.312  20.276 0.0000000000
101288  -4.643  -73.523  19.827 0.0000000000
101289  -4.540  -73.111  19.137 0.0000000000
101290  -4.346  -72.676  18.514 0.0000000000
101291  -4.169  -72.249  17.887 0.0000000000
101292  -3.776  -73.100  18.103 0.0000000000
101293  -3.282  -73.758  17.667 0.0000000000
101294  -2.882  -74.568  17.114 0.0000000000
101295  -2.589  -75.383  16.532 0.0000000000
101296  -2.771  -75.574  17.245 0.0000000000
101297  -2.735  -76.561  17.319 0.0000000000
101298  -2.797  -77.555  17.284 0.0000000000
101299  -4.376  -79.693  18.871 0.0000000000
101300  -4.018  -79.517  18.276 0.0000000000
101301  -4.290  -80.409  18.068 0.0000000000
101302  -4.105  -81.169  17.117 0.0000000000
101303  -3.840  -81.911  16.146 0.0000000000
101304  -3.466  -82.624  15.192 0.0000000000
101305  -3.969  -82.747  15.774 0.0000000000
101306  -3.992  -83.604  15.388 0.0000000000
101307  -3.886  -84.436  14.995 0.0000000000
101334  -9.294  -91.041  16.455 0.0000000000
101335  -8.847  -91.195  15.728 0.0000000000
101336  -8.321  -91.506  15.244 0.0000000000
101337  -8.812  -91.842  14.694 0.0000000000
101338  -8.845  -92.449  13.740 0.0000000000
101339  -8.855  -93.075  12.833 0.0000000000
101340  -10.486  -95.375  9.964 0.0000000000
101341  -9.864  -94.939  10.239 0.0000000000
101342  -9.742  -95.726  9.645 0.0000000000
101343  -9.047  -96.080  9.467 0.0000000000
101344  -8.357  -96.455  9.360 0.0000000000
101345  -7.695  -96.849  9.266 0.0000000000
101346  -8.219  -97.230  8.942 0.0000000000
101347  -7.961  -98.018  8.530 0.0000000000
101348  -7.670  -98.836  8.154 0.0000000000
101349  -7.377  -99.583  7.846 0.0000000000
104526  -18.406  -76.033  22.888 0.0000000000
104528  -18.393  -75.846  22.349 0.0000000000
104529  -18.377  -75.589  21.855 0.0000000000
104530  -18.391  -75.343  21.371 0.0000000000
104531  -18.382  -75.077  20.900 0.0000000000
104532  -17.535  -75.680  20.796 0.0000000000
104533  -16.595  -75.849  20.366 0.0000000000
104534  -15.626  -75.798  20.127 0.0000000000
104535  -14.671  -75.508  20.083 0.0000000000
104536  -14.759  -76.040  20.395 0.0000000000
104537  -13.880  -76.222  20.753 0.0000000000
104538  -13.106  -76.423  21.199 0.0000000000
104539  -11.922  -78.387  23.070 0.0000000000
104540  -11.806  -77.879  22.688 0.0000000000
104541  -11.071  -78.008  23.150 0.0000000000
104542  -10.199  -77.598  23.276 0.0000000000
104543  -9.302  -77.208  23.430 0.0000000000
104544  -8.389  -76.858  23.575 0.0000000000
104545  -8.522  -77.343  23.818 0.0000000000
104546  -7.721  -77.544  24.191 0.0000000000
104547  -6.960  -77.786  24.544 0.0000000000
112301  -20.430  -67.125  11.599 0.0000000000
112303  -18.005  -68.100  9.235 0.0000000000
112329  -17.282  -69.872  17.554 0.0000000000
112330  -18.076  -69.640  17.441 0.0000000000
112331  -17.173  -69.303  17.534 0.0000000000
112332  -17.108  -68.780  17.437 0.0000000000
112333  -17.054  -68.279  17.254 0.0000000000
112334  -17.000  -67.810  16.948 0.0000000000
112335  -16.257  -67.820  17.084 0.0000000000
112336  -15.413  -67.437  16.658 0.0000000000
112337  -14.551  -67.251  15.954 0.0000000000
112338  -10.728  -70.916  18.591 0.0000000000
112339  -11.636  -70.739  18.465 0.0000000000
112340  -10.621  -70.294  18.072 0.0000000000
112341  -10.513  -69.718  17.589 0.0000000000
112342  -10.442  -69.208  17.027 0.0000000000
112343  -7.858  -68.527  14.192 0.0000000000
112344  -8.669  -68.433  14.700 0.0000000000
112345  -8.784  -68.275  14.094 0.0000000000
112346  -9.679  -68.045  13.966 0.0000000000
112347  -10.537  -67.941  13.931 0.0000000000
112348  -11.352  -67.810  13.937 0.0000000000
112349  -10.639  -67.867  13.265 0.0000000000
112350  -10.776  -67.844  12.607 0.0000000000
112378  -2.676  -79.056  14.124 0.0000000000
112379  -3.076  -79.045  13.748 0.0000000000
112380  -2.946  -79.941  13.544 0.0000000000
112418  -17.057  -78.573  29.098 0.0000000000
112421  -16.247  -81.456  34.046 0.0000000000
112422  -15.619  -81.437  33.573 0.0000000000
112423  -15.097  -81.382  33.074 0.0000000000
112424  -11.170  -81.898  31.725 0.0000000000
112425  -12.168  -81.759  31.781 0.0000000000
112426  -11.830  -81.570  31.139 0.0000000000
112427  -12.483  -81.266  30.568 0.0000000000
112428  -13.143  -80.980  30.001 0.0000000000
112429  -13.837  -80.631  29.496 0.0000000000
112430  -12.869  -80.873  29.346 0.0000000000
112431  -12.633  -80.777  28.679 0.0000000000
112432  -12.489  -80.664  28.015 0.0000000000
112433  -12.416  -80.557  27.351 0.0000000000
112434  -11.683  -80.800  27.951 0.0000000000
112435  -11.022  -80.904  27.907 0.0000000000
112436  -10.310  -80.903  27.835 0.0000000000
112437  -6.556  -81.212  29.090 0.0000000000
112438  -7.173  -80.892  28.599 0.0000000000
112439  -6.477  -80.843  28.231 0.0000000000
112440  -6.365  -80.421  27.440 0.0000000000
112441  -6.279  -80.045  26.697 0.0000000000
112442  -6.162  -79.567  26.045 0.0000000000
112443  -5.746  -80.070  26.315 0.0000000000
112444  -5.502  -80.235  25.793 0.0000000000
112445  -5.371  -80.482  25.269 0.0000000000
112468  -6.496  -88.194  28.272 0.0000000000
112469  -6.202  -87.977  29.388 0.0000000000
112470  -5.974  -87.722  30.524 0.0000000000
112471  -5.893  -87.318  29.611 0.0000000000
112472  -5.551  -86.693  29.830 0.0000000000
112473  -5.222  -86.083  29.978 0.0000000000
112474  -4.948  -85.474  30.074 0.0000000000
112475  -5.236  -85.824  28.971 0.0000000000
112476  -5.251  -85.517  27.992 0.0000000000
112477  -5.303  -85.178  27.019 0.0000000000
112478  -5.596  -85.891  22.748 0.0000000000
112479  -5.631  -85.420  23.479 0.0000000000
112480  -5.310  -85.264  22.949 0.0000000000
112481  -5.107  -84.547  23.176 0.0000000000
112482  -5.034  -83.780  23.412 0.0000000000
112483  -5.094  -82.994  23.667 0.0000000000
112484  -4.855  -83.491  22.989 0.0000000000
112485  -4.684  -83.169  22.640 0.0000000000
112486  -4.519  -82.847  22.356 0.0000000000
112487  -4.434  -82.402  22.097 0.0000000000
112488  -4.264  -83.244  21.841 0.0000000000
112489  -4.015  -83.665  21.222 0.0000000000
112490  -3.828  -84.120  20.509 0.0000000000
112491  -3.783  -87.844  17.670 0.0000000000
112492  -3.533  -86.936  18.000 0.0000000000
112493  -3.525  -87.560  17.096 0.0000000000
112494  -3.446  -87.245  16.536 0.0000000000
112495  -3.430  -86.984  15.928 0.0000000000
112496  -3.486  -86.731  15.328 0.0000000000
112497  -3.488  -87.629  14.901 0.0000000000
112498  -3.463  -88.208  13.801 0.0000000000
112499  -3.256  -88.858  12.812 0.0000000000
112500  -6.160  -92.961  14.489 0.0000000000
112501  -5.750  -92.446  14.969 0.0000000000
112502  -5.645  -93.262  14.332 0.0000000000
112503  -5.093  -93.461  14.091 0.0000000000
112504  -4.585  -93.578  13.772 0.0000000000
112505  -3.668  -95.535  9.903 0.0000000000
112506  -3.629  -94.918  10.878 0.0000000000
112507  -3.391  -94.763  10.153 0.0000000000
112508  -3.122  -93.958  10.264 0.0000000000
112509  -2.981  -93.028  10.337 0.0000000000
112510  -2.913  -92.131  10.437 0.0000000000
112511  -2.770  -92.743  9.505 0.0000000000
112512  -2.593  -92.437  8.696 0.0000000000
112513  -2.475  -92.138  7.890 0.0000000000
112514  -2.504  -91.847  7.140 0.0000000000
112515  -2.708  -92.762  6.921 0.0000000000
112516  -3.200  -93.380  6.216 0.0000000000
112517  -3.889  -93.954  5.669 0.0000000000
112518  -6.466  -96.540  5.542 0.0000000000
112519  -6.169  -95.985  5.483 0.0000000000
117814  -7.818  -74.567  22.300 0.0000000000
117815  -7.620  -73.975  21.837 0.0000000000
117816  -6.759  -74.209  22.252 0.0000000000
117817  -5.878  -74.080  22.045 0.0000000000
117818  -5.218  -74.150  21.682 0.0000000000
117819  -4.775  -75.191  22.501 0.0000000000
117820  -4.746  -74.758  21.891 0.0000000000
117821  -4.720  -74.345  21.223 0.0000000000
117822  -4.469  -74.673  20.727 0.0000000000
117823  -4.282  -75.111  20.177 0.0000000000
117824  -4.042  -75.616  19.626 0.0000000000
117825  -3.774  -76.170  19.037 0.0000000000
117826  -4.101  -76.420  19.639 0.0000000000
117827  -4.199  -77.246  19.686 0.0000000000
117828  -4.315  -78.086  19.691 0.0000000000
117829  -4.478  -77.842  20.893 0.0000000000
117830  -4.523  -78.319  20.298 0.0000000000
117831  -4.458  -78.961  19.631 0.0000000000
117832  -4.596  -79.882  19.479 0.0000000000
117833  -4.732  -80.805  19.287 0.0000000000
117834  -4.829  -81.712  19.045 0.0000000000
117856  -11.310  -92.195  13.769 0.0000000000
117857  -10.724  -92.418  13.082 0.0000000000
117858  -11.362  -92.751  12.709 0.0000000000
117859  -11.354  -93.433  11.805 0.0000000000
117860  -11.346  -94.223  11.056 0.0000000000
117862  -11.928  -94.886  10.888 0.0000000000
117863  -11.265  -95.044  10.380 0.0000000000
117864  -11.031  -95.948  9.801 0.0000000000
120339  -18.379  -76.211  24.529 0.0000000000
120340  -18.407  -76.203  23.957 0.0000000000
120341  -18.415  -76.136  23.413 0.0000000000
120342  -17.679  -76.750  22.807 0.0000000000
120343  -16.844  -77.154  22.320 0.0000000000
120344  -15.895  -77.366  21.896 0.0000000000
120345  -14.963  -77.397  21.606 0.0000000000
120346  -15.036  -77.787  22.080 0.0000000000
120347  -14.225  -78.127  22.344 0.0000000000
120348  -13.462  -78.397  22.683 0.0000000000
120349  -14.343  -78.791  23.429 0.0000000000
120350  -13.520  -78.765  23.237 0.0000000000
120351  -12.726  -78.610  23.103 0.0000000000
120352  -12.013  -78.816  23.544 0.0000000000
120353  -11.316  -78.977  24.007 0.0000000000
120354  -10.613  -79.114  24.481 0.0000000000
126382  -19.682  -67.582  13.061 0.0000000000
126383  -19.677  -67.610  12.461 0.0000000000
126384  -18.787  -67.889  12.248 0.0000000000
126385  -18.054  -67.945  11.389 0.0000000000
126386  -17.487  -67.974  10.529 0.0000000000
126387  -16.585  -67.883  11.105 0.0000000000
126406  -19.252  -70.643  18.017 0.0000000000
126407  -18.299  -70.566  17.716 0.0000000000
126408  -17.524  -71.393  17.856 0.0000000000
126409  -17.458  -70.875  17.725 0.0000000000
126410  -17.388  -70.357  17.631 0.0000000000
126411  -16.529  -70.028  17.730 0.0000000000
126412  -15.701  -69.562  17.859 0.0000000000
126413  -14.851  -69.066  17.764 0.0000000000
126414  -6.863  -70.049  16.921 0.0000000000
126415  -7.714  -69.682  16.671 0.0000000000
126416  -6.819  -69.646  16.271 0.0000000000
126417  -6.824  -69.294  15.602 0.0000000000
126418  -6.832  -68.996  14.969 0.0000000000
126419  -5.272  -69.689  14.635 0.0000000000
126420  -6.075  -69.195  14.478 0.0000000000
126421  -6.948  -68.823  14.320 0.0000000000
126422  -7.099  -68.713  13.700 0.0000000000
126445  -2.514  -82.358  13.039 0.0000000000
126446  -2.787  -82.390  12.583 0.0000000000
126447  -2.744  -83.161  12.117 0.0000000000
126448  -3.059  -83.941  11.210 0.0000000000
126450  -2.902  -85.338  10.170 0.0000000000
126451  -3.409  -85.391  9.986 0.0000000000
126478  -12.923  -82.360  34.272 0.0000000000
126479  -11.921  -82.625  34.320 0.0000000000
126480  -11.416  -82.545  33.673 0.0000000000
126481  -10.945  -82.417  33.009 0.0000000000
126482  -9.398  -82.871  33.673 0.0000000000
126483  -9.956  -82.542  32.983 0.0000000000
126484  -10.532  -82.229  32.331 0.0000000000
126485  -10.225  -82.010  31.683 0.0000000000
126486  -9.992  -81.863  31.094 0.0000000000
126487  -9.848  -81.722  30.465 0.0000000000
126488  -9.750  -81.558  29.819 0.0000000000
126489  -9.099  -81.803  30.454 0.0000000000
126490  -8.306  -81.794  30.394 0.0000000000
126491  -7.468  -81.656  30.223 0.0000000000
126492  -6.952  -82.274  31.511 0.0000000000
126493  -6.786  -81.918  30.710 0.0000000000
126494  -6.668  -81.575  29.893 0.0000000000
126495  -5.976  -81.584  29.404 0.0000000000
126496  -5.520  -81.776  28.845 0.0000000000
126497  -5.216  -82.051  28.144 0.0000000000
126514  -7.792  -89.175  22.814 0.0000000000
126518  -6.963  -87.611  25.256 0.0000000000
126519  -6.668  -87.080  25.412 0.0000000000
126520  -6.334  -86.587  25.565 0.0000000000
126521  -6.689  -86.804  24.508 0.0000000000
126522  -6.562  -86.653  23.679 0.0000000000
126523  -6.316  -86.558  23.013 0.0000000000
126524  -6.704  -87.316  21.942 0.0000000000
126525  -6.359  -86.903  22.204 0.0000000000
126526  -5.969  -86.437  22.490 0.0000000000
126527  -5.473  -86.335  22.017 0.0000000000
126528  -4.994  -86.180  21.577 0.0000000000
126529  -4.549  -85.937  21.159 0.0000000000
126530  -4.170  -85.659  20.761 0.0000000000
126531  -4.411  -86.396  20.477 0.0000000000
126532  -4.248  -86.893  19.787 0.0000000000
126533  -4.159  -87.451  19.046 0.0000000000
126534  -4.917  -88.256  19.026 0.0000000000
126535  -4.517  -88.188  18.648 0.0000000000
126536  -4.126  -88.068  18.208 0.0000000000
126537  -4.111  -88.712  17.304 0.0000000000
126538  -4.118  -89.335  16.428 0.0000000000
126539  -4.061  -89.943  15.536 0.0000000000
126540  -5.711  -95.832  11.462 0.0000000000
126541  -5.263  -95.476  12.011 0.0000000000
126542  -5.168  -96.116  11.195 0.0000000000
126543  -4.724  -96.281  10.794 0.0000000000
126544  -4.334  -96.340  10.321 0.0000000000
126545  -4.746  -97.550  9.117 0.0000000000
126546  -4.389  -96.987  9.403 0.0000000000
126547  -4.021  -96.301  9.669 0.0000000000
126548  -3.717  -96.171  8.947 0.0000000000
126549  -3.533  -96.004  8.194 0.0000000000
126550  -3.434  -95.767  7.417 0.0000000000
126551  -3.480  -95.500  6.661 0.0000000000
126552  -3.755  -96.240  6.661 0.0000000000
126553  -4.338  -96.573  6.102 0.0000000000
126554  -5.057  -96.853  5.743 0.0000000000
126555  -4.921  -97.743  6.049 0.0000000000
126556  -5.336  -97.415  5.755 0.0000000000
126557  -5.882  -96.995  5.593 0.0000000000
130263  -17.091  -77.826  26.194 0.0000000000
135726  -20.488  -66.989  13.838 0.0000000000
135727  -19.677  -67.469  13.635 0.0000000000
135728  -18.784  -67.703  13.530 0.0000000000
135729  -17.970  -67.713  13.549 0.0000000000
135730  -18.916  -67.464  14.717 0.0000000000
135731  -18.017  -67.575  14.174 0.0000000000
135732  -17.199  -67.651  13.487 0.0000000000
135733  -16.467  -67.566  13.344 0.0000000000
135734  -15.757  -67.503  13.196 0.0000000000
135735  -15.132  -67.514  13.057 0.0000000000
135736  -14.455  -73.381  19.168 0.0000000000
135737  -14.412  -72.866  18.952 0.0000000000
135738  -13.634  -72.995  19.326 0.0000000000
135739  -12.822  -72.526  19.359 0.0000000000
135740  -11.859  -72.024  19.240 0.0000000000
135741  -11.093  -72.809  19.925 0.0000000000
135742  -10.981  -72.154  19.466 0.0000000000
135743  -10.849  -71.530  19.028 0.0000000000
135744  -9.814  -71.142  18.771 0.0000000000
135745  -8.832  -70.851  18.364 0.0000000000
135746  -7.855  -70.647  17.925 0.0000000000
135747  -7.490  -73.484  21.315 0.0000000000
135748  -7.381  -72.983  20.750 0.0000000000
135749  -7.268  -72.541  20.118 0.0000000000
135750  -5.657  -72.801  20.011 0.0000000000
135751  -6.357  -72.412  19.753 0.0000000000
135752  -7.164  -72.059  19.475 0.0000000000
135753  -7.062  -71.508  18.801 0.0000000000
135754  -6.964  -71.004  18.147 0.0000000000
135755  -6.886  -70.523  17.528 0.0000000000
135756  -5.991  -70.455  17.158 0.0000000000
135757  -5.141  -70.513  16.743 0.0000000000
135758  -4.483  -70.805  16.306 0.0000000000
135759  -4.039  -71.889  17.204 0.0000000000
135760  -3.935  -71.557  16.529 0.0000000000
135761  -3.874  -71.289  15.832 0.0000000000
135762  -3.400  -72.076  15.281 0.0000000000
135769  -2.440  -76.262  15.919 0.0000000000
135770  -2.379  -77.170  15.299 0.0000000000
135771  -2.467  -78.115  14.694 0.0000000000
135772  -2.416  -79.109  14.665 0.0000000000
135773  -2.382  -80.004  14.523 0.0000000000
135774  -2.368  -80.840  14.262 0.0000000000
135775  -3.448  -76.883  18.504 0.0000000000
135776  -3.176  -77.661  17.894 0.0000000000
135777  -2.951  -78.476  17.235 0.0000000000
135778  -3.577  -79.434  17.674 0.0000000000
135779  -3.142  -79.362  17.103 0.0000000000
135780  -2.721  -79.325  16.568 0.0000000000
135781  -2.577  -80.120  15.740 0.0000000000
135782  -2.462  -80.887  14.848 0.0000000000
135783  -2.378  -81.627  13.930 0.0000000000
135784  -2.413  -82.357  13.551 0.0000000000
135785  -2.455  -83.121  13.096 0.0000000000
135786  -2.455  -83.896  12.610 0.0000000000
135787  -3.007  -83.325  14.218 0.0000000000
135788  -2.670  -83.998  13.179 0.0000000000
135789  -2.399  -84.657  12.102 0.0000000000
135790  -2.286  -85.381  11.599 0.0000000000
135791  -2.175  -86.097  11.162 0.0000000000
135792  -2.090  -86.834  10.730 0.0000000000
135846  -8.901  -90.098  19.601 0.0000000000
135847  -8.582  -89.760  19.998 0.0000000000
135848  -8.257  -89.653  19.113 0.0000000000
135849  -7.832  -89.609  18.359 0.0000000000
135850  -7.317  -89.643  17.756 0.0000000000
135851  -6.780  -89.824  17.330 0.0000000000
135852  -7.147  -90.211  16.796 0.0000000000
135853  -6.968  -90.946  16.013 0.0000000000
135854  -6.805  -91.780  15.294 0.0000000000
135855  -7.768  -91.880  14.931 0.0000000000
135856  -7.230  -92.248  14.738 0.0000000000
135857  -6.676  -92.629  14.654 0.0000000000
135858  -6.615  -93.422  13.915 0.0000000000
135859  -6.520  -94.199  13.179 0.0000000000
135860  -6.393  -94.855  12.468 0.0000000000
135861  -10.088  -92.760  12.603 0.0000000000
135862  -9.458  -93.182  12.259 0.0000000000
135863  -8.740  -93.716  12.056 0.0000000000
135864  -9.226  -94.605  10.682 0.0000000000
135865  -8.621  -94.339  11.256 0.0000000000
135866  -8.040  -94.169  11.932 0.0000000000
135867  -7.396  -94.607  11.858 0.0000000000
135868  -6.808  -95.038  11.841 0.0000000000
135869  -6.252  -95.469  11.686 0.0000000000
135870  -6.130  -96.096  10.867 0.0000000000
135871  -6.018  -96.794  10.098 0.0000000000
135872  -5.950  -97.521  9.439 0.0000000000
135873  -6.995  -97.345  9.229 0.0000000000
135874  -6.384  -97.830  9.121 0.0000000000
135875  -5.857  -98.195  8.912 0.0000000000
135876  -5.708  -98.783  8.426 0.0000000000
135877  -5.632  -99.314  7.828 0.0000000000
135878  -5.630  -99.797  7.229 0.0000000000
135879  -5.650  -100.179  6.601 0.0000000000
135880  -5.933  -100.165  7.111 0.0000000000
142401  -19.586  -71.858  18.995 0.0000000000
142403  -19.644  -72.162  19.375 0.0000000000
142404  -18.816  -72.400  18.683 0.0000000000
142405  -17.950  -72.827  18.584 0.0000000000
142406  -17.045  -73.195  18.602 0.0000000000
142407  -16.138  -73.505  18.746 0.0000000000
142428  -19.095  -73.760  20.302 0.0000000000
142429  -18.353  -74.776  20.464 0.0000000000
142430  -18.317  -74.436  20.034 0.0000000000
142431  -18.258  -74.060  19.654 0.0000000000
142432  -17.294  -74.140  19.211 0.0000000000
142433  -16.254  -73.994  19.004 0.0000000000
142434  -15.303  -73.735  19.030 0.0000000000
142435  -14.494  -73.886  19.382 0.0000000000
142436  -13.708  -74.026  19.778 0.0000000000
142437  -12.934  -74.188  20.198 0.0000000000
142438  -13.778  -75.105  20.231 0.0000000000
142439  -12.955  -74.722  20.435 0.0000000000
142440  -12.160  -74.354  20.619 0.0000000000
142441  -11.360  -74.491  21.030 0.0000000000
142442  -10.558  -74.680  21.436 0.0000000000
142443  -9.729  -74.882  21.852 0.0000000000
142444  -14.088  -77.267  21.453 0.0000000000
142445  -13.200  -76.989  21.492 0.0000000000
142446  -12.329  -76.597  21.644 0.0000000000
142447  -11.673  -77.322  22.355 0.0000000000
142448  -11.560  -76.761  22.093 0.0000000000
142449  -11.489  -76.211  21.835 0.0000000000
142450  -10.677  -75.831  22.033 0.0000000000
142451  -9.807  -75.435  22.197 0.0000000000
142452  -8.829  -74.994  22.286 0.0000000000
142453  -7.965  -75.162  22.685 0.0000000000
142454  -7.105  -75.383  23.090 0.0000000000
142455  -6.302  -75.678  23.466 0.0000000000
142456  -7.429  -76.533  23.697 0.0000000000
142457  -6.471  -76.267  23.787 0.0000000000
142458  -5.622  -76.108  23.761 0.0000000000
142459  -5.103  -76.637  23.894 0.0000000000
142460  -4.737  -77.264  23.926 0.0000000000
142461  -4.527  -77.948  23.852 0.0000000000
158047  -19.721  -67.669  11.811 0.0000000000
158048  -19.729  -67.615  11.210 0.0000000000
158049  -19.806  -67.509  10.599 0.0000000000
158050  -18.652  -67.962  9.417 0.0000000000
158051  -19.281  -67.740  9.659 0.0000000000
158052  -19.886  -67.404  9.987 0.0000000000
158104  -18.898  -69.351  17.412 0.0000000000
158105  -19.700  -68.982  17.510 0.0000000000
158106  -20.436  -68.490  17.668 0.0000000000
158107  -20.358  -68.237  17.352 0.0000000000
158108  -20.262  -67.934  17.084 0.0000000000
158109  -20.174  -67.702  16.755 0.0000000000
158110  -19.255  -67.745  16.429 0.0000000000
158111  -18.390  -67.526  16.222 0.0000000000
158112  -17.547  -67.276  15.921 0.0000000000
158113  -16.936  -67.417  16.584 0.0000000000
158114  -16.819  -67.179  16.037 0.0000000000
158115  -16.705  -67.139  15.390 0.0000000000
158116  -15.880  -67.172  14.639 0.0000000000
158117  -15.135  -67.395  13.804 0.0000000000
158118  -14.454  -67.521  12.934 0.0000000000
158119  -14.357  -72.267  18.741 0.0000000000
158120  -14.305  -71.664  18.541 0.0000000000
158121  -14.259  -71.091  18.347 0.0000000000
158122  -12.517  -70.615  18.387 0.0000000000
158123  -13.344  -70.562  18.281 0.0000000000
158124  -14.168  -70.433  18.162 0.0000000000
158125  -14.083  -69.754  17.983 0.0000000000
158126  -14.021  -69.145  17.751 0.0000000000
158127  -13.942  -68.579  17.436 0.0000000000
158128  -8.593  -69.301  16.502 0.0000000000
158129  -9.484  -68.990  16.423 0.0000000000
158130  -10.399  -68.760  16.432 0.0000000000
158131  -9.496  -68.377  15.207 0.0000000000
158132  -10.396  -68.359  15.840 0.0000000000
158133  -11.279  -68.563  16.550 0.0000000000
158134  -12.121  -68.381  16.677 0.0000000000
158135  -12.979  -68.194  16.854 0.0000000000
158136  -13.859  -68.023  17.040 0.0000000000
158137  -13.818  -67.678  16.412 0.0000000000
158138  -13.770  -67.419  15.752 0.0000000000
158139  -13.711  -67.355  15.028 0.0000000000
158140  -12.158  -67.668  14.007 0.0000000000
158141  -12.953  -67.526  14.137 0.0000000000
158142  -13.704  -67.385  14.280 0.0000000000
158143  -13.716  -67.480  13.519 0.0000000000
158144  -13.748  -67.540  12.803 0.0000000000
158145  -13.859  -67.586  12.049 0.0000000000
158279  -17.192  -77.810  26.876 0.0000000000
158280  -16.321  -78.501  26.402 0.0000000000
158289  -17.404  -79.303  31.204 0.0000000000
158290  -13.473  -82.042  33.673 0.0000000000
158291  -14.053  -81.695  33.074 0.0000000000
158292  -14.636  -81.330  32.492 0.0000000000
158293  -13.173  -81.559  31.851 0.0000000000
158294  -14.209  -81.279  31.889 0.0000000000
158295  -15.231  -80.936  31.949 0.0000000000
158296  -15.829  -80.437  31.499 0.0000000000
158297  -16.442  -79.914  31.024 0.0000000000
158298  -17.063  -79.285  30.656 0.0000000000
158299  -16.723  -79.261  30.035 0.0000000000
158300  -16.421  -79.197  29.441 0.0000000000
158301  -16.177  -79.179  28.788 0.0000000000
158302  -14.556  -80.195  28.987 0.0000000000
158303  -15.258  -79.704  28.531 0.0000000000
158304  -15.956  -79.140  28.137 0.0000000000
158305  -15.789  -79.106  27.451 0.0000000000
158306  -15.601  -79.079  26.745 0.0000000000
158307  -15.485  -79.054  26.059 0.0000000000
158308  -14.666  -79.511  25.777 0.0000000000
158309  -13.851  -79.795  25.556 0.0000000000
158310  -13.038  -79.906  25.394 0.0000000000
158311  -12.393  -80.407  26.667 0.0000000000
158312  -12.330  -80.209  25.969 0.0000000000
158313  -12.257  -79.944  25.286 0.0000000000
158314  -11.532  -79.893  25.223 0.0000000000
158315  -10.725  -79.629  25.113 0.0000000000
158316  -9.874  -79.346  25.012 0.0000000000
158317  -9.714  -81.351  29.149 0.0000000000
158318  -9.611  -81.091  28.464 0.0000000000
158319  -9.522  -80.784  27.735 0.0000000000
158320  -7.883  -80.676  28.071 0.0000000000
158321  -8.639  -80.544  27.549 0.0000000000
158322  -9.395  -80.433  26.994 0.0000000000
158323  -9.244  -80.002  26.223 0.0000000000
158324  -9.119  -79.528  25.516 0.0000000000
158325  -9.004  -79.003  24.898 0.0000000000
158326  -8.100  -78.607  24.850 0.0000000000
158327  -7.145  -78.320  24.883 0.0000000000
158328  -6.300  -78.152  24.867 0.0000000000
158329  -6.004  -79.088  25.484 0.0000000000
158330  -5.804  -78.602  25.082 0.0000000000
158331  -5.589  -78.120  24.824 0.0000000000
158332  -5.053  -78.249  24.541 0.0000000000
158333  -4.705  -78.449  24.151 0.0000000000
158334  -4.468  -78.723  23.674 0.0000000000
158361  -5.901  -84.720  34.646 0.0000000000
158383  -5.790  -87.389  31.690 0.0000000000
158386  -5.504  -85.773  33.999 0.0000000000
158387  -5.373  -85.098  34.007 0.0000000000
158388  -5.430  -84.427  33.918 0.0000000000
158389  -5.117  -84.161  33.005 0.0000000000
158390  -4.908  -83.921  32.047 0.0000000000
158391  -4.843  -83.666  31.098 0.0000000000
158392  -4.747  -84.799  30.229 0.0000000000
158393  -4.748  -84.081  30.192 0.0000000000
158394  -4.865  -83.368  30.152 0.0000000000
158395  -4.941  -83.065  29.183 0.0000000000
158396  -5.002  -82.722  28.211 0.0000000000
158397  -5.034  -82.366  27.319 0.0000000000
158398  -5.983  -86.065  25.710 0.0000000000
158399  -5.652  -85.470  25.895 0.0000000000
158400  -5.382  -84.856  26.048 0.0000000000
158401  -5.576  -85.018  24.329 0.0000000000
158402  -5.453  -84.603  25.267 0.0000000000
158403  -5.209  -84.214  26.268 0.0000000000
158404  -5.122  -83.491  26.398 0.0000000000
158405  -5.106  -82.739  26.477 0.0000000000
158406  -5.179  -82.015  26.535 0.0000000000
158407  -5.304  -81.661  25.844 0.0000000000
158408  -5.339  -81.271  25.209 0.0000000000
158409  -5.259  -80.797  24.679 0.0000000000
158410  -5.167  -82.163  23.867 0.0000000000
158411  -5.151  -81.285  24.041 0.0000000000
158412  -5.048  -80.412  24.231 0.0000000000
158413  -4.805  -80.002  23.847 0.0000000000
158414  -4.593  -79.560  23.487 0.0000000000
158415  -4.403  -79.108  23.145 0.0000000000
158416  -4.450  -79.493  22.631 0.0000000000
158417  -4.523  -79.928  22.146 0.0000000000
158418  -4.568  -80.441  21.649 0.0000000000
158419  -4.440  -81.965  21.815 0.0000000000
158420  -4.474  -81.468  21.483 0.0000000000
158421  -4.617  -80.957  21.083 0.0000000000
158422  -4.619  -81.490  20.409 0.0000000000
158423  -4.704  -82.079  19.643 0.0000000000
158424  -4.800  -82.739  18.743 0.0000000000
158425  -3.905  -85.349  20.393 0.0000000000
158426  -3.730  -84.967  20.070 0.0000000000
158427  -3.736  -84.645  19.691 0.0000000000
158428  -3.461  -86.050  18.364 0.0000000000
158429  -3.604  -85.215  18.814 0.0000000000
158430  -3.926  -84.348  19.272 0.0000000000
158431  -4.197  -84.032  18.847 0.0000000000
158432  -4.530  -83.717  18.357 0.0000000000
158433  -4.717  -83.420  17.772 0.0000000000
158434  -4.545  -84.105  16.740 0.0000000000
158435  -4.118  -84.686  15.669 0.0000000000
158436  -3.603  -85.311  14.561 0.0000000000
158437  -3.460  -86.456  14.735 0.0000000000
158438  -3.342  -86.175  14.126 0.0000000000
158439  -3.112  -85.905  13.476 0.0000000000
158440  -2.604  -86.448  12.442 0.0000000000
158441  -2.248  -87.070  11.370 0.0000000000
158442  -2.054  -87.701  10.272 0.0000000000
158443  -6.260  -90.080  16.997 0.0000000000
158444  -5.746  -90.314  16.648 0.0000000000
158445  -5.289  -90.512  16.375 0.0000000000
158446  -5.370  -91.848  15.367 0.0000000000
158447  -5.095  -91.210  15.664 0.0000000000
158448  -4.852  -90.636  16.086 0.0000000000
158449  -4.468  -90.691  15.707 0.0000000000
158450  -4.141  -90.688  15.211 0.0000000000
158451  -3.886  -90.585  14.616 0.0000000000
158452  -4.821  -94.981  12.535 0.0000000000
158453  -4.427  -94.356  12.991 0.0000000000
158454  -4.114  -93.609  13.305 0.0000000000
158455  -3.612  -94.256  11.817 0.0000000000
158456  -3.690  -93.558  12.696 0.0000000000
158457  -3.889  -92.855  13.456 0.0000000000
158458  -3.791  -92.065  13.575 0.0000000000
158459  -3.699  -91.276  13.747 0.0000000000
158460  -3.681  -90.410  13.928 0.0000000000
158461  -3.515  -90.193  13.195 0.0000000000
158462  -3.302  -89.867  12.496 0.0000000000
158463  -2.998  -89.534  11.813 0.0000000000
158464  -2.849  -91.139  10.595 0.0000000000
158465  -2.749  -90.181  10.823 0.0000000000
158466  -2.640  -89.201  11.156 0.0000000000
158467  -2.305  -88.900  10.471 0.0000000000
158468  -2.082  -88.618  9.811 0.0000000000
158469  -1.995  -88.344  9.145 0.0000000000
158470  -2.148  -89.031  8.130 0.0000000000
158471  -2.489  -89.707  7.293 0.0000000000
158472  -2.983  -90.363  6.549 0.0000000000
158473  -2.766  -91.542  6.597 0.0000000000
158474  -3.139  -91.260  6.188 0.0000000000
158475  -3.735  -91.042  5.948 0.0000000000
158476  -4.587  -91.643  5.710 0.0000000000
158479  -3.764  -95.143  6.082 0.0000000000
158480  -4.147  -94.772  5.659 0.0000000000
158481  -4.664  -94.370  5.403 0.0000000000
158482  -5.820  -95.379  5.400 0.0000000000
158483  -5.509  -94.720  5.338 0.0000000000
158484  -5.289  -94.013  5.342 0.0000000000
158485  -5.917  -93.652  5.400 0.0000000000
