#!ascii label  , from subject studyTemplate vox2ras=TkReg
757
149  -31.800  -6.001  -35.155 0.0000000000
337  -27.554  1.578  -38.804 0.0000000000
603  -20.415  -7.495  -30.840 0.0000000000
604  -22.319  -15.814  -30.875 0.0000000000
817  -26.153  4.394  -36.950 0.0000000000
1759  -30.294  -1.949  -37.533 0.0000000000
2445  -23.786  -0.760  -32.627 0.0000000000
2446  -24.271  -3.973  -34.346 0.0000000000
2447  -25.293  -7.729  -34.492 0.0000000000
2449  -20.171  -11.291  -31.054 0.0000000000
2450  -27.689  -11.539  -32.943 0.0000000000
2451  -30.116  -15.409  -31.089 0.0000000000
3292  -32.416  -8.151  -34.393 0.0000000000
3892  -29.054  -0.066  -38.573 0.0000000000
5471  -22.007  -4.270  -32.185 0.0000000000
5472  -21.802  -5.868  -32.967 0.0000000000
5473  -24.600  -5.831  -34.659 0.0000000000
5474  -21.783  -7.753  -33.158 0.0000000000
5478  -19.605  -15.062  -28.389 0.0000000000
5479  -18.995  -12.670  -28.503 0.0000000000
5480  -20.982  -13.522  -31.033 0.0000000000
5481  -23.397  -11.969  -33.029 0.0000000000
5482  -24.913  -14.094  -32.614 0.0000000000
5483  -28.906  -13.454  -31.981 0.0000000000
5484  -26.513  -16.064  -31.767 0.0000000000
6079  -26.412  3.158  -38.173 0.0000000000
7032  -19.469  -16.725  -26.061 0.0000000000
7033  -20.739  -17.368  -28.502 0.0000000000
7034  -23.893  -18.086  -30.410 0.0000000000
7945  -31.148  -3.976  -36.184 0.0000000000
9891  -26.242  2.186  -33.846 0.0000000000
9892  -25.926  1.404  -35.105 0.0000000000
9893  -26.477  0.258  -35.866 0.0000000000
9895  -24.010  -2.268  -33.700 0.0000000000
9896  -27.314  -1.315  -35.695 0.0000000000
9897  -27.921  -3.014  -35.177 0.0000000000
9898  -28.218  -4.865  -34.480 0.0000000000
9899  -28.883  -6.731  -33.663 0.0000000000
9904  -19.170  -10.723  -28.544 0.0000000000
9905  -20.015  -9.262  -31.020 0.0000000000
9906  -22.348  -9.880  -33.125 0.0000000000
9907  -26.422  -9.709  -33.881 0.0000000000
9908  -29.938  -8.619  -32.754 0.0000000000
9909  -30.991  -10.569  -32.129 0.0000000000
9910  -32.069  -12.742  -31.644 0.0000000000
9911  -33.020  -14.863  -31.114 0.0000000000
9912  -27.810  -18.006  -30.632 0.0000000000
9913  -31.121  -17.594  -30.303 0.0000000000
10972  -32.122  -7.064  -34.722 0.0000000000
11568  -27.242  2.541  -39.935 0.0000000000
11570  -27.911  1.650  -40.156 0.0000000000
11571  -28.730  0.735  -40.108 0.0000000000
11572  -28.298  0.787  -38.790 0.0000000000
13151  -21.265  -5.962  -31.744 0.0000000000
13152  -20.939  -6.689  -31.925 0.0000000000
13153  -21.728  -6.811  -33.133 0.0000000000
13154  -20.784  -7.622  -32.018 0.0000000000
13158  -20.702  -15.398  -29.663 0.0000000000
13159  -20.085  -14.181  -29.692 0.0000000000
13160  -21.606  -14.635  -30.950 0.0000000000
13161  -22.675  -13.864  -32.040 0.0000000000
13162  -23.510  -15.035  -31.950 0.0000000000
13163  -25.691  -15.110  -32.260 0.0000000000
13164  -24.298  -16.086  -31.651 0.0000000000
13970  -26.102  5.048  -38.234 0.0000000000
13971  -26.280  4.306  -38.936 0.0000000000
13972  -26.182  3.836  -37.618 0.0000000000
15560  -19.592  -17.690  -26.052 0.0000000000
15561  -19.654  -16.942  -27.194 0.0000000000
15562  -20.121  -18.045  -27.247 0.0000000000
15563  -21.365  -18.464  -28.448 0.0000000000
17437  -30.783  -2.975  -36.829 0.0000000000
22165  -23.778  -0.146  -31.894 0.0000000000
22166  -25.095  0.699  -33.207 0.0000000000
22167  -25.020  0.203  -33.796 0.0000000000
22168  -26.092  0.856  -35.582 0.0000000000
22169  -25.109  -0.426  -34.265 0.0000000000
22173  -22.876  -4.102  -33.376 0.0000000000
22174  -22.805  -3.278  -32.900 0.0000000000
22175  -24.133  -3.097  -34.085 0.0000000000
22176  -25.574  -1.945  -34.788 0.0000000000
22177  -25.845  -2.782  -34.863 0.0000000000
22178  -27.641  -2.137  -35.473 0.0000000000
22179  -26.067  -3.658  -34.833 0.0000000000
22180  -24.869  -6.780  -34.647 0.0000000000
22181  -26.529  -5.510  -34.685 0.0000000000
22182  -26.795  -6.423  -34.514 0.0000000000
22183  -28.505  -5.794  -34.103 0.0000000000
22184  -27.182  -7.377  -34.181 0.0000000000
22196  -19.470  -11.982  -29.799 0.0000000000
22197  -19.036  -11.643  -28.542 0.0000000000
22198  -19.398  -10.928  -29.828 0.0000000000
22199  -19.422  -9.892  -29.831 0.0000000000
22200  -20.038  -10.257  -31.033 0.0000000000
22201  -20.850  -9.610  -32.057 0.0000000000
22202  -21.088  -10.649  -32.113 0.0000000000
22203  -25.570  -11.948  -33.413 0.0000000000
22204  -24.947  -10.991  -33.718 0.0000000000
22205  -27.024  -10.636  -33.484 0.0000000000
22206  -28.241  -9.208  -33.283 0.0000000000
22207  -28.793  -10.072  -32.764 0.0000000000
22208  -30.456  -9.555  -32.418 0.0000000000
22209  -29.371  -11.038  -32.350 0.0000000000
22210  -29.514  -14.428  -31.534 0.0000000000
22211  -30.563  -13.063  -31.618 0.0000000000
22212  -31.116  -14.067  -31.242 0.0000000000
22213  -32.481  -13.750  -31.407 0.0000000000
22214  -31.640  -15.092  -30.918 0.0000000000
22215  -24.667  -19.126  -30.003 0.0000000000
22216  -25.973  -18.148  -30.720 0.0000000000
22217  -26.556  -19.150  -30.089 0.0000000000
22221  -32.571  -17.235  -30.242 0.0000000000
24358  -32.724  -9.243  -34.141 0.0000000000
25438  -29.702  -0.942  -38.138 0.0000000000
28280  -21.619  -5.338  -31.503 0.0000000000
28281  -21.855  -5.039  -32.671 0.0000000000
28282  -22.903  -4.984  -33.724 0.0000000000
28283  -24.422  -4.874  -34.513 0.0000000000
28284  -22.966  -5.924  -33.971 0.0000000000
28285  -23.100  -6.900  -34.130 0.0000000000
28286  -23.291  -7.835  -34.147 0.0000000000
28292  -19.159  -14.800  -27.174 0.0000000000
28293  -19.116  -13.742  -27.253 0.0000000000
28294  -19.194  -13.849  -28.397 0.0000000000
28295  -19.711  -13.093  -29.791 0.0000000000
28296  -20.443  -12.366  -31.020 0.0000000000
28297  -21.505  -11.715  -32.158 0.0000000000
28298  -22.033  -12.790  -32.108 0.0000000000
28299  -24.104  -13.030  -32.872 0.0000000000
28300  -26.279  -12.905  -33.022 0.0000000000
28301  -28.264  -12.470  -32.484 0.0000000000
28302  -27.006  -13.849  -32.493 0.0000000000
28303  -27.751  -14.812  -31.984 0.0000000000
28304  -28.402  -15.771  -31.462 0.0000000000
29543  -26.645  4.534  -40.244 0.0000000000
29544  -26.662  3.481  -39.527 0.0000000000
29545  -26.866  2.393  -38.591 0.0000000000
31769  -19.316  -15.893  -27.160 0.0000000000
31770  -20.117  -16.223  -28.408 0.0000000000
31771  -21.345  -16.537  -29.681 0.0000000000
31772  -23.092  -16.949  -30.733 0.0000000000
31773  -22.144  -17.764  -29.655 0.0000000000
31774  -22.999  -18.920  -29.423 0.0000000000
34183  -31.491  -4.960  -35.640 0.0000000000
39910  -26.690  3.638  -34.778 0.0000000000
39911  -26.341  3.351  -35.541 0.0000000000
39912  -25.307  1.097  -32.432 0.0000000000
39913  -25.969  1.833  -34.488 0.0000000000
39914  -26.217  2.906  -36.270 0.0000000000
39915  -26.288  2.350  -36.844 0.0000000000
39916  -26.611  1.695  -37.256 0.0000000000
39917  -27.170  1.038  -37.415 0.0000000000
39920  -22.884  -1.773  -31.642 0.0000000000
39921  -22.219  -3.578  -31.636 0.0000000000
39922  -22.842  -2.483  -32.318 0.0000000000
39923  -23.869  -1.475  -33.173 0.0000000000
39924  -25.313  -1.138  -34.616 0.0000000000
39925  -26.892  -0.489  -35.831 0.0000000000
39926  -27.811  0.256  -37.362 0.0000000000
39927  -28.425  -0.466  -37.076 0.0000000000
39928  -28.973  -1.352  -36.671 0.0000000000
39929  -29.315  -2.283  -36.177 0.0000000000
39930  -26.296  -4.561  -34.788 0.0000000000
39931  -28.042  -3.928  -34.841 0.0000000000
39932  -29.612  -3.276  -35.599 0.0000000000
39933  -29.916  -4.252  -35.003 0.0000000000
39934  -30.240  -5.197  -34.441 0.0000000000
39935  -30.593  -6.167  -33.926 0.0000000000
39952  -19.779  -9.080  -29.888 0.0000000000
39953  -20.129  -8.351  -30.919 0.0000000000
39954  -20.762  -8.599  -32.017 0.0000000000
39955  -21.994  -8.821  -33.162 0.0000000000
39956  -23.734  -8.891  -34.098 0.0000000000
39957  -22.768  -10.915  -33.078 0.0000000000
39958  -24.279  -9.923  -33.971 0.0000000000
39959  -25.830  -8.750  -34.212 0.0000000000
39960  -27.649  -8.270  -33.794 0.0000000000
39961  -29.371  -7.641  -33.205 0.0000000000
39962  -31.026  -7.163  -33.517 0.0000000000
39963  -31.456  -8.197  -33.175 0.0000000000
39964  -31.898  -9.249  -32.910 0.0000000000
39965  -32.301  -10.325  -32.757 0.0000000000
39966  -29.972  -12.038  -31.934 0.0000000000
39967  -31.506  -11.632  -31.897 0.0000000000
39968  -32.738  -11.393  -32.592 0.0000000000
39969  -33.227  -12.448  -32.293 0.0000000000
39972  -25.133  -17.121  -31.198 0.0000000000
39973  -27.154  -17.032  -31.216 0.0000000000
39974  -28.956  -16.782  -30.949 0.0000000000
39976  -29.694  -17.819  -30.385 0.0000000000
39977  -30.697  -16.475  -30.630 0.0000000000
39978  -32.112  -16.225  -30.538 0.0000000000
39979  -33.462  -15.969  -30.830 0.0000000000
41692  -31.979  -6.550  -34.913 0.0000000000
42288  -27.379  2.056  -39.428 0.0000000000
42289  -27.577  2.071  -40.077 0.0000000000
42290  -27.756  1.635  -39.509 0.0000000000
42291  -28.143  1.209  -39.528 0.0000000000
42292  -27.920  1.171  -38.818 0.0000000000
43871  -20.905  -6.708  -31.326 0.0000000000
43872  -20.647  -7.062  -31.418 0.0000000000
43873  -20.854  -7.142  -31.973 0.0000000000
43874  -20.501  -7.531  -31.416 0.0000000000
43878  -21.424  -15.611  -30.331 0.0000000000
43879  -21.080  -15.001  -30.334 0.0000000000
43880  -22.015  -15.278  -31.013 0.0000000000
43881  -22.509  -14.892  -31.502 0.0000000000
43882  -22.903  -15.434  -31.441 0.0000000000
43883  -23.938  -15.588  -31.765 0.0000000000
43884  -23.250  -15.978  -31.355 0.0000000000
44690  -26.079  4.787  -37.626 0.0000000000
44691  -26.127  4.444  -37.970 0.0000000000
44692  -26.145  4.121  -37.292 0.0000000000
46281  -19.801  -17.858  -26.665 0.0000000000
48153  -30.319  -1.560  -38.465 0.0000000000
48155  -30.601  -2.095  -38.140 0.0000000000
48156  -30.900  -2.626  -37.776 0.0000000000
48157  -30.548  -2.459  -37.187 0.0000000000
52885  -23.747  -0.430  -32.301 0.0000000000
52886  -24.419  0.014  -32.886 0.0000000000
52887  -24.409  -0.300  -33.236 0.0000000000
52888  -25.052  -0.103  -34.042 0.0000000000
52889  -24.436  -0.603  -33.504 0.0000000000
52893  -23.525  -4.033  -33.887 0.0000000000
52894  -23.448  -3.598  -33.682 0.0000000000
52895  -24.196  -3.529  -34.224 0.0000000000
52896  -24.935  -2.949  -34.547 0.0000000000
52897  -25.051  -3.427  -34.621 0.0000000000
52898  -25.968  -3.210  -34.840 0.0000000000
52899  -25.134  -3.863  -34.670 0.0000000000
52900  -25.084  -7.254  -34.588 0.0000000000
52901  -25.904  -6.661  -34.626 0.0000000000
52902  -26.063  -7.113  -34.513 0.0000000000
52903  -26.977  -6.931  -34.343 0.0000000000
52904  -26.257  -7.564  -34.414 0.0000000000
52916  -19.797  -11.625  -30.488 0.0000000000
52917  -19.379  -11.475  -29.802 0.0000000000
52918  -19.727  -11.123  -30.486 0.0000000000
52919  -19.697  -10.625  -30.478 0.0000000000
52920  -20.109  -10.811  -31.064 0.0000000000
52921  -20.490  -10.434  -31.578 0.0000000000
52922  -20.611  -10.953  -31.587 0.0000000000
52923  -26.736  -11.815  -33.282 0.0000000000
52924  -26.385  -11.330  -33.509 0.0000000000
52925  -27.384  -11.092  -33.195 0.0000000000
52926  -27.928  -10.399  -33.134 0.0000000000
52927  -28.242  -10.874  -32.855 0.0000000000
52928  -29.096  -10.581  -32.540 0.0000000000
52929  -28.565  -11.341  -32.562 0.0000000000
52930  -29.825  -14.948  -31.285 0.0000000000
52931  -30.333  -14.237  -31.425 0.0000000000
52932  -30.650  -14.773  -31.204 0.0000000000
52933  -31.424  -14.610  -31.035 0.0000000000
52934  -30.937  -15.313  -30.944 0.0000000000
52936  -25.600  -19.125  -30.057 0.0000000000
55957  -32.573  -8.718  -34.255 0.0000000000
57753  -28.923  0.355  -39.355 0.0000000000
57754  -29.142  0.257  -40.007 0.0000000000
57755  -29.310  -0.100  -39.196 0.0000000000
57756  -29.671  -0.559  -39.013 0.0000000000
57757  -29.385  -0.493  -38.384 0.0000000000
62493  -21.422  -5.895  -32.387 0.0000000000
62494  -21.515  -5.496  -32.267 0.0000000000
62495  -21.832  -5.435  -32.817 0.0000000000
62496  -22.312  -4.975  -33.218 0.0000000000
62497  -22.294  -5.452  -33.372 0.0000000000
62498  -22.940  -5.442  -33.844 0.0000000000
62499  -22.293  -5.905  -33.491 0.0000000000
62500  -21.737  -7.283  -33.160 0.0000000000
62501  -22.337  -6.838  -33.681 0.0000000000
62502  -22.414  -7.333  -33.714 0.0000000000
62503  -23.186  -7.367  -34.155 0.0000000000
62504  -22.526  -7.862  -33.736 0.0000000000
62513  -19.277  -14.887  -27.748 0.0000000000
62514  -19.116  -14.304  -27.740 0.0000000000
62515  -19.352  -14.414  -28.342 0.0000000000
62516  -20.434  -13.833  -30.341 0.0000000000
62517  -19.837  -13.604  -29.704 0.0000000000
62518  -20.274  -13.311  -30.394 0.0000000000
62519  -20.033  -12.691  -30.411 0.0000000000
62520  -20.706  -12.936  -31.001 0.0000000000
62521  -21.163  -12.593  -31.617 0.0000000000
62522  -21.428  -13.154  -31.572 0.0000000000
62523  -23.777  -14.036  -32.418 0.0000000000
62524  -23.360  -13.472  -32.489 0.0000000000
62525  -24.526  -13.586  -32.763 0.0000000000
62526  -25.187  -13.032  -33.038 0.0000000000
62527  -25.653  -13.556  -32.855 0.0000000000
62528  -26.659  -13.391  -32.781 0.0000000000
62529  -26.050  -14.042  -32.641 0.0000000000
62530  -25.979  -15.546  -32.018 0.0000000000
62531  -26.763  -14.994  -32.180 0.0000000000
62532  -27.075  -15.459  -31.938 0.0000000000
62533  -28.055  -15.289  -31.720 0.0000000000
62534  -27.394  -15.923  -31.691 0.0000000000
64953  -26.371  3.718  -38.583 0.0000000000
64954  -26.449  3.910  -39.244 0.0000000000
64955  -26.528  3.339  -38.867 0.0000000000
64956  -26.766  2.937  -39.109 0.0000000000
64957  -26.608  2.767  -38.405 0.0000000000
69721  -19.303  -15.798  -26.595 0.0000000000
69722  -19.371  -16.351  -26.650 0.0000000000
69723  -20.107  -17.125  -27.824 0.0000000000
69724  -19.824  -16.574  -27.762 0.0000000000
69725  -20.377  -16.746  -28.439 0.0000000000
69726  -20.701  -16.415  -29.090 0.0000000000
69727  -21.070  -16.979  -29.090 0.0000000000
69728  -21.797  -17.191  -29.720 0.0000000000
69729  -21.328  -17.524  -29.045 0.0000000000
69731  -22.037  -18.670  -28.949 0.0000000000
75350  -31.553  -4.112  -36.787 0.0000000000
75351  -31.749  -4.666  -36.497 0.0000000000
75352  -31.316  -4.463  -35.899 0.0000000000
89530  -26.439  2.341  -33.495 0.0000000000
89531  -26.722  3.010  -33.974 0.0000000000
89532  -26.500  2.881  -34.360 0.0000000000
89533  -26.502  3.497  -35.152 0.0000000000
89534  -26.338  2.730  -34.717 0.0000000000
89536  -24.794  0.896  -31.394 0.0000000000
89537  -24.627  0.736  -31.796 0.0000000000
89538  -25.565  1.008  -34.151 0.0000000000
89539  -25.614  1.223  -33.850 0.0000000000
89540  -25.920  1.626  -34.799 0.0000000000
89541  -26.155  2.368  -35.422 0.0000000000
89542  -26.134  2.131  -35.731 0.0000000000
89543  -26.221  2.647  -36.585 0.0000000000
89544  -26.168  1.874  -36.024 0.0000000000
89545  -26.265  0.556  -35.749 0.0000000000
89546  -26.437  1.295  -36.475 0.0000000000
89547  -26.656  0.982  -36.581 0.0000000000
89548  -26.877  1.381  -37.378 0.0000000000
89549  -26.910  0.655  -36.636 0.0000000000
89560  -22.091  -3.879  -31.922 0.0000000000
89561  -23.391  -2.803  -33.275 0.0000000000
89562  -22.835  -2.876  -32.634 0.0000000000
89563  -23.325  -2.375  -32.981 0.0000000000
89564  -23.315  -1.990  -32.716 0.0000000000
89565  -23.950  -1.875  -33.465 0.0000000000
89566  -24.564  -1.313  -33.944 0.0000000000
89567  -24.638  -1.692  -34.124 0.0000000000
89568  -26.469  -1.673  -35.207 0.0000000000
89569  -26.307  -1.280  -35.237 0.0000000000
89570  -27.114  -0.896  -35.801 0.0000000000
89571  -27.446  -0.086  -36.569 0.0000000000
89572  -27.712  -0.475  -36.454 0.0000000000
89573  -28.121  -0.074  -37.231 0.0000000000
89574  -27.967  -0.851  -36.299 0.0000000000
89575  -27.821  -2.584  -35.317 0.0000000000
89576  -28.391  -1.699  -35.956 0.0000000000
89577  -28.546  -2.160  -35.770 0.0000000000
89578  -29.160  -1.818  -36.426 0.0000000000
89579  -28.638  -2.618  -35.581 0.0000000000
89580  -24.519  -5.350  -34.582 0.0000000000
89581  -25.391  -4.761  -34.724 0.0000000000
89582  -25.497  -5.236  -34.735 0.0000000000
89583  -27.371  -5.207  -34.573 0.0000000000
89584  -27.264  -4.721  -34.680 0.0000000000
89585  -28.102  -4.409  -34.662 0.0000000000
89586  -28.821  -3.587  -35.135 0.0000000000
89587  -28.940  -4.078  -34.909 0.0000000000
89588  -29.760  -3.768  -35.301 0.0000000000
89589  -29.084  -4.556  -34.622 0.0000000000
89590  -28.692  -6.271  -33.883 0.0000000000
89591  -29.403  -5.534  -34.113 0.0000000000
89592  -29.566  -5.955  -33.901 0.0000000000
89593  -30.407  -5.684  -34.168 0.0000000000
89594  -29.774  -6.408  -33.659 0.0000000000
89626  -18.992  -13.158  -27.815 0.0000000000
89627  -19.123  -13.172  -27.272 0.0000000000
89628  -18.967  -12.538  -27.873 0.0000000000
89629  -19.062  -11.123  -28.484 0.0000000000
89636  -19.715  -9.553  -30.472 0.0000000000
89637  -19.560  -9.475  -29.844 0.0000000000
89638  -19.796  -9.114  -30.433 0.0000000000
89639  -19.924  -8.679  -30.411 0.0000000000
89640  -20.044  -8.788  -30.959 0.0000000000
89641  -20.353  -8.429  -31.458 0.0000000000
89642  -20.360  -8.933  -31.501 0.0000000000
89643  -21.506  -9.714  -32.575 0.0000000000
89644  -21.398  -9.227  -32.578 0.0000000000
89645  -22.118  -9.315  -33.156 0.0000000000
89646  -22.791  -8.877  -33.692 0.0000000000
89647  -22.982  -9.400  -33.634 0.0000000000
89648  -22.358  -11.865  -32.599 0.0000000000
89649  -22.088  -11.318  -32.608 0.0000000000
89650  -23.025  -11.433  -33.055 0.0000000000
89651  -25.750  -10.348  -33.882 0.0000000000
89652  -24.627  -10.469  -33.831 0.0000000000
89653  -25.410  -9.846  -34.038 0.0000000000
89654  -25.052  -9.344  -34.158 0.0000000000
89655  -26.104  -9.219  -34.059 0.0000000000
89656  -26.767  -8.540  -34.068 0.0000000000
89657  -27.066  -9.013  -33.853 0.0000000000
89658  -29.076  -8.877  -32.975 0.0000000000
89659  -28.809  -8.419  -33.197 0.0000000000
89660  -29.629  -8.116  -32.977 0.0000000000
89661  -30.220  -7.380  -33.222 0.0000000000
89662  -30.502  -7.853  -33.050 0.0000000000
89663  -31.233  -7.655  -33.322 0.0000000000
89664  -30.753  -8.351  -32.867 0.0000000000
89665  -30.735  -10.060  -32.273 0.0000000000
89666  -31.233  -9.357  -32.552 0.0000000000
89667  -31.449  -9.870  -32.453 0.0000000000
89668  -32.071  -9.756  -32.843 0.0000000000
89669  -31.675  -10.395  -32.355 0.0000000000
89670  -28.590  -12.986  -32.201 0.0000000000
89671  -29.116  -12.238  -32.151 0.0000000000
89672  -29.447  -12.713  -31.932 0.0000000000
89673  -31.320  -12.854  -31.493 0.0000000000
89674  -31.048  -12.336  -31.638 0.0000000000
89675  -31.748  -12.165  -31.774 0.0000000000
89676  -32.155  -11.475  -32.182 0.0000000000
89677  -32.421  -12.056  -32.070 0.0000000000
89678  -32.988  -11.946  -32.447 0.0000000000
89679  -32.664  -12.575  -31.955 0.0000000000
89680  -32.765  -14.317  -31.218 0.0000000000
89681  -33.196  -13.789  -31.696 0.0000000000
89682  -33.400  -14.330  -31.547 0.0000000000
89685  -23.492  -17.489  -30.622 0.0000000000
89686  -24.103  -17.057  -31.037 0.0000000000
89687  -24.557  -17.595  -30.834 0.0000000000
89688  -26.827  -18.077  -30.731 0.0000000000
89689  -26.544  -17.595  -30.964 0.0000000000
89690  -27.549  -17.527  -30.898 0.0000000000
89691  -28.112  -16.916  -31.088 0.0000000000
89692  -28.446  -17.375  -30.750 0.0000000000
89697  -29.947  -18.287  -30.150 0.0000000000
89698  -30.427  -17.639  -30.289 0.0000000000
89699  -30.138  -17.148  -30.630 0.0000000000
89700  -31.023  -17.081  -30.386 0.0000000000
89701  -31.440  -16.341  -30.580 0.0000000000
89702  -31.705  -16.924  -30.450 0.0000000000
89703  -33.207  -17.132  -30.330 0.0000000000
89704  -33.000  -16.624  -30.505 0.0000000000
93478  -32.269  -7.608  -34.546 0.0000000000
94556  -28.317  1.202  -40.157 0.0000000000
94557  -28.506  0.796  -39.487 0.0000000000
94558  -28.678  0.384  -38.718 0.0000000000
97400  -21.136  -6.389  -31.289 0.0000000000
97401  -21.068  -6.302  -31.829 0.0000000000
97402  -21.351  -6.313  -32.467 0.0000000000
97403  -21.763  -6.324  -33.106 0.0000000000
97404  -21.257  -6.732  -32.513 0.0000000000
97405  -21.206  -7.220  -32.559 0.0000000000
97406  -21.218  -7.705  -32.588 0.0000000000
97412  -20.052  -15.195  -29.015 0.0000000000
97413  -19.815  -14.628  -29.018 0.0000000000
97414  -20.358  -14.805  -29.674 0.0000000000
97415  -20.714  -14.379  -30.345 0.0000000000
97416  -21.271  -14.101  -31.001 0.0000000000
97417  -21.772  -13.722  -31.564 0.0000000000
97418  -22.179  -14.310  -31.553 0.0000000000
97419  -23.014  -14.425  -31.959 0.0000000000
97420  -24.163  -14.560  -32.277 0.0000000000
97421  -25.289  -14.605  -32.438 0.0000000000
97422  -24.469  -15.044  -32.156 0.0000000000
97423  -25.034  -15.637  -32.011 0.0000000000
97424  -25.418  -16.124  -31.744 0.0000000000
98875  -26.286  4.830  -39.282 0.0000000000
98876  -26.180  4.650  -38.606 0.0000000000
98877  -26.227  4.086  -38.289 0.0000000000
98878  -26.272  3.514  -37.909 0.0000000000
101736  -19.532  -17.203  -26.059 0.0000000000
101737  -19.482  -16.833  -26.613 0.0000000000
101738  -19.643  -17.373  -26.640 0.0000000000
101739  -19.959  -17.545  -27.259 0.0000000000
101740  -20.418  -17.713  -27.855 0.0000000000
101741  -21.038  -17.940  -28.449 0.0000000000
101742  -20.754  -18.284  -27.908 0.0000000000
105115  -30.973  -3.477  -36.491 0.0000000000
113624  -26.060  1.707  -32.844 0.0000000000
113625  -23.834  0.107  -31.505 0.0000000000
113626  -24.500  0.547  -32.170 0.0000000000
113627  -24.457  0.312  -32.536 0.0000000000
113628  -25.025  0.449  -33.524 0.0000000000
113629  -25.546  0.750  -34.411 0.0000000000
113630  -25.970  1.153  -35.374 0.0000000000
113631  -25.583  0.468  -34.652 0.0000000000
113632  -25.703  0.167  -34.899 0.0000000000
113633  -25.832  -0.157  -35.048 0.0000000000
113639  -22.320  -4.144  -32.811 0.0000000000
113640  -22.359  -3.755  -32.537 0.0000000000
113641  -22.840  -3.681  -33.147 0.0000000000
113642  -23.430  -3.208  -33.500 0.0000000000
113643  -24.058  -2.664  -33.871 0.0000000000
113644  -24.731  -2.109  -34.294 0.0000000000
113645  -24.842  -2.532  -34.444 0.0000000000
113646  -25.709  -2.359  -34.869 0.0000000000
113647  -26.640  -2.054  -35.168 0.0000000000
113648  -27.486  -1.719  -35.595 0.0000000000
113649  -26.764  -2.481  -35.109 0.0000000000
113650  -26.880  -2.923  -35.023 0.0000000000
113651  -26.977  -3.357  -34.936 0.0000000000
113652  -24.721  -6.296  -34.660 0.0000000000
113653  -25.599  -5.710  -34.747 0.0000000000
113654  -25.749  -6.195  -34.729 0.0000000000
113655  -26.663  -5.952  -34.608 0.0000000000
113656  -27.513  -5.695  -34.453 0.0000000000
113657  -28.357  -5.301  -34.304 0.0000000000
113658  -27.662  -6.120  -34.297 0.0000000000
113659  -27.839  -6.574  -34.120 0.0000000000
113660  -28.016  -7.041  -33.931 0.0000000000
113680  -19.161  -12.281  -29.141 0.0000000000
113681  -18.985  -12.114  -28.539 0.0000000000
113682  -19.104  -11.702  -29.136 0.0000000000
113683  -19.116  -11.255  -29.124 0.0000000000
113684  -19.166  -10.790  -29.135 0.0000000000
113685  -19.263  -10.319  -29.166 0.0000000000
113686  -19.401  -10.391  -29.819 0.0000000000
113687  -19.695  -10.086  -30.482 0.0000000000
113688  -20.015  -9.748  -31.005 0.0000000000
113689  -20.392  -9.460  -31.549 0.0000000000
113690  -20.412  -9.948  -31.574 0.0000000000
113691  -20.954  -10.137  -32.098 0.0000000000
113692  -21.668  -10.260  -32.622 0.0000000000
113693  -24.486  -12.071  -33.334 0.0000000000
113694  -24.113  -11.502  -33.427 0.0000000000
113695  -25.257  -11.475  -33.584 0.0000000000
113696  -26.105  -10.865  -33.670 0.0000000000
113697  -26.733  -10.196  -33.696 0.0000000000
113698  -27.356  -9.475  -33.639 0.0000000000
113699  -27.645  -9.939  -33.395 0.0000000000
113700  -28.528  -9.632  -33.018 0.0000000000
113701  -29.368  -9.388  -32.722 0.0000000000
113702  -30.197  -9.073  -32.566 0.0000000000
113703  -29.645  -9.854  -32.497 0.0000000000
113704  -29.951  -10.305  -32.300 0.0000000000
113705  -30.228  -10.800  -32.120 0.0000000000
113706  -29.235  -13.944  -31.772 0.0000000000
113707  -29.761  -13.246  -31.735 0.0000000000
113708  -30.026  -13.732  -31.588 0.0000000000
113709  -30.832  -13.558  -31.431 0.0000000000
113710  -31.582  -13.374  -31.379 0.0000000000
113711  -32.292  -13.257  -31.524 0.0000000000
113712  -31.845  -13.913  -31.242 0.0000000000
113713  -32.093  -14.414  -31.144 0.0000000000
113714  -32.278  -14.951  -30.969 0.0000000000
113715  -24.365  -18.603  -30.207 0.0000000000
113716  -24.860  -18.100  -30.640 0.0000000000
113717  -25.297  -18.680  -30.386 0.0000000000
113718  -26.300  -18.654  -30.409 0.0000000000
113719  -27.218  -18.596  -30.384 0.0000000000
113725  -31.928  -17.535  -30.194 0.0000000000
120795  -30.022  -1.033  -38.768 0.0000000000
120796  -30.015  -1.432  -37.838 0.0000000000
127420  -23.251  -0.659  -31.375 0.0000000000
127421  -23.256  -0.935  -31.749 0.0000000000
127426  -21.776  -4.783  -31.860 0.0000000000
127427  -21.452  -5.640  -31.637 0.0000000000
127428  -21.636  -5.140  -32.098 0.0000000000
127429  -21.916  -4.654  -32.449 0.0000000000
127430  -22.321  -4.550  -33.027 0.0000000000
127431  -22.904  -4.567  -33.606 0.0000000000
127432  -23.572  -4.485  -34.047 0.0000000000
127433  -24.335  -4.406  -34.438 0.0000000000
127434  -23.599  -4.947  -34.184 0.0000000000
127435  -23.658  -5.421  -34.281 0.0000000000
127436  -23.723  -5.895  -34.372 0.0000000000
127437  -22.301  -6.386  -33.591 0.0000000000
127438  -23.007  -6.413  -34.049 0.0000000000
127439  -23.808  -6.376  -34.443 0.0000000000
127440  -23.894  -6.844  -34.491 0.0000000000
127441  -24.076  -7.357  -34.473 0.0000000000
127442  -24.267  -7.857  -34.415 0.0000000000
127456  -19.101  -14.255  -27.220 0.0000000000
127457  -19.024  -13.771  -27.768 0.0000000000
127458  -19.086  -13.217  -28.461 0.0000000000
127459  -19.585  -14.007  -29.054 0.0000000000
127460  -19.364  -13.425  -29.102 0.0000000000
127461  -19.232  -12.834  -29.138 0.0000000000
127462  -19.537  -12.505  -29.796 0.0000000000
127463  -19.886  -12.185  -30.415 0.0000000000
127464  -20.281  -11.842  -31.047 0.0000000000
127465  -20.765  -11.537  -31.606 0.0000000000
127466  -20.971  -12.048  -31.634 0.0000000000
127467  -21.741  -12.249  -32.134 0.0000000000
127468  -22.664  -12.410  -32.608 0.0000000000
127469  -22.341  -13.336  -32.088 0.0000000000
127470  -23.002  -12.938  -32.558 0.0000000000
127471  -23.708  -12.489  -32.936 0.0000000000
127472  -24.886  -12.550  -33.186 0.0000000000
127473  -25.957  -12.461  -33.214 0.0000000000
127474  -27.065  -12.239  -33.015 0.0000000000
127475  -28.017  -12.019  -32.684 0.0000000000
127476  -27.403  -12.741  -32.741 0.0000000000
127477  -27.729  -13.209  -32.459 0.0000000000
127478  -28.052  -13.671  -32.239 0.0000000000
127479  -26.381  -14.515  -32.408 0.0000000000
127480  -27.364  -14.351  -32.263 0.0000000000
127481  -28.329  -14.140  -31.988 0.0000000000
127482  -28.607  -14.637  -31.758 0.0000000000
127483  -28.984  -15.122  -31.495 0.0000000000
127484  -29.279  -15.594  -31.256 0.0000000000
130657  -26.844  4.087  -40.575 0.0000000000
130658  -26.430  4.426  -39.618 0.0000000000
130659  -26.653  3.976  -39.941 0.0000000000
130660  -26.879  3.521  -40.205 0.0000000000
130661  -26.925  3.031  -39.755 0.0000000000
130662  -27.054  2.513  -39.310 0.0000000000
130663  -27.194  1.990  -38.727 0.0000000000
136697  -19.303  -15.295  -26.645 0.0000000000
136698  -19.224  -15.340  -27.137 0.0000000000
136699  -19.420  -15.479  -27.698 0.0000000000
136700  -19.509  -16.424  -27.173 0.0000000000
136701  -19.651  -16.016  -27.743 0.0000000000
136702  -19.808  -15.612  -28.368 0.0000000000
136703  -20.345  -15.787  -29.021 0.0000000000
136704  -21.034  -16.007  -29.713 0.0000000000
136705  -21.885  -16.246  -30.328 0.0000000000
136706  -22.710  -16.371  -30.873 0.0000000000
136707  -22.208  -16.779  -30.281 0.0000000000
136708  -22.633  -17.334  -30.179 0.0000000000
136709  -22.985  -17.941  -30.109 0.0000000000
136710  -21.773  -18.131  -29.046 0.0000000000
136711  -22.589  -18.327  -29.572 0.0000000000
136712  -23.441  -18.518  -29.996 0.0000000000
136713  -23.814  -19.042  -29.785 0.0000000000
143616  -31.904  -5.208  -36.241 0.0000000000
143617  -31.634  -5.471  -35.405 0.0000000000
160690  -26.380  4.111  -35.961 0.0000000000
160691  -26.244  3.908  -36.342 0.0000000000
160693  -25.493  1.232  -32.089 0.0000000000
160694  -25.892  1.567  -33.185 0.0000000000
160695  -25.199  0.916  -32.865 0.0000000000
160696  -25.741  1.410  -33.534 0.0000000000
160697  -26.073  2.004  -34.180 0.0000000000
160698  -26.224  2.559  -35.067 0.0000000000
160699  -26.258  3.140  -35.922 0.0000000000
160700  -26.184  3.707  -36.665 0.0000000000
160701  -26.225  3.416  -36.978 0.0000000000
160702  -26.290  3.110  -37.263 0.0000000000
160703  -26.376  2.803  -37.527 0.0000000000
160704  -26.256  1.604  -36.281 0.0000000000
160705  -26.421  2.023  -37.069 0.0000000000
160706  -26.565  2.418  -37.746 0.0000000000
160707  -26.803  2.069  -37.925 0.0000000000
160708  -27.074  1.723  -38.065 0.0000000000
160709  -27.377  1.324  -38.133 0.0000000000
160717  -22.905  -1.475  -31.295 0.0000000000
160718  -23.284  -1.237  -32.055 0.0000000000
160722  -22.403  -3.387  -32.247 0.0000000000
160723  -22.467  -3.042  -31.956 0.0000000000
160724  -22.551  -2.695  -31.629 0.0000000000
160725  -22.834  -2.114  -31.988 0.0000000000
160726  -23.306  -1.601  -32.403 0.0000000000
160727  -23.847  -1.110  -32.917 0.0000000000
160728  -24.498  -0.963  -33.736 0.0000000000
160729  -25.190  -0.758  -34.484 0.0000000000
160730  -25.977  -0.504  -35.143 0.0000000000
160731  -25.440  -1.542  -34.709 0.0000000000
160732  -26.148  -0.870  -35.230 0.0000000000
160733  -26.678  -0.111  -35.844 0.0000000000
160734  -27.190  0.294  -36.614 0.0000000000
160735  -27.483  0.657  -37.399 0.0000000000
160736  -27.720  0.949  -38.125 0.0000000000
160737  -28.072  0.572  -38.082 0.0000000000
160738  -28.400  0.203  -38.007 0.0000000000
160739  -28.787  -0.242  -37.844 0.0000000000
160740  -28.194  -1.252  -36.146 0.0000000000
160741  -28.718  -0.917  -36.896 0.0000000000
160742  -29.119  -0.670  -37.650 0.0000000000
160743  -29.407  -1.099  -37.420 0.0000000000
160744  -29.666  -1.584  -37.132 0.0000000000
160745  -29.894  -2.057  -36.818 0.0000000000
160746  -25.252  -4.301  -34.712 0.0000000000
160747  -26.175  -4.098  -34.813 0.0000000000
160748  -27.068  -3.794  -34.874 0.0000000000
160749  -26.416  -5.039  -34.750 0.0000000000
160750  -27.163  -4.251  -34.780 0.0000000000
160751  -27.985  -3.469  -35.022 0.0000000000
160752  -28.732  -3.106  -35.358 0.0000000000
160753  -29.461  -2.774  -35.895 0.0000000000
160754  -30.096  -2.533  -36.501 0.0000000000
160755  -30.277  -3.041  -36.167 0.0000000000
160756  -30.459  -3.575  -35.828 0.0000000000
160757  -30.633  -4.079  -35.501 0.0000000000
160758  -29.232  -5.057  -34.346 0.0000000000
160759  -30.074  -4.721  -34.716 0.0000000000
160760  -30.806  -4.542  -35.199 0.0000000000
160761  -30.970  -5.060  -34.948 0.0000000000
160762  -31.135  -5.532  -34.725 0.0000000000
160763  -31.300  -5.992  -34.508 0.0000000000
160812  -19.424  -9.886  -29.178 0.0000000000
160813  -19.633  -9.483  -29.249 0.0000000000
160815  -19.934  -8.750  -29.875 0.0000000000
160816  -20.077  -8.250  -30.374 0.0000000000
160817  -20.253  -7.894  -30.879 0.0000000000
160818  -20.421  -7.969  -31.429 0.0000000000
160819  -20.740  -8.090  -32.021 0.0000000000
160820  -21.225  -8.207  -32.574 0.0000000000
160821  -20.787  -9.105  -32.029 0.0000000000
160822  -21.263  -8.687  -32.586 0.0000000000
160823  -21.876  -8.282  -33.175 0.0000000000
160824  -22.673  -8.371  -33.732 0.0000000000
160825  -23.502  -8.392  -34.126 0.0000000000
160826  -24.485  -8.321  -34.358 0.0000000000
160827  -21.263  -11.171  -32.125 0.0000000000
160828  -21.846  -10.777  -32.622 0.0000000000
160829  -22.543  -10.390  -33.089 0.0000000000
160830  -23.775  -10.971  -33.523 0.0000000000
160831  -23.479  -10.459  -33.596 0.0000000000
160832  -23.208  -9.916  -33.617 0.0000000000
160833  -23.985  -9.424  -34.044 0.0000000000
160834  -24.787  -8.847  -34.264 0.0000000000
160835  -25.559  -8.258  -34.360 0.0000000000
160836  -26.507  -8.052  -34.259 0.0000000000
160837  -27.422  -7.839  -33.979 0.0000000000
160838  -28.277  -7.520  -33.690 0.0000000000
160839  -27.956  -8.762  -33.527 0.0000000000
160840  -28.541  -7.976  -33.446 0.0000000000
160841  -29.135  -7.203  -33.428 0.0000000000
160842  -30.001  -6.882  -33.438 0.0000000000
160843  -30.806  -6.658  -33.718 0.0000000000
160844  -31.501  -6.530  -34.276 0.0000000000
160845  -31.678  -7.047  -34.081 0.0000000000
160846  -31.864  -7.598  -33.885 0.0000000000
160847  -32.028  -8.114  -33.717 0.0000000000
160848  -30.988  -8.847  -32.700 0.0000000000
160849  -31.686  -8.730  -33.035 0.0000000000
160850  -32.196  -8.690  -33.629 0.0000000000
160851  -32.362  -9.199  -33.520 0.0000000000
160852  -32.557  -9.752  -33.388 0.0000000000
160853  -32.742  -10.283  -33.255 0.0000000000
160854  -28.817  -11.778  -32.367 0.0000000000
160855  -29.649  -11.542  -32.146 0.0000000000
160856  -30.497  -11.306  -31.963 0.0000000000
160857  -30.244  -12.533  -31.778 0.0000000000
160858  -30.739  -11.819  -31.818 0.0000000000
160859  -31.249  -11.086  -32.021 0.0000000000
160860  -31.886  -10.898  -32.270 0.0000000000
160861  -32.536  -10.889  -32.668 0.0000000000
160862  -32.970  -10.873  -33.141 0.0000000000
160863  -33.204  -11.445  -33.041 0.0000000000
160864  -33.415  -11.995  -32.926 0.0000000000
160866  -32.948  -13.157  -31.818 0.0000000000
160867  -33.512  -13.063  -32.148 0.0000000000
160872  -23.584  -16.480  -31.207 0.0000000000
160873  -24.715  -16.610  -31.443 0.0000000000
160874  -25.743  -16.602  -31.537 0.0000000000
160875  -25.540  -17.625  -30.989 0.0000000000
160876  -26.166  -17.099  -31.255 0.0000000000
160877  -26.779  -16.535  -31.516 0.0000000000
160878  -27.720  -16.408  -31.377 0.0000000000
160879  -28.677  -16.254  -31.223 0.0000000000
160880  -29.627  -16.150  -31.094 0.0000000000
160883  -28.210  -18.500  -30.273 0.0000000000
160885  -29.114  -18.410  -30.189 0.0000000000
160886  -28.794  -17.921  -30.492 0.0000000000
160887  -29.376  -17.290  -30.658 0.0000000000
160888  -29.921  -16.639  -30.843 0.0000000000
160889  -30.343  -15.929  -30.898 0.0000000000
160890  -31.201  -15.815  -30.702 0.0000000000
160891  -31.898  -15.669  -30.755 0.0000000000
160892  -32.580  -15.524  -30.868 0.0000000000
160893  -32.388  -16.817  -30.395 0.0000000000
160894  -32.839  -16.131  -30.716 0.0000000000
160895  -33.274  -15.466  -30.989 0.0000000000
