#!ascii label  , from subject studyTemplate vox2ras=TkReg
289
258  -8.183  67.468  -2.983 0.0000000000
259  -8.120  62.768  -15.328 0.0000000000
1616  -13.663  67.267  -4.884 0.0000000000
1617  -12.488  62.002  -9.723 0.0000000000
1618  -7.812  66.650  -9.419 0.0000000000
3653  -10.660  67.874  -4.198 0.0000000000
3654  -10.391  67.023  -7.316 0.0000000000
3655  -8.217  67.314  -6.130 0.0000000000
4846  -10.363  62.220  -12.477 0.0000000000
4848  -11.481  61.409  -15.330 0.0000000000
5937  -7.460  65.205  -4.473 0.0000000000
6653  -8.912  61.104  -17.389 0.0000000000
7612  -12.966  64.953  -7.482 0.0000000000
7613  -10.338  64.991  -10.027 0.0000000000
7614  -7.847  65.077  -12.639 0.0000000000
7615  -6.956  65.115  -7.724 0.0000000000
7616  -6.095  64.411  -10.953 0.0000000000
7617  -6.210  63.058  -14.301 0.0000000000
8232  -13.428  67.134  -2.751 0.0000000000
11333  -9.382  67.898  -3.713 0.0000000000
11334  -9.267  67.792  -5.194 0.0000000000
11335  -8.279  67.494  -4.552 0.0000000000
12526  -9.247  62.669  -13.989 0.0000000000
12527  -10.783  61.374  -14.018 0.0000000000
12528  -9.594  61.974  -15.390 0.0000000000
16718  -15.174  66.552  -5.106 0.0000000000
16719  -14.662  65.175  -6.315 0.0000000000
16720  -13.334  66.218  -6.247 0.0000000000
16721  -9.049  66.992  -8.459 0.0000000000
16722  -10.410  66.219  -8.839 0.0000000000
16723  -9.049  66.247  -10.005 0.0000000000
16724  -9.130  65.104  -11.329 0.0000000000
16725  -7.756  65.997  -11.081 0.0000000000
16727  -7.426  65.202  -6.152 0.0000000000
16732  -6.083  63.901  -12.743 0.0000000000
18096  -11.921  67.134  -2.404 0.0000000000
25007  -12.092  67.578  -4.576 0.0000000000
25008  -11.905  67.030  -6.047 0.0000000000
25009  -10.527  67.535  -5.682 0.0000000000
25010  -9.182  67.441  -6.777 0.0000000000
25011  -7.974  67.104  -7.732 0.0000000000
27154  -11.407  62.006  -11.092 0.0000000000
27156  -11.774  60.824  -12.545 0.0000000000
29210  -7.298  66.495  -2.052 0.0000000000
29211  -7.501  66.561  -3.691 0.0000000000
29212  -7.122  65.144  -2.872 0.0000000000
30880  -7.086  62.361  -16.329 0.0000000000
30881  -8.386  61.950  -16.482 0.0000000000
30882  -7.397  61.434  -17.397 0.0000000000
33276  -12.652  63.559  -8.518 0.0000000000
33277  -11.727  66.129  -7.542 0.0000000000
33278  -11.603  64.960  -8.740 0.0000000000
33279  -11.422  63.493  -9.821 0.0000000000
33280  -10.286  63.573  -11.184 0.0000000000
33281  -9.145  63.822  -12.623 0.0000000000
33282  -7.952  63.874  -13.997 0.0000000000
33283  -7.656  66.575  -5.388 0.0000000000
33284  -7.420  66.407  -7.013 0.0000000000
33285  -7.022  66.231  -8.583 0.0000000000
33287  -6.342  64.831  -9.268 0.0000000000
33288  -6.735  65.830  -10.261 0.0000000000
33289  -6.680  65.254  -12.044 0.0000000000
33290  -6.758  64.348  -13.644 0.0000000000
33291  -6.933  63.267  -15.056 0.0000000000
33292  -6.333  62.238  -15.818 0.0000000000
34993  -15.221  67.272  -3.986 0.0000000000
34996  -13.548  67.511  -3.721 0.0000000000
34997  -12.001  67.598  -3.496 0.0000000000
34998  -10.589  67.675  -3.042 0.0000000000
34999  -9.195  67.563  -2.329 0.0000000000
37675  -10.163  61.545  -16.459 0.0000000000
42053  -8.751  67.755  -3.385 0.0000000000
42054  -8.787  67.790  -4.116 0.0000000000
42055  -8.212  67.509  -3.775 0.0000000000
43246  -8.686  62.772  -14.694 0.0000000000
43247  -9.401  62.239  -14.740 0.0000000000
43248  -8.810  62.374  -15.375 0.0000000000
47438  -14.454  66.951  -4.989 0.0000000000
47439  -14.267  66.387  -5.651 0.0000000000
47440  -13.505  66.776  -5.583 0.0000000000
47441  -8.394  66.915  -8.927 0.0000000000
47442  -9.081  66.665  -9.275 0.0000000000
47443  -8.391  66.566  -9.769 0.0000000000
47444  -8.405  66.181  -10.536 0.0000000000
47445  -7.740  66.403  -10.299 0.0000000000
51016  -13.107  62.059  -9.036 0.0000000000
57038  -11.361  67.725  -4.422 0.0000000000
57039  -11.288  67.529  -5.163 0.0000000000
57040  -10.610  67.748  -4.905 0.0000000000
57041  -8.693  67.595  -5.660 0.0000000000
57042  -9.215  67.629  -5.961 0.0000000000
57043  -8.618  67.480  -6.507 0.0000000000
57044  -8.545  67.331  -7.289 0.0000000000
57045  -8.112  67.201  -6.934 0.0000000000
60616  -10.869  62.041  -11.751 0.0000000000
60617  -11.529  61.303  -11.769 0.0000000000
60618  -11.026  61.467  -12.474 0.0000000000
60619  -11.114  61.349  -14.728 0.0000000000
60620  -11.667  60.942  -14.090 0.0000000000
64238  -7.146  65.833  -1.595 0.0000000000
64239  -7.168  65.853  -2.461 0.0000000000
64240  -7.070  65.126  -2.045 0.0000000000
67817  -7.207  61.909  -16.886 0.0000000000
73196  -13.773  65.018  -6.874 0.0000000000
73197  -14.339  64.468  -6.835 0.0000000000
73198  -13.550  64.328  -7.392 0.0000000000
73199  -13.344  63.610  -7.906 0.0000000000
73200  -12.817  64.288  -7.986 0.0000000000
73201  -11.107  67.018  -6.676 0.0000000000
73202  -11.790  66.622  -6.809 0.0000000000
73203  -11.079  66.630  -7.478 0.0000000000
73204  -10.386  65.644  -9.477 0.0000000000
73205  -11.019  65.625  -8.869 0.0000000000
73206  -10.970  64.967  -9.401 0.0000000000
73207  -11.509  64.232  -9.260 0.0000000000
73208  -10.885  64.255  -9.922 0.0000000000
73209  -10.831  63.522  -10.503 0.0000000000
73210  -10.310  64.290  -10.585 0.0000000000
73211  -8.488  65.117  -11.984 0.0000000000
73212  -9.142  64.477  -11.960 0.0000000000
73213  -8.536  64.567  -12.675 0.0000000000
73214  -8.555  63.932  -13.334 0.0000000000
73215  -7.906  64.468  -13.313 0.0000000000
73216  -7.407  65.921  -4.072 0.0000000000
73217  -7.599  66.589  -4.508 0.0000000000
73218  -7.540  65.964  -4.939 0.0000000000
73219  -7.194  65.190  -6.987 0.0000000000
73220  -7.364  65.868  -6.608 0.0000000000
73221  -7.124  65.821  -7.380 0.0000000000
73222  -7.217  66.332  -7.766 0.0000000000
73223  -6.879  65.750  -8.144 0.0000000000
73227  -6.075  63.795  -10.415 0.0000000000
73228  -6.245  63.969  -9.576 0.0000000000
73229  -6.200  64.635  -10.075 0.0000000000
73230  -6.476  65.449  -9.777 0.0000000000
73231  -6.342  65.201  -10.599 0.0000000000
73232  -6.640  65.566  -11.137 0.0000000000
73233  -6.300  64.926  -11.529 0.0000000000
73234  -6.116  63.529  -13.550 0.0000000000
73235  -6.343  64.237  -13.239 0.0000000000
73236  -6.442  63.751  -13.982 0.0000000000
73237  -6.869  63.760  -14.330 0.0000000000
73238  -6.532  63.231  -14.726 0.0000000000
73239  -6.613  62.762  -15.447 0.0000000000
73240  -6.286  62.610  -15.063 0.0000000000
77316  -16.036  67.013  -4.142 0.0000000000
77317  -16.071  67.188  -3.569 0.0000000000
77324  -14.351  67.384  -3.313 0.0000000000
77325  -13.503  67.384  -3.232 0.0000000000
77326  -12.764  67.541  -3.618 0.0000000000
77327  -12.720  67.394  -3.129 0.0000000000
77329  -11.245  67.446  -2.733 0.0000000000
77330  -10.511  67.429  -2.402 0.0000000000
77331  -9.857  67.627  -2.738 0.0000000000
77332  -9.798  67.389  -2.000 0.0000000000
83949  -8.608  61.539  -16.963 0.0000000000
83950  -9.223  61.730  -16.485 0.0000000000
83951  -9.525  61.342  -16.922 0.0000000000
83953  -11.451  61.127  -16.773 0.0000000000
94127  -10.005  67.924  -4.007 0.0000000000
94128  -9.952  67.850  -4.693 0.0000000000
94129  -9.348  67.876  -4.433 0.0000000000
94130  -8.761  67.740  -4.874 0.0000000000
94131  -8.264  67.424  -5.337 0.0000000000
96274  -9.797  62.435  -13.247 0.0000000000
96275  -10.516  61.705  -13.226 0.0000000000
96276  -9.969  61.971  -14.021 0.0000000000
96277  -10.208  61.721  -14.738 0.0000000000
96278  -10.509  61.589  -15.360 0.0000000000
103822  -14.985  65.892  -5.755 0.0000000000
103823  -14.036  65.713  -6.294 0.0000000000
103824  -13.125  65.575  -6.895 0.0000000000
103825  -9.711  67.045  -7.927 0.0000000000
103826  -10.392  66.657  -8.107 0.0000000000
103827  -9.723  66.685  -8.723 0.0000000000
103828  -9.757  66.220  -9.447 0.0000000000
103829  -9.722  65.694  -10.099 0.0000000000
103830  -9.724  65.027  -10.670 0.0000000000
103831  -9.078  65.694  -10.660 0.0000000000
103832  -8.451  65.701  -11.263 0.0000000000
103833  -7.810  65.566  -11.894 0.0000000000
103834  -7.528  64.403  -4.841 0.0000000000
103835  -7.532  65.226  -5.314 0.0000000000
103836  -7.544  64.433  -5.676 0.0000000000
103837  -7.369  64.420  -6.514 0.0000000000
103838  -7.141  64.377  -7.295 0.0000000000
103843  -6.027  63.569  -11.295 0.0000000000
103844  -6.064  64.157  -11.867 0.0000000000
103845  -5.981  63.382  -12.189 0.0000000000
103846  -5.994  63.083  -13.006 0.0000000000
106300  -12.672  67.124  -2.612 0.0000000000
119789  -12.854  67.448  -4.684 0.0000000000
119790  -12.742  67.092  -5.453 0.0000000000
119791  -12.008  67.341  -5.284 0.0000000000
119792  -11.191  67.303  -5.897 0.0000000000
119793  -10.405  67.318  -6.496 0.0000000000
119794  -9.889  67.714  -5.424 0.0000000000
119795  -9.813  67.519  -6.218 0.0000000000
119796  -9.763  67.291  -7.060 0.0000000000
119797  -9.090  67.265  -7.615 0.0000000000
119798  -8.455  67.136  -8.110 0.0000000000
119799  -7.863  66.907  -8.552 0.0000000000
124798  -11.958  61.965  -10.409 0.0000000000
124799  -12.611  61.205  -10.424 0.0000000000
124800  -12.070  61.156  -11.108 0.0000000000
124801  -12.287  60.658  -11.819 0.0000000000
124803  -11.300  61.093  -13.275 0.0000000000
129752  -7.708  67.041  -2.522 0.0000000000
129753  -7.759  67.095  -3.327 0.0000000000
129754  -7.403  66.520  -2.892 0.0000000000
129755  -7.257  65.896  -3.279 0.0000000000
129756  -7.272  65.161  -3.661 0.0000000000
129757  -7.100  64.357  -2.457 0.0000000000
129758  -7.187  64.364  -3.264 0.0000000000
129759  -7.365  64.389  -4.040 0.0000000000
134284  -7.575  62.628  -15.878 0.0000000000
134285  -8.216  62.356  -15.955 0.0000000000
134286  -7.675  62.181  -16.430 0.0000000000
134287  -7.813  61.758  -16.958 0.0000000000
134288  -8.082  61.289  -17.429 0.0000000000
134290  -7.624  60.949  -17.917 0.0000000000
140987  -13.175  62.856  -8.447 0.0000000000
140988  -12.532  62.788  -9.082 0.0000000000
140989  -12.599  66.669  -6.207 0.0000000000
140990  -12.459  66.132  -6.883 0.0000000000
140991  -12.354  65.554  -7.548 0.0000000000
140992  -11.048  66.161  -8.201 0.0000000000
140993  -11.668  65.584  -8.203 0.0000000000
140994  -12.263  64.952  -8.100 0.0000000000
140995  -12.140  64.265  -8.611 0.0000000000
140996  -12.009  63.512  -9.152 0.0000000000
140997  -11.955  62.739  -9.751 0.0000000000
140998  -11.390  62.752  -10.429 0.0000000000
140999  -10.828  62.790  -11.128 0.0000000000
141000  -10.327  62.822  -11.792 0.0000000000
141001  -9.739  64.354  -11.253 0.0000000000
141002  -9.738  63.703  -11.898 0.0000000000
141003  -9.751  63.012  -12.547 0.0000000000
141004  -9.181  63.188  -13.273 0.0000000000
141005  -8.596  63.328  -13.976 0.0000000000
141006  -8.039  63.295  -14.674 0.0000000000
141007  -7.847  67.098  -4.143 0.0000000000
141008  -7.898  67.121  -5.001 0.0000000000
141009  -7.868  67.023  -5.796 0.0000000000
141010  -7.494  65.955  -5.789 0.0000000000
141011  -7.565  66.499  -6.226 0.0000000000
141012  -7.783  66.911  -6.579 0.0000000000
141013  -7.608  66.841  -7.363 0.0000000000
141014  -7.465  66.700  -8.156 0.0000000000
141015  -7.338  66.517  -9.014 0.0000000000
141018  -6.837  64.293  -8.049 0.0000000000
141020  -6.518  64.146  -8.807 0.0000000000
141021  -6.643  64.995  -8.483 0.0000000000
141022  -6.674  65.590  -8.948 0.0000000000
141023  -6.885  66.037  -9.421 0.0000000000
141024  -7.223  66.302  -9.868 0.0000000000
141025  -7.167  66.030  -10.726 0.0000000000
141026  -7.164  65.744  -11.601 0.0000000000
141027  -7.212  65.318  -12.424 0.0000000000
141028  -6.286  64.680  -12.435 0.0000000000
141029  -6.697  64.896  -12.898 0.0000000000
141030  -7.273  64.790  -13.175 0.0000000000
141031  -7.332  64.195  -13.916 0.0000000000
141032  -7.411  63.607  -14.568 0.0000000000
141033  -7.499  63.102  -15.250 0.0000000000
141034  -7.041  62.780  -15.713 0.0000000000
141035  -6.645  62.409  -16.140 0.0000000000
145997  -15.977  66.639  -4.696 0.0000000000
145998  -15.233  66.995  -4.550 0.0000000000
145999  -14.410  67.273  -4.419 0.0000000000
146006  -15.223  67.331  -3.418 0.0000000000
146007  -14.350  67.458  -3.844 0.0000000000
146008  -13.594  67.455  -4.273 0.0000000000
146009  -12.813  67.556  -4.129 0.0000000000
146010  -12.048  67.619  -4.038 0.0000000000
146011  -11.314  67.752  -3.861 0.0000000000
146012  -11.981  67.423  -2.990 0.0000000000
146013  -11.278  67.661  -3.318 0.0000000000
146014  -10.636  67.805  -3.636 0.0000000000
146015  -9.957  67.798  -3.371 0.0000000000
146016  -9.286  67.737  -3.057 0.0000000000
146017  -8.654  67.610  -2.666 0.0000000000
146043  -8.561  67.377  -1.870 0.0000000000
146044  -8.075  67.269  -2.192 0.0000000000
153985  -8.940  62.078  -15.986 0.0000000000
153986  -9.867  61.742  -15.958 0.0000000000
153987  -10.853  61.570  -15.919 0.0000000000
153988  -10.492  61.228  -16.874 0.0000000000
153989  -11.218  61.451  -16.427 0.0000000000
