#!ascii label  , from subject studyTemplate vox2ras=TkReg
1917
35  -4.493  -35.574  30.106 0.0000000000
143  -5.307  -50.775  19.306 0.0000000000
209  -14.174  -53.899  8.585 0.0000000000
321  -5.091  -44.697  27.615 0.0000000000
449  -11.756  -44.052  3.061 0.0000000000
584  -9.224  -45.455  30.798 0.0000000000
596  -7.698  -49.172  12.614 0.0000000000
799  -7.811  -35.577  28.808 0.0000000000
800  -8.815  -40.039  27.119 0.0000000000
801  -4.475  -39.904  28.326 0.0000000000
986  -10.712  -45.567  5.314 0.0000000000
1296  -13.752  -43.905  32.191 0.0000000000
1297  -13.089  -50.089  29.101 0.0000000000
1298  -8.775  -50.759  29.068 0.0000000000
1322  -7.555  -47.222  21.163 0.0000000000
1324  -5.964  -49.661  15.504 0.0000000000
1325  -6.369  -54.491  9.815 0.0000000000
1527  -10.410  -50.238  6.530 0.0000000000
1528  -13.532  -49.756  4.547 0.0000000000
1529  -18.465  -52.393  6.780 0.0000000000
1730  -8.807  -44.116  24.694 0.0000000000
1731  -4.723  -48.068  24.217 0.0000000000
2006  -15.828  -48.448  2.015 0.0000000000
2007  -16.561  -46.280  -0.780 0.0000000000
2008  -15.822  -43.512  -3.146 0.0000000000
2389  -8.627  -39.475  33.876 0.0000000000
2390  -5.484  -40.855  31.625 0.0000000000
2391  -4.848  -46.498  31.347 0.0000000000
2392  -4.799  -51.018  27.780 0.0000000000
2393  -7.092  -52.097  22.173 0.0000000000
2424  -9.189  -48.151  10.284 0.0000000000
2425  -8.238  -52.126  8.203 0.0000000000
2719  -5.526  -35.428  28.838 0.0000000000
2720  -6.050  -37.632  28.181 0.0000000000
2721  -4.380  -37.613  29.019 0.0000000000
3242  -5.031  -48.297  20.083 0.0000000000
3243  -6.256  -48.242  18.458 0.0000000000
3244  -5.427  -50.115  17.311 0.0000000000
3245  -6.907  -52.719  14.528 0.0000000000
3246  -7.062  -52.785  16.664 0.0000000000
3504  -12.448  -52.094  7.791 0.0000000000
3505  -14.210  -51.785  6.699 0.0000000000
3506  -16.298  -53.332  7.567 0.0000000000
3842  -6.790  -41.966  26.778 0.0000000000
3843  -8.957  -42.112  26.026 0.0000000000
3844  -6.851  -44.095  25.854 0.0000000000
3845  -6.516  -45.778  24.381 0.0000000000
3846  -5.258  -46.860  26.405 0.0000000000
4396  -12.352  -43.198  2.115 0.0000000000
4397  -17.656  -50.588  4.421 0.0000000000
4398  -14.833  -49.142  3.325 0.0000000000
4399  -18.866  -49.960  2.780 0.0000000000
4403  -16.280  -44.937  -2.043 0.0000000000
5328  -11.746  -44.383  31.040 0.0000000000
5329  -11.320  -41.463  33.104 0.0000000000
5330  -9.377  -42.268  32.193 0.0000000000
5331  -7.246  -40.112  32.525 0.0000000000
5332  -7.167  -43.352  31.936 0.0000000000
5333  -5.108  -43.647  31.596 0.0000000000
5334  -6.889  -46.156  31.230 0.0000000000
5335  -8.949  -51.980  27.010 0.0000000000
5336  -6.424  -51.200  28.895 0.0000000000
5337  -6.981  -51.899  26.265 0.0000000000
5338  -5.385  -51.574  25.037 0.0000000000
5339  -8.470  -52.486  23.226 0.0000000000
5410  -8.687  -48.426  15.599 0.0000000000
5414  -8.484  -48.719  11.457 0.0000000000
5415  -7.524  -49.533  8.538 0.0000000000
5416  -7.016  -50.412  9.627 0.0000000000
5418  -8.158  -55.411  9.625 0.0000000000
6049  -8.464  -37.782  28.091 0.0000000000
6050  -6.457  -39.808  27.452 0.0000000000
6051  -4.741  -42.232  27.945 0.0000000000
6382  -11.227  -44.870  4.129 0.0000000000
6942  -13.868  -46.846  30.140 0.0000000000
6943  -11.373  -47.593  29.582 0.0000000000
6944  -9.008  -48.295  29.949 0.0000000000
6945  -11.015  -50.260  28.903 0.0000000000
6946  -10.879  -52.270  27.309 0.0000000000
6990  -8.684  -47.421  19.641 0.0000000000
6991  -7.680  -48.582  17.071 0.0000000000
6992  -6.893  -49.451  13.971 0.0000000000
6993  -6.714  -51.397  10.924 0.0000000000
6994  -6.650  -52.261  12.471 0.0000000000
6995  -5.804  -55.381  11.492 0.0000000000
7401  -8.791  -47.906  6.350 0.0000000000
7402  -9.659  -47.786  4.985 0.0000000000
7403  -11.980  -50.084  5.608 0.0000000000
7404  -16.055  -51.142  5.722 0.0000000000
7879  -8.377  -45.859  23.119 0.0000000000
7880  -5.762  -47.042  22.421 0.0000000000
7881  -4.371  -49.202  21.891 0.0000000000
8594  -10.688  -47.376  3.929 0.0000000000
8595  -11.685  -46.849  2.842 0.0000000000
8596  -12.461  -46.121  1.684 0.0000000000
8598  -16.431  -47.497  0.607 0.0000000000
8599  -12.799  -45.077  0.511 0.0000000000
8600  -12.882  -43.806  -0.495 0.0000000000
8601  -13.018  -42.487  -1.360 0.0000000000
8602  -13.317  -41.216  -2.094 0.0000000000
8603  -15.316  -42.093  -4.076 0.0000000000
9701  -5.144  -35.819  32.485 0.0000000000
9726  -5.984  -38.109  34.547 0.0000000000
9727  -5.551  -37.977  32.645 0.0000000000
9728  -4.671  -38.155  30.768 0.0000000000
9729  -4.382  -40.572  30.137 0.0000000000
9730  -4.170  -43.194  30.006 0.0000000000
9731  -4.290  -45.858  29.677 0.0000000000
9732  -6.652  -49.031  30.444 0.0000000000
9733  -4.759  -49.219  30.122 0.0000000000
9734  -4.574  -48.300  28.415 0.0000000000
9735  -4.428  -49.806  26.030 0.0000000000
9736  -4.556  -50.643  23.500 0.0000000000
9737  -6.024  -51.665  20.809 0.0000000000
9828  -9.831  -47.493  9.242 0.0000000000
9829  -8.088  -48.685  7.404 0.0000000000
9830  -9.316  -51.080  7.532 0.0000000000
9831  -11.074  -52.926  8.934 0.0000000000
9832  -7.181  -53.290  8.835 0.0000000000
9833  -9.634  -54.078  9.408 0.0000000000
9834  -12.890  -54.745  9.650 0.0000000000
10397  -4.570  -34.290  29.920 0.0000000000
10398  -5.194  -34.174  29.312 0.0000000000
10399  -4.726  -35.433  29.242 0.0000000000
10400  -4.864  -36.468  28.786 0.0000000000
10401  -4.412  -36.571  29.500 0.0000000000
10922  -4.723  -49.533  19.638 0.0000000000
10923  -4.952  -49.154  18.688 0.0000000000
10924  -5.279  -50.403  18.284 0.0000000000
10925  -6.228  -51.345  17.042 0.0000000000
10926  -6.239  -51.524  18.069 0.0000000000
11184  -13.351  -52.995  8.228 0.0000000000
11185  -14.251  -52.830  7.696 0.0000000000
11186  -15.177  -53.688  8.006 0.0000000000
11522  -5.762  -43.197  27.051 0.0000000000
11523  -6.890  -43.090  26.385 0.0000000000
11524  -5.947  -44.362  26.733 0.0000000000
11525  -5.939  -45.403  26.099 0.0000000000
11526  -5.284  -45.877  27.153 0.0000000000
12076  -12.051  -43.648  2.602 0.0000000000
12077  -19.636  -50.969  4.067 0.0000000000
12078  -18.302  -50.304  3.608 0.0000000000
13008  -10.475  -44.880  30.828 0.0000000000
13009  -10.488  -43.305  31.728 0.0000000000
13010  -9.353  -43.837  31.572 0.0000000000
13011  -8.306  -42.801  32.045 0.0000000000
13012  -8.157  -44.464  31.547 0.0000000000
13013  -7.005  -44.767  31.644 0.0000000000
13014  -8.037  -45.812  30.990 0.0000000000
13015  -9.369  -52.416  25.584 0.0000000000
13016  -7.967  -51.947  26.660 0.0000000000
13017  -8.497  -52.157  25.212 0.0000000000
13018  -7.625  -51.976  24.832 0.0000000000
13019  -9.173  -52.868  23.696 0.0000000000
13090  -8.337  -48.870  14.171 0.0000000000
13092  -8.749  -48.700  13.515 0.0000000000
13094  -8.064  -48.977  11.989 0.0000000000
13095  -7.428  -49.224  10.525 0.0000000000
13096  -7.121  -49.576  11.097 0.0000000000
13915  -7.331  -34.282  29.129 0.0000000000
13917  -8.326  -34.372  28.978 0.0000000000
13919  -8.741  -35.651  28.601 0.0000000000
13920  -8.975  -36.752  28.157 0.0000000000
13921  -8.143  -36.656  28.475 0.0000000000
13922  -5.074  -38.708  28.003 0.0000000000
13923  -6.288  -38.701  27.819 0.0000000000
13924  -5.279  -39.805  27.699 0.0000000000
13925  -5.469  -40.943  27.459 0.0000000000
13926  -4.576  -41.136  28.095 0.0000000000
14476  -10.971  -45.238  4.693 0.0000000000
15410  -13.513  -48.504  29.559 0.0000000000
15411  -12.648  -47.136  29.731 0.0000000000
15412  -12.323  -48.830  29.293 0.0000000000
15413  -11.216  -48.996  29.318 0.0000000000
15414  -12.067  -50.132  28.944 0.0000000000
15487  -8.655  -46.686  21.479 0.0000000000
15489  -8.246  -47.421  20.426 0.0000000000
15490  -5.832  -48.820  16.959 0.0000000000
15491  -6.961  -48.423  17.755 0.0000000000
15492  -6.472  -48.853  16.229 0.0000000000
15493  -7.098  -48.890  15.511 0.0000000000
15494  -6.445  -49.532  14.721 0.0000000000
15495  -6.645  -50.569  13.202 0.0000000000
15496  -6.566  -50.783  14.113 0.0000000000
15497  -6.491  -54.447  13.974 0.0000000000
15498  -6.318  -54.213  12.904 0.0000000000
16269  -9.329  -49.109  6.076 0.0000000000
16270  -10.030  -49.117  5.622 0.0000000000
16271  -11.229  -50.181  6.131 0.0000000000
16272  -16.288  -52.148  6.771 0.0000000000
16273  -15.128  -51.459  6.219 0.0000000000
16274  -17.268  -51.708  6.290 0.0000000000
16275  -18.163  -51.401  5.650 0.0000000000
17287  -9.320  -39.019  27.163 0.0000000000
17290  -8.916  -43.157  25.390 0.0000000000
17296  -8.615  -45.027  23.951 0.0000000000
17297  -5.499  -46.872  24.297 0.0000000000
17298  -6.200  -46.468  23.458 0.0000000000
17299  -5.079  -47.332  23.215 0.0000000000
17300  -4.716  -47.862  22.137 0.0000000000
17301  -4.454  -48.530  23.101 0.0000000000
18947  -11.502  -48.952  4.626 0.0000000000
18948  -10.221  -47.622  4.439 0.0000000000
18949  -12.119  -48.724  4.074 0.0000000000
18950  -15.364  -48.848  2.700 0.0000000000
18951  -13.259  -48.130  2.963 0.0000000000
18952  -13.734  -47.806  2.363 0.0000000000
18953  -12.085  -46.486  2.274 0.0000000000
18954  -14.101  -47.408  1.748 0.0000000000
18958  -18.469  -47.088  -0.715 0.0000000000
18959  -18.351  -47.691  0.089 0.0000000000
18960  -16.513  -46.894  -0.089 0.0000000000
18961  -14.576  -46.456  0.436 0.0000000000
18962  -14.597  -45.841  -0.187 0.0000000000
18963  -12.861  -44.470  -0.009 0.0000000000
18964  -14.550  -45.206  -0.782 0.0000000000
18965  -16.040  -44.231  -2.620 0.0000000000
18966  -14.259  -43.789  -1.850 0.0000000000
18967  -14.087  -43.029  -2.326 0.0000000000
18968  -13.094  -41.818  -1.714 0.0000000000
18969  -14.083  -42.342  -2.753 0.0000000000
18970  -14.020  -41.630  -3.126 0.0000000000
18971  -15.515  -42.789  -3.628 0.0000000000
21743  -14.477  -44.052  33.127 0.0000000000
21745  -13.287  -42.693  33.458 0.0000000000
21746  -10.048  -40.407  33.525 0.0000000000
21747  -10.685  -40.355  34.333 0.0000000000
21748  -9.071  -39.480  34.792 0.0000000000
21750  -7.440  -38.900  35.173 0.0000000000
21752  -7.145  -38.790  34.255 0.0000000000
21753  -6.369  -40.540  32.101 0.0000000000
21754  -6.217  -39.039  32.641 0.0000000000
21755  -5.599  -39.275  31.957 0.0000000000
21756  -5.121  -38.064  31.747 0.0000000000
21757  -4.998  -39.473  31.184 0.0000000000
21758  -4.536  -39.338  30.380 0.0000000000
21759  -4.813  -40.786  30.990 0.0000000000
21760  -4.944  -45.030  31.528 0.0000000000
21761  -4.406  -43.530  30.964 0.0000000000
21762  -4.326  -44.884  30.886 0.0000000000
21763  -4.213  -44.474  29.882 0.0000000000
21764  -4.314  -46.207  30.634 0.0000000000
21765  -8.894  -49.632  29.584 0.0000000000
21766  -7.844  -48.671  30.199 0.0000000000
21767  -7.736  -50.013  29.770 0.0000000000
21768  -5.456  -51.240  28.446 0.0000000000
21769  -5.466  -50.424  29.618 0.0000000000
21770  -4.797  -50.279  29.046 0.0000000000
21771  -4.467  -48.834  29.368 0.0000000000
21772  -4.520  -49.841  28.224 0.0000000000
21773  -4.554  -49.182  27.261 0.0000000000
21774  -4.488  -50.523  26.978 0.0000000000
21775  -6.121  -51.717  23.597 0.0000000000
21776  -4.878  -51.196  24.234 0.0000000000
21777  -5.516  -51.493  22.891 0.0000000000
21778  -5.102  -51.149  22.138 0.0000000000
21779  -6.516  -51.938  21.512 0.0000000000
22004  -9.474  -47.799  9.746 0.0000000000
22005  -8.713  -47.912  8.269 0.0000000000
22006  -8.367  -48.245  8.786 0.0000000000
22007  -7.749  -50.924  8.062 0.0000000000
22008  -8.096  -50.403  7.603 0.0000000000
22009  -8.770  -51.593  7.871 0.0000000000
22010  -10.185  -52.044  8.266 0.0000000000
22011  -9.513  -52.531  8.545 0.0000000000
22012  -6.526  -53.064  10.198 0.0000000000
22013  -6.765  -52.517  9.579 0.0000000000
22014  -6.770  -53.929  9.304 0.0000000000
22015  -9.646  -55.553  10.082 0.0000000000
22016  -8.884  -54.713  9.503 0.0000000000
22017  -10.456  -54.972  9.980 0.0000000000
22018  -11.235  -54.387  9.801 0.0000000000
22019  -12.104  -55.230  10.087 0.0000000000
22020  -13.761  -55.590  9.618 0.0000000000
23326  -6.202  -34.227  29.133 0.0000000000
23327  -6.693  -35.489  28.819 0.0000000000
23328  -7.014  -36.579  28.507 0.0000000000
23329  -5.796  -36.565  28.515 0.0000000000
23330  -4.970  -37.561  28.405 0.0000000000
23331  -4.432  -38.752  28.616 0.0000000000
24268  -6.172  -47.625  20.631 0.0000000000
24269  -6.923  -47.780  19.926 0.0000000000
24270  -5.530  -48.160  19.204 0.0000000000
24271  -5.237  -48.874  17.743 0.0000000000
24272  -5.666  -49.844  16.374 0.0000000000
24273  -6.472  -51.067  15.029 0.0000000000
24274  -6.361  -51.252  16.027 0.0000000000
24275  -6.966  -52.796  15.600 0.0000000000
24276  -6.821  -54.504  15.095 0.0000000000
24738  -11.442  -51.144  7.222 0.0000000000
24739  -12.365  -51.109  6.722 0.0000000000
24740  -13.332  -52.000  7.278 0.0000000000
24741  -15.215  -52.556  7.179 0.0000000000
24742  -17.420  -52.861  7.244 0.0000000000
25348  -7.920  -40.954  26.912 0.0000000000
25349  -8.921  -41.061  26.608 0.0000000000
25350  -7.994  -42.014  26.419 0.0000000000
25351  -7.985  -43.080  25.856 0.0000000000
25352  -7.898  -44.039  25.251 0.0000000000
25353  -7.728  -44.941  24.511 0.0000000000
25354  -6.743  -45.049  25.170 0.0000000000
25355  -5.790  -46.254  25.267 0.0000000000
25356  -5.066  -47.566  25.340 0.0000000000
26345  -15.619  -50.230  4.535 0.0000000000
26346  -14.257  -49.461  3.964 0.0000000000
26347  -16.264  -49.912  3.844 0.0000000000
26348  -16.914  -49.617  3.141 0.0000000000
26349  -17.422  -49.276  2.398 0.0000000000
26354  -18.416  -46.477  -1.492 0.0000000000
26355  -16.484  -45.633  -1.418 0.0000000000
26359  -17.381  -43.905  -4.137 0.0000000000
28022  -12.799  -44.026  31.514 0.0000000000
28023  -12.514  -42.608  32.628 0.0000000000
28024  -11.580  -42.843  32.071 0.0000000000
28025  -10.426  -41.773  32.500 0.0000000000
28026  -9.249  -40.723  32.890 0.0000000000
28027  -8.027  -39.711  33.145 0.0000000000
28028  -8.334  -41.211  32.424 0.0000000000
28029  -7.316  -41.747  32.140 0.0000000000
28030  -6.269  -42.191  31.917 0.0000000000
28031  -5.283  -42.270  31.585 0.0000000000
28032  -6.094  -43.563  31.856 0.0000000000
28033  -5.895  -45.013  31.744 0.0000000000
28034  -5.789  -46.401  31.423 0.0000000000
28035  -8.717  -51.594  28.252 0.0000000000
28036  -7.590  -51.018  29.071 0.0000000000
28037  -7.626  -51.677  28.023 0.0000000000
28038  -6.587  -51.741  27.688 0.0000000000
28039  -5.676  -51.683  27.131 0.0000000000
28040  -4.998  -51.420  26.401 0.0000000000
28041  -6.136  -51.787  25.702 0.0000000000
28042  -6.812  -51.847  24.250 0.0000000000
28043  -7.751  -52.303  22.723 0.0000000000
28178  -8.861  -48.438  10.886 0.0000000000
28179  -8.097  -48.538  9.367 0.0000000000
28180  -7.735  -48.907  9.968 0.0000000000
28181  -7.258  -49.946  9.112 0.0000000000
28182  -7.385  -51.423  8.510 0.0000000000
28183  -6.431  -55.705  9.897 0.0000000000
28184  -6.953  -55.099  9.416 0.0000000000
29001  -15.091  -54.775  8.667 0.0000000000
29002  -16.172  -54.571  8.181 0.0000000000
29474  -9.161  -37.883  27.689 0.0000000000
29475  -8.665  -38.947  27.624 0.0000000000
29476  -7.328  -37.686  28.167 0.0000000000
29477  -7.577  -38.795  27.804 0.0000000000
29478  -7.704  -39.937  27.364 0.0000000000
29479  -6.608  -40.931  27.096 0.0000000000
29480  -5.614  -42.096  27.250 0.0000000000
29481  -4.896  -43.471  27.840 0.0000000000
30250  -11.480  -44.504  3.594 0.0000000000
31555  -14.836  -45.239  31.873 0.0000000000
31557  -14.867  -46.712  30.811 0.0000000000
31558  -13.932  -45.267  31.026 0.0000000000
31559  -12.843  -45.500  30.492 0.0000000000
31560  -11.594  -45.970  30.169 0.0000000000
31561  -10.314  -46.473  30.128 0.0000000000
31562  -9.134  -46.889  30.285 0.0000000000
31563  -10.236  -47.956  29.714 0.0000000000
31564  -10.051  -49.287  29.430 0.0000000000
31565  -9.901  -50.457  28.990 0.0000000000
31566  -11.809  -51.407  28.348 0.0000000000
31567  -10.852  -51.400  28.229 0.0000000000
31568  -9.804  -51.439  28.220 0.0000000000
31569  -9.919  -52.126  27.176 0.0000000000
31570  -10.209  -52.765  25.872 0.0000000000
31671  -7.695  -47.982  19.239 0.0000000000
31672  -8.266  -48.123  18.406 0.0000000000
31673  -8.637  -48.041  17.640 0.0000000000
31674  -8.247  -48.586  16.310 0.0000000000
31675  -7.792  -48.933  14.917 0.0000000000
31676  -7.231  -49.269  13.248 0.0000000000
31677  -6.914  -49.969  11.683 0.0000000000
31678  -6.737  -50.266  12.414 0.0000000000
31679  -6.665  -51.840  11.659 0.0000000000
31680  -6.358  -53.527  10.974 0.0000000000
31681  -6.759  -52.571  13.436 0.0000000000
31682  -6.283  -53.914  11.901 0.0000000000
31683  -6.083  -54.957  10.568 0.0000000000
32703  -9.355  -47.111  7.174 0.0000000000
32704  -9.409  -46.876  6.364 0.0000000000
32705  -9.130  -47.818  5.595 0.0000000000
32706  -10.781  -49.050  5.157 0.0000000000
32707  -12.788  -49.941  5.070 0.0000000000
32708  -13.163  -50.994  6.165 0.0000000000
32709  -14.034  -50.787  5.614 0.0000000000
32710  -14.848  -50.495  5.098 0.0000000000
32711  -16.897  -50.835  5.102 0.0000000000
32712  -18.948  -51.171  4.890 0.0000000000
32714  -17.389  -54.141  7.870 0.0000000000
32715  -18.540  -53.604  7.623 0.0000000000
32716  -19.678  -53.176  7.259 0.0000000000
34005  -8.040  -46.615  22.191 0.0000000000
34006  -7.450  -45.731  23.758 0.0000000000
34007  -7.105  -46.450  22.809 0.0000000000
34008  -6.648  -47.079  21.766 0.0000000000
34009  -5.331  -47.565  21.326 0.0000000000
34010  -4.601  -48.628  20.952 0.0000000000
34011  -4.622  -50.017  20.612 0.0000000000
36038  -9.552  -46.571  5.660 0.0000000000
36039  -9.686  -46.244  4.972 0.0000000000
36040  -10.067  -46.035  4.421 0.0000000000
36041  -12.751  -48.463  3.553 0.0000000000
36042  -11.196  -47.143  3.372 0.0000000000
36043  -10.409  -45.764  3.873 0.0000000000
36044  -10.764  -45.447  3.306 0.0000000000
36045  -11.191  -45.122  2.772 0.0000000000
36046  -11.435  -44.648  2.245 0.0000000000
36048  -19.295  -49.546  2.005 0.0000000000
36049  -17.854  -48.829  1.628 0.0000000000
36051  -18.168  -48.272  0.869 0.0000000000
36052  -16.182  -48.005  1.323 0.0000000000
36053  -14.395  -46.946  1.085 0.0000000000
36054  -12.666  -45.587  1.125 0.0000000000
36055  -11.732  -44.197  1.739 0.0000000000
36056  -11.949  -43.686  1.223 0.0000000000
36057  -12.163  -43.182  0.772 0.0000000000
36058  -12.393  -42.605  0.312 0.0000000000
36059  -14.457  -44.562  -1.341 0.0000000000
36060  -12.899  -43.134  -0.949 0.0000000000
36061  -12.624  -42.073  -0.147 0.0000000000
36062  -12.930  -41.554  -0.503 0.0000000000
36068  -16.987  -43.229  -4.643 0.0000000000
36069  -16.544  -42.604  -5.116 0.0000000000
39341  -4.751  -35.661  31.219 0.0000000000
39408  -12.053  -41.461  33.854 0.0000000000
39417  -6.756  -38.843  33.399 0.0000000000
39418  -5.795  -37.984  33.594 0.0000000000
39419  -5.388  -37.056  33.746 0.0000000000
39420  -5.231  -36.945  32.615 0.0000000000
39421  -4.867  -36.864  31.489 0.0000000000
39422  -4.486  -36.847  30.371 0.0000000000
39423  -4.366  -37.873  29.836 0.0000000000
39424  -4.295  -39.092  29.465 0.0000000000
39425  -4.251  -40.244  29.185 0.0000000000
39426  -4.593  -42.157  30.948 0.0000000000
39427  -4.230  -41.878  30.049 0.0000000000
39428  -4.234  -41.499  29.026 0.0000000000
39429  -4.288  -42.778  28.901 0.0000000000
39430  -4.436  -44.027  28.819 0.0000000000
39431  -4.594  -45.291  28.622 0.0000000000
39432  -7.940  -47.270  30.546 0.0000000000
39433  -6.758  -47.588  30.860 0.0000000000
39434  -5.647  -47.873  31.065 0.0000000000
39435  -6.498  -50.337  29.825 0.0000000000
39436  -5.513  -49.255  30.542 0.0000000000
39437  -4.750  -47.900  30.894 0.0000000000
39438  -4.347  -47.600  30.222 0.0000000000
39439  -4.448  -47.130  29.263 0.0000000000
39440  -4.783  -46.554  28.204 0.0000000000
39441  -4.903  -47.615  27.400 0.0000000000
39442  -4.779  -48.412  26.300 0.0000000000
39443  -4.504  -48.991  25.113 0.0000000000
39444  -4.555  -50.965  25.547 0.0000000000
39445  -4.352  -50.244  24.744 0.0000000000
39446  -4.335  -49.427  23.938 0.0000000000
39447  -4.388  -49.996  22.728 0.0000000000
39448  -4.796  -50.689  21.381 0.0000000000
39449  -5.609  -51.236  20.061 0.0000000000
39474  -7.562  -52.687  20.097 0.0000000000
39475  -7.070  -52.354  19.429 0.0000000000
39476  -6.659  -51.986  18.706 0.0000000000
39477  -7.348  -53.259  17.282 0.0000000000
39721  -9.045  -47.548  7.742 0.0000000000
39722  -8.429  -48.292  6.876 0.0000000000
39723  -8.951  -49.551  6.612 0.0000000000
39724  -7.820  -49.082  8.002 0.0000000000
39725  -8.550  -49.974  7.171 0.0000000000
39726  -9.883  -50.631  7.107 0.0000000000
39727  -10.846  -51.585  7.819 0.0000000000
39728  -11.812  -52.516  8.463 0.0000000000
39729  -12.721  -53.391  8.915 0.0000000000
39730  -6.826  -50.929  10.253 0.0000000000
39731  -7.047  -51.927  9.054 0.0000000000
39732  -7.731  -52.696  8.483 0.0000000000
39733  -7.577  -54.413  9.147 0.0000000000
39734  -8.221  -53.755  8.884 0.0000000000
39735  -8.884  -53.119  8.733 0.0000000000
39736  -10.332  -53.449  9.310 0.0000000000
39737  -11.993  -53.822  9.461 0.0000000000
39738  -13.611  -54.273  9.147 0.0000000000
39739  -14.482  -55.163  9.106 0.0000000000
41117  -4.511  -34.942  30.013 0.0000000000
41118  -4.656  -34.873  29.580 0.0000000000
41119  -4.528  -35.519  29.635 0.0000000000
41120  -4.538  -36.003  29.348 0.0000000000
41121  -4.458  -36.071  29.792 0.0000000000
41642  -4.902  -50.252  19.428 0.0000000000
41643  -4.976  -49.950  18.948 0.0000000000
41644  -5.307  -50.575  18.800 0.0000000000
41645  -5.729  -50.961  18.185 0.0000000000
41646  -5.741  -51.111  18.713 0.0000000000
41904  -13.801  -53.432  8.417 0.0000000000
41905  -14.261  -53.365  8.119 0.0000000000
41906  -14.661  -53.807  8.285 0.0000000000
42242  -5.365  -43.923  27.307 0.0000000000
42243  -5.854  -43.798  26.914 0.0000000000
42244  -5.471  -44.532  27.154 0.0000000000
42245  -5.583  -45.111  26.938 0.0000000000
42246  -5.180  -45.323  27.433 0.0000000000
42796  -11.882  -43.810  2.829 0.0000000000
43728  -9.836  -45.160  30.796 0.0000000000
43729  -9.914  -44.353  31.219 0.0000000000
43730  -9.302  -44.630  31.186 0.0000000000
43731  -8.758  -44.138  31.551 0.0000000000
43732  -8.701  -44.958  31.175 0.0000000000
43733  -8.100  -45.128  31.264 0.0000000000
43734  -8.628  -45.635  30.886 0.0000000000
43735  -9.582  -52.751  24.877 0.0000000000
43736  -8.894  -52.293  25.419 0.0000000000
43737  -9.214  -52.580  24.672 0.0000000000
43738  -8.837  -52.430  24.459 0.0000000000
43810  -8.033  -49.011  13.414 0.0000000000
43811  -8.567  -48.808  13.857 0.0000000000
43812  -8.247  -48.948  13.084 0.0000000000
43813  -8.489  -48.893  12.766 0.0000000000
43814  -7.863  -49.061  12.324 0.0000000000
43815  -7.538  -49.230  11.543 0.0000000000
43816  -7.355  -49.311  11.876 0.0000000000
44635  -7.598  -34.914  28.990 0.0000000000
44636  -7.875  -34.317  29.095 0.0000000000
44637  -8.097  -34.974  28.920 0.0000000000
44638  -8.520  -35.004  28.791 0.0000000000
44639  -8.299  -35.619  28.729 0.0000000000
44640  -8.474  -36.150  28.564 0.0000000000
44641  -7.988  -36.118  28.651 0.0000000000
44642  -4.717  -39.304  28.102 0.0000000000
44643  -5.205  -39.256  27.874 0.0000000000
44644  -4.801  -39.863  27.968 0.0000000000
44645  -4.878  -40.441  27.840 0.0000000000
44646  -4.511  -40.491  28.190 0.0000000000
45196  -10.838  -45.405  4.993 0.0000000000
46129  -13.821  -49.255  29.528 0.0000000000
46130  -13.281  -49.312  29.335 0.0000000000
46131  -12.915  -48.624  29.395 0.0000000000
46132  -12.746  -49.386  29.189 0.0000000000
46133  -12.202  -49.478  29.142 0.0000000000
46134  -12.585  -50.098  29.004 0.0000000000
46207  -8.186  -47.017  21.352 0.0000000000
46208  -8.472  -47.054  20.961 0.0000000000
46209  -7.905  -47.329  20.783 0.0000000000
46210  -5.831  -49.213  16.224 0.0000000000
46211  -6.108  -48.817  16.584 0.0000000000
46212  -6.100  -49.168  15.846 0.0000000000
46213  -6.345  -49.090  15.475 0.0000000000
46214  -6.219  -49.585  15.109 0.0000000000
46215  -6.404  -50.071  14.387 0.0000000000
46216  -6.295  -50.188  14.835 0.0000000000
46217  -6.129  -55.172  13.808 0.0000000000
46218  -6.011  -55.080  13.219 0.0000000000
46989  -9.841  -49.718  6.255 0.0000000000
46990  -10.245  -49.685  6.070 0.0000000000
46991  -10.812  -50.201  6.337 0.0000000000
46992  -17.367  -52.266  6.807 0.0000000000
46993  -16.795  -51.925  6.549 0.0000000000
46994  -17.871  -52.042  6.534 0.0000000000
46995  -18.338  -51.863  6.245 0.0000000000
46996  -18.953  -52.200  6.483 0.0000000000
48007  -9.136  -39.539  27.160 0.0000000000
48010  -8.858  -43.648  25.049 0.0000000000
48016  -8.736  -44.582  24.339 0.0000000000
48017  -5.047  -47.464  24.234 0.0000000000
48018  -5.298  -47.133  23.755 0.0000000000
48019  -4.858  -47.693  23.678 0.0000000000
48020  -4.701  -47.912  23.149 0.0000000000
48021  -4.554  -48.287  23.663 0.0000000000
49667  -12.473  -49.377  4.556 0.0000000000
49668  -11.806  -48.840  4.345 0.0000000000
49669  -12.821  -49.270  4.288 0.0000000000
49670  -15.609  -48.658  2.351 0.0000000000
49671  -14.547  -48.349  2.492 0.0000000000
49672  -14.790  -48.177  2.196 0.0000000000
49673  -13.922  -47.613  2.069 0.0000000000
49674  -14.979  -47.965  1.868 0.0000000000
49678  -17.555  -46.697  -0.759 0.0000000000
49679  -17.501  -46.998  -0.389 0.0000000000
49680  -16.560  -46.593  -0.437 0.0000000000
49681  -15.577  -46.417  -0.154 0.0000000000
49682  -15.597  -46.115  -0.477 0.0000000000
49683  -14.585  -45.520  -0.490 0.0000000000
49684  -15.561  -45.787  -0.801 0.0000000000
49685  -15.936  -43.871  -2.894 0.0000000000
49686  -14.986  -43.656  -2.497 0.0000000000
49687  -14.904  -43.309  -2.714 0.0000000000
49688  -14.083  -42.683  -2.546 0.0000000000
49689  -14.851  -42.960  -2.953 0.0000000000
49690  -14.753  -42.580  -3.188 0.0000000000
49691  -15.654  -43.154  -3.390 0.0000000000
52463  -14.146  -43.947  32.647 0.0000000000
52464  -13.881  -43.370  33.287 0.0000000000
52465  -13.536  -43.276  32.821 0.0000000000
52466  -9.362  -39.919  33.704 0.0000000000
52467  -9.657  -39.865  34.129 0.0000000000
52468  -8.848  -39.447  34.323 0.0000000000
52469  -8.224  -39.153  34.997 0.0000000000
52470  -8.059  -39.101  34.512 0.0000000000
52471  -7.299  -38.819  34.702 0.0000000000
52472  -7.870  -39.087  34.070 0.0000000000
52473  -5.920  -40.719  31.870 0.0000000000
52474  -5.954  -39.897  32.042 0.0000000000
52475  -5.572  -40.033  31.740 0.0000000000
52476  -5.282  -39.366  31.591 0.0000000000
52477  -5.230  -40.155  31.399 0.0000000000
52478  -4.914  -40.126  31.065 0.0000000000
52479  -5.127  -40.827  31.334 0.0000000000
52480  -4.901  -45.751  31.425 0.0000000000
52481  -4.562  -44.985  31.270 0.0000000000
52482  -4.528  -45.679  31.176 0.0000000000
52483  -4.320  -45.543  30.777 0.0000000000
52484  -4.525  -46.373  31.026 0.0000000000
52485  -8.834  -50.220  29.346 0.0000000000
52486  -8.308  -49.819  29.686 0.0000000000
52487  -8.264  -50.402  29.418 0.0000000000
52488  -5.108  -51.170  28.142 0.0000000000
52489  -5.088  -50.845  28.769 0.0000000000
52490  -4.805  -50.691  28.437 0.0000000000
52491  -4.603  -50.102  28.687 0.0000000000
52492  -4.605  -50.484  28.046 0.0000000000
52493  -4.493  -50.232  27.610 0.0000000000
52494  -4.612  -50.793  27.386 0.0000000000
52495  -6.574  -51.839  22.902 0.0000000000
52496  -5.759  -51.621  23.294 0.0000000000
52497  -6.248  -51.785  22.578 0.0000000000
52498  -5.961  -51.691  22.204 0.0000000000
52499  -6.825  -52.035  21.827 0.0000000000
52724  -9.395  -48.008  10.005 0.0000000000
52725  -8.921  -48.019  9.255 0.0000000000
52726  -8.776  -48.211  9.545 0.0000000000
52727  -7.946  -51.549  8.069 0.0000000000
52728  -8.222  -51.349  7.866 0.0000000000
52729  -8.500  -51.879  8.031 0.0000000000
52730  -9.138  -52.079  8.195 0.0000000000
52731  -8.839  -52.366  8.322 0.0000000000
52732  -6.435  -53.806  9.952 0.0000000000
52733  -6.583  -53.545  9.636 0.0000000000
52734  -6.565  -54.223  9.532 0.0000000000
52735  -10.460  -55.664  10.264 0.0000000000
52736  -10.060  -55.262  10.027 0.0000000000
52737  -10.852  -55.404  10.177 0.0000000000
52738  -11.259  -55.098  10.081 0.0000000000
52739  -11.689  -55.514  10.197 0.0000000000
54235  -5.379  -34.761  29.069 0.0000000000
54236  -5.667  -34.174  29.172 0.0000000000
54237  -5.866  -34.831  28.971 0.0000000000
54238  -6.462  -34.861  28.973 0.0000000000
54239  -6.096  -35.468  28.805 0.0000000000
54240  -6.267  -36.012  28.660 0.0000000000
54241  -5.687  -35.988  28.681 0.0000000000
54242  -4.585  -37.031  28.866 0.0000000000
54243  -4.915  -36.998  28.591 0.0000000000
54244  -4.600  -37.556  28.674 0.0000000000
54245  -4.637  -38.120  28.479 0.0000000000
54246  -4.391  -38.170  28.820 0.0000000000
55807  -5.494  -47.854  20.345 0.0000000000
55808  -5.853  -47.895  19.946 0.0000000000
55809  -5.299  -48.230  19.644 0.0000000000
55810  -5.063  -49.615  17.977 0.0000000000
55811  -5.065  -48.995  18.189 0.0000000000
55812  -5.226  -49.469  17.491 0.0000000000
55813  -5.383  -49.333  17.057 0.0000000000
55814  -5.507  -49.973  16.809 0.0000000000
55815  -5.965  -50.528  16.192 0.0000000000
55816  -5.901  -50.669  16.674 0.0000000000
55817  -6.687  -52.041  16.864 0.0000000000
55818  -6.686  -51.998  16.358 0.0000000000
55819  -7.062  -52.792  16.126 0.0000000000
55820  -6.985  -53.661  15.334 0.0000000000
55821  -7.113  -53.621  15.872 0.0000000000
56589  -11.952  -51.634  7.532 0.0000000000
56590  -12.414  -51.604  7.293 0.0000000000
56591  -12.912  -52.052  7.535 0.0000000000
56592  -15.225  -53.134  7.642 0.0000000000
56593  -14.730  -52.694  7.427 0.0000000000
56594  -15.714  -52.946  7.394 0.0000000000
56595  -16.281  -52.729  7.198 0.0000000000
56596  -16.861  -53.103  7.405 0.0000000000
57607  -7.380  -41.424  26.795 0.0000000000
57608  -7.970  -41.464  26.679 0.0000000000
57609  -7.414  -41.969  26.592 0.0000000000
57610  -6.880  -43.601  26.141 0.0000000000
57611  -7.489  -43.068  26.061 0.0000000000
57612  -7.420  -43.570  25.814 0.0000000000
57613  -7.933  -43.572  25.558 0.0000000000
57614  -7.368  -44.040  25.515 0.0000000000
57615  -7.322  -44.510  25.186 0.0000000000
57616  -6.814  -44.579  25.524 0.0000000000
57617  -5.577  -46.110  26.245 0.0000000000
57618  -5.891  -45.850  25.721 0.0000000000
57619  -5.501  -46.560  25.810 0.0000000000
57620  -5.389  -46.918  25.326 0.0000000000
57621  -5.192  -47.245  25.883 0.0000000000
59265  -12.978  -43.039  2.203 0.0000000000
59266  -12.518  -42.951  1.894 0.0000000000
59267  -16.651  -50.403  4.488 0.0000000000
59268  -15.947  -50.074  4.190 0.0000000000
59269  -16.978  -50.263  4.146 0.0000000000
59270  -18.605  -50.155  3.195 0.0000000000
59271  -17.616  -49.967  3.375 0.0000000000
59272  -17.915  -49.805  2.981 0.0000000000
59273  -17.181  -49.459  2.772 0.0000000000
59274  -18.143  -49.615  2.589 0.0000000000
59283  -18.382  -46.187  -1.865 0.0000000000
62063  -12.277  -44.192  31.268 0.0000000000
62064  -12.191  -43.449  31.792 0.0000000000
62065  -11.664  -43.629  31.565 0.0000000000
62066  -9.925  -42.781  31.990 0.0000000000
62067  -10.467  -42.527  32.096 0.0000000000
62068  -9.926  -42.016  32.336 0.0000000000
62069  -9.846  -41.248  32.720 0.0000000000
62070  -9.347  -41.480  32.522 0.0000000000
62071  -8.789  -40.951  32.634 0.0000000000
62072  -8.836  -41.742  32.348 0.0000000000
62073  -7.745  -43.087  31.970 0.0000000000
62074  -7.812  -42.290  32.123 0.0000000000
62075  -7.261  -42.565  32.045 0.0000000000
62076  -6.793  -41.993  32.052 0.0000000000
62077  -6.722  -42.777  31.975 0.0000000000
62078  -6.182  -42.862  31.907 0.0000000000
62079  -6.628  -43.486  31.909 0.0000000000
62080  -6.940  -45.460  31.434 0.0000000000
62081  -6.442  -44.900  31.682 0.0000000000
62082  -6.396  -45.609  31.516 0.0000000000
62083  -5.858  -45.726  31.576 0.0000000000
62084  -6.350  -46.314  31.326 0.0000000000
62085  -8.795  -51.815  27.640 0.0000000000
62086  -8.169  -51.618  28.139 0.0000000000
62087  -8.259  -51.833  27.512 0.0000000000
62088  -7.473  -51.922  26.496 0.0000000000
62089  -7.250  -51.862  27.202 0.0000000000
62090  -6.731  -51.878  26.998 0.0000000000
62091  -6.079  -51.767  27.420 0.0000000000
62092  -6.295  -51.823  26.718 0.0000000000
62093  -5.863  -51.781  26.441 0.0000000000
62094  -6.532  -51.847  26.005 0.0000000000
62095  -8.045  -52.177  24.023 0.0000000000
62096  -7.225  -51.918  24.533 0.0000000000
62097  -7.651  -52.034  23.733 0.0000000000
62098  -7.291  -52.026  23.469 0.0000000000
62099  -8.100  -52.447  22.966 0.0000000000
62310  -8.813  -48.154  16.264 0.0000000000
62312  -8.900  -48.028  15.844 0.0000000000
62320  -8.863  -48.586  12.195 0.0000000000
62322  -9.076  -48.469  11.906 0.0000000000
62324  -8.671  -48.597  11.151 0.0000000000
62325  -8.271  -48.630  10.447 0.0000000000
62326  -8.105  -48.800  10.718 0.0000000000
62327  -7.114  -49.745  10.037 0.0000000000
62328  -7.260  -49.532  9.788 0.0000000000
62329  -7.148  -50.194  9.361 0.0000000000
62330  -7.257  -50.672  8.713 0.0000000000
62331  -7.144  -50.923  9.017 0.0000000000
62333  -6.849  -55.949  9.802 0.0000000000
63790  -16.042  -55.122  8.436 0.0000000000
64802  -8.760  -37.266  28.148 0.0000000000
64803  -9.084  -37.331  27.944 0.0000000000
64804  -8.883  -37.840  27.941 0.0000000000
64805  -8.967  -38.420  27.680 0.0000000000
64806  -8.564  -38.361  27.859 0.0000000000
64807  -6.538  -37.089  28.329 0.0000000000
64808  -7.154  -37.135  28.342 0.0000000000
64809  -6.660  -37.642  28.166 0.0000000000
64810  -6.388  -39.254  27.627 0.0000000000
64811  -6.939  -38.730  27.781 0.0000000000
64812  -7.021  -39.295  27.615 0.0000000000
64813  -7.642  -39.380  27.584 0.0000000000
64814  -7.079  -39.858  27.409 0.0000000000
64815  -7.164  -40.425  27.221 0.0000000000
64816  -6.537  -40.366  27.295 0.0000000000
64817  -5.068  -41.563  27.642 0.0000000000
64818  -5.553  -41.512  27.318 0.0000000000
64819  -5.138  -42.151  27.568 0.0000000000
64820  -5.192  -42.716  27.491 0.0000000000
64821  -4.823  -42.862  27.914 0.0000000000
66466  -11.347  -44.688  3.863 0.0000000000
69266  -14.255  -47.562  30.075 0.0000000000
69267  -14.746  -47.511  30.417 0.0000000000
69268  -14.377  -46.748  30.461 0.0000000000
69269  -14.438  -45.954  30.894 0.0000000000
69270  -13.924  -46.033  30.561 0.0000000000
69271  -13.405  -45.360  30.722 0.0000000000
69272  -13.377  -46.143  30.283 0.0000000000
69273  -12.032  -47.339  29.623 0.0000000000
69274  -12.138  -46.533  29.922 0.0000000000
69275  -11.484  -46.791  29.838 0.0000000000
69276  -10.952  -46.233  30.120 0.0000000000
69277  -10.862  -47.054  29.802 0.0000000000
69278  -10.288  -47.245  29.897 0.0000000000
69279  -10.815  -47.779  29.631 0.0000000000
69280  -11.115  -49.652  29.135 0.0000000000
69281  -10.651  -49.142  29.368 0.0000000000
69282  -10.552  -49.771  29.174 0.0000000000
69283  -9.970  -49.903  29.240 0.0000000000
69284  -10.466  -50.348  28.942 0.0000000000
69286  -12.280  -51.431  28.472 0.0000000000
69288  -11.340  -52.348  27.418 0.0000000000
69289  -11.323  -51.897  27.867 0.0000000000
69290  -10.856  -51.857  27.806 0.0000000000
69291  -10.350  -51.402  28.228 0.0000000000
69292  -10.333  -51.846  27.777 0.0000000000
69293  -9.829  -51.825  27.735 0.0000000000
69294  -10.401  -52.199  27.244 0.0000000000
69509  -8.839  -47.391  19.212 0.0000000000
69510  -6.590  -47.995  19.251 0.0000000000
69511  -7.330  -47.884  19.580 0.0000000000
69512  -6.981  -48.107  18.857 0.0000000000
69513  -7.320  -48.504  17.389 0.0000000000
69514  -7.690  -48.334  18.113 0.0000000000
69515  -7.946  -48.354  17.738 0.0000000000
69516  -8.488  -48.111  18.030 0.0000000000
69517  -8.252  -48.365  17.407 0.0000000000
69518  -8.509  -48.370  17.029 0.0000000000
69519  -7.969  -48.587  16.685 0.0000000000
69520  -6.987  -49.147  14.761 0.0000000000
69521  -7.462  -48.927  15.206 0.0000000000
69522  -7.251  -49.115  14.426 0.0000000000
69523  -7.557  -49.108  14.107 0.0000000000
69524  -7.070  -49.378  13.608 0.0000000000
69525  -6.886  -49.651  12.844 0.0000000000
69526  -6.746  -49.766  13.181 0.0000000000
69527  -6.694  -51.426  12.802 0.0000000000
69528  -6.677  -51.232  12.406 0.0000000000
69529  -6.634  -52.107  12.024 0.0000000000
69530  -6.521  -52.721  11.290 0.0000000000
69531  -6.518  -52.968  11.679 0.0000000000
69532  -6.733  -51.871  14.785 0.0000000000
69533  -6.773  -51.796  14.260 0.0000000000
69534  -6.791  -52.661  13.966 0.0000000000
69535  -6.008  -54.832  12.163 0.0000000000
69536  -6.291  -54.076  12.384 0.0000000000
69537  -6.028  -54.680  11.653 0.0000000000
69538  -6.117  -54.474  11.191 0.0000000000
69539  -5.942  -55.176  11.012 0.0000000000
69540  -5.982  -55.604  10.516 0.0000000000
71844  -8.950  -47.423  6.728 0.0000000000
71845  -9.033  -47.349  6.301 0.0000000000
71846  -8.951  -47.853  5.978 0.0000000000
71847  -11.008  -49.639  5.622 0.0000000000
71848  -10.404  -49.084  5.397 0.0000000000
71849  -11.375  -49.582  5.365 0.0000000000
71850  -11.784  -49.542  5.091 0.0000000000
71851  -12.410  -50.025  5.343 0.0000000000
71852  -13.269  -51.498  6.720 0.0000000000
71853  -12.718  -51.071  6.429 0.0000000000
71854  -13.699  -51.400  6.430 0.0000000000
71855  -15.598  -51.294  5.973 0.0000000000
71856  -14.573  -51.129  5.911 0.0000000000
71857  -15.010  -50.977  5.667 0.0000000000
71858  -14.433  -50.627  5.358 0.0000000000
71859  -15.448  -50.823  5.406 0.0000000000
71860  -15.893  -50.677  5.128 0.0000000000
71861  -16.512  -50.970  5.440 0.0000000000
71862  -19.215  -51.591  5.549 0.0000000000
71863  -18.611  -51.281  5.301 0.0000000000
71864  -19.556  -51.483  5.156 0.0000000000
71865  -19.889  -51.396  4.739 0.0000000000
71867  -17.275  -54.782  8.085 0.0000000000
71868  -16.791  -54.376  8.007 0.0000000000
71873  -19.114  -53.381  7.464 0.0000000000
74910  -8.930  -41.586  26.322 0.0000000000
74911  -9.269  -41.074  26.363 0.0000000000
74912  -9.263  -41.601  26.053 0.0000000000
74929  -8.718  -45.920  22.806 0.0000000000
74930  -8.562  -46.312  22.358 0.0000000000
74931  -8.216  -46.237  22.673 0.0000000000
74932  -7.099  -45.281  24.462 0.0000000000
74933  -7.586  -45.334  24.157 0.0000000000
74934  -6.972  -45.720  24.052 0.0000000000
74935  -5.991  -46.758  22.957 0.0000000000
74936  -6.625  -46.439  23.130 0.0000000000
74937  -6.420  -46.737  22.615 0.0000000000
74938  -6.880  -46.769  22.298 0.0000000000
74939  -6.184  -47.014  22.075 0.0000000000
74940  -5.968  -47.308  21.534 0.0000000000
74941  -5.555  -47.301  21.885 0.0000000000
74942  -4.465  -48.487  22.011 0.0000000000
74943  -4.595  -48.188  21.567 0.0000000000
74944  -4.458  -48.900  21.406 0.0000000000
74945  -4.515  -49.312  20.799 0.0000000000
74946  -4.480  -49.606  21.272 0.0000000000
79877  -9.234  -47.154  5.572 0.0000000000
79878  -9.479  -46.712  6.013 0.0000000000
79879  -9.381  -47.059  5.210 0.0000000000
79880  -10.443  -47.492  4.189 0.0000000000
79881  -9.757  -46.892  4.589 0.0000000000
79882  -9.968  -46.752  4.347 0.0000000000
79883  -9.873  -46.151  4.699 0.0000000000
79884  -10.203  -46.643  4.093 0.0000000000
79885  -14.563  -49.304  3.662 0.0000000000
79886  -13.518  -49.004  3.737 0.0000000000
79887  -13.797  -48.832  3.447 0.0000000000
79888  -12.466  -47.528  2.850 0.0000000000
79889  -12.215  -47.674  3.135 0.0000000000
79890  -11.454  -47.003  3.113 0.0000000000
79891  -10.639  -46.422  3.525 0.0000000000
79892  -10.839  -46.276  3.237 0.0000000000
79893  -10.542  -45.585  3.561 0.0000000000
79894  -11.073  -46.117  2.974 0.0000000000
79895  -12.261  -46.297  1.975 0.0000000000
79896  -11.489  -45.762  2.444 0.0000000000
79897  -11.636  -45.564  2.160 0.0000000000
79898  -11.327  -44.899  2.512 0.0000000000
79899  -11.747  -45.341  1.872 0.0000000000
79905  -19.480  -49.290  1.578 0.0000000000
79906  -18.583  -49.173  1.825 0.0000000000
79907  -18.782  -48.920  1.429 0.0000000000
79911  -17.406  -47.632  0.376 0.0000000000
79912  -18.284  -47.990  0.486 0.0000000000
79913  -17.320  -47.913  0.737 0.0000000000
79914  -17.204  -48.183  1.089 0.0000000000
79915  -16.342  -47.769  0.955 0.0000000000
79916  -15.309  -47.512  1.175 0.0000000000
79917  -15.419  -47.281  0.869 0.0000000000
79918  -13.638  -45.802  0.443 0.0000000000
79919  -13.573  -46.048  0.743 0.0000000000
79920  -12.728  -45.320  0.830 0.0000000000
79921  -12.029  -44.839  1.359 0.0000000000
79922  -12.121  -44.585  1.091 0.0000000000
79923  -11.849  -43.950  1.479 0.0000000000
79924  -12.179  -44.317  0.804 0.0000000000
79925  -12.885  -44.143  -0.247 0.0000000000
79926  -12.336  -43.757  0.313 0.0000000000
79927  -12.412  -43.460  0.096 0.0000000000
79928  -12.288  -42.910  0.547 0.0000000000
79929  -12.481  -43.139  -0.129 0.0000000000
79930  -16.399  -45.289  -1.736 0.0000000000
79931  -15.460  -45.105  -1.432 0.0000000000
79932  -15.326  -44.753  -1.697 0.0000000000
79933  -13.503  -43.122  -1.670 0.0000000000
79934  -13.533  -43.489  -1.444 0.0000000000
79935  -12.971  -42.824  -1.166 0.0000000000
79936  -12.610  -42.532  -0.571 0.0000000000
79937  -12.723  -42.244  -0.772 0.0000000000
79938  -12.773  -41.815  -0.338 0.0000000000
79939  -12.831  -41.944  -0.952 0.0000000000
79940  -13.211  -41.519  -1.921 0.0000000000
79941  -13.051  -41.349  -1.319 0.0000000000
79942  -13.207  -41.067  -1.488 0.0000000000
79947  -14.600  -41.873  -3.602 0.0000000000
79953  -17.174  -43.556  -4.382 0.0000000000
79958  -16.359  -42.312  -5.324 0.0000000000
88108  -4.883  -35.222  31.607 0.0000000000
88109  -4.946  -35.741  31.837 0.0000000000
88276  -11.917  -42.020  32.886 0.0000000000
88277  -12.316  -42.003  33.237 0.0000000000
88278  -11.696  -41.429  33.465 0.0000000000
88279  -10.108  -39.968  35.032 0.0000000000
88280  -10.896  -40.437  34.782 0.0000000000
88298  -7.642  -39.900  32.814 0.0000000000
88299  -7.376  -39.280  33.270 0.0000000000
88300  -7.054  -39.432  32.912 0.0000000000
88301  -5.828  -38.492  32.669 0.0000000000
88302  -6.046  -38.442  33.087 0.0000000000
88303  -5.709  -37.970  33.121 0.0000000000
88304  -5.558  -37.535  33.661 0.0000000000
88305  -5.470  -37.492  33.145 0.0000000000
88306  -5.306  -36.995  33.187 0.0000000000
88307  -5.352  -37.469  32.628 0.0000000000
88308  -4.889  -38.108  31.274 0.0000000000
88309  -4.976  -37.470  31.630 0.0000000000
88310  -4.759  -37.484  31.089 0.0000000000
88311  -4.672  -36.857  30.924 0.0000000000
88312  -4.539  -37.488  30.538 0.0000000000
88313  -4.424  -37.348  30.085 0.0000000000
88314  -4.495  -38.019  30.303 0.0000000000
88315  -4.448  -39.965  30.236 0.0000000000
88316  -4.369  -39.229  29.922 0.0000000000
88317  -4.323  -39.816  29.774 0.0000000000
88318  -4.256  -39.668  29.285 0.0000000000
88319  -4.261  -40.376  29.636 0.0000000000
88320  -5.186  -42.987  31.611 0.0000000000
88321  -4.905  -42.229  31.293 0.0000000000
88322  -4.793  -42.930  31.308 0.0000000000
88323  -4.228  -43.374  30.530 0.0000000000
88324  -4.283  -42.703  30.536 0.0000000000
88325  -4.187  -42.528  30.030 0.0000000000
88326  -4.191  -41.685  29.545 0.0000000000
88327  -4.174  -42.347  29.485 0.0000000000
88328  -4.261  -42.147  28.964 0.0000000000
88329  -4.204  -42.989  29.448 0.0000000000
88330  -4.241  -45.168  29.806 0.0000000000
88331  -4.300  -44.257  29.344 0.0000000000
88332  -4.347  -44.936  29.262 0.0000000000
88333  -4.502  -44.667  28.748 0.0000000000
88334  -4.412  -45.585  29.155 0.0000000000
88335  -9.070  -47.601  30.107 0.0000000000
88336  -8.536  -47.081  30.407 0.0000000000
88337  -8.492  -47.777  30.234 0.0000000000
88338  -7.240  -48.847  30.334 0.0000000000
88339  -7.287  -48.153  30.532 0.0000000000
88340  -6.700  -48.314  30.680 0.0000000000
88341  -6.185  -47.734  31.003 0.0000000000
88342  -6.132  -48.480  30.781 0.0000000000
88343  -6.987  -51.121  28.986 0.0000000000
88344  -7.021  -50.696  29.422 0.0000000000
88345  -6.452  -50.782  29.368 0.0000000000
88346  -5.083  -49.884  29.908 0.0000000000
88347  -5.495  -49.871  30.098 0.0000000000
88348  -5.080  -49.284  30.386 0.0000000000
88349  -5.096  -48.617  30.779 0.0000000000
88350  -4.745  -48.590  30.547 0.0000000000
88351  -4.501  -47.771  30.586 0.0000000000
88352  -4.509  -48.449  30.232 0.0000000000
88353  -4.495  -48.594  28.920 0.0000000000
88354  -4.417  -48.007  29.394 0.0000000000
88355  -4.529  -47.732  28.877 0.0000000000
88356  -4.601  -46.828  28.731 0.0000000000
88357  -4.669  -47.448  28.392 0.0000000000
88358  -4.855  -47.129  27.845 0.0000000000
88359  -4.715  -47.984  27.915 0.0000000000
88360  -4.474  -49.516  26.649 0.0000000000
88361  -4.647  -48.799  26.798 0.0000000000
88362  -4.561  -49.125  26.186 0.0000000000
88363  -4.629  -48.728  25.713 0.0000000000
88364  -4.435  -49.414  25.580 0.0000000000
88365  -5.166  -51.522  25.706 0.0000000000
88366  -4.762  -51.195  25.991 0.0000000000
88367  -4.882  -51.338  25.318 0.0000000000
88368  -4.695  -50.925  23.872 0.0000000000
88369  -4.512  -50.789  24.524 0.0000000000
88370  -4.446  -50.421  24.122 0.0000000000
88371  -4.346  -49.845  24.336 0.0000000000
88372  -4.366  -50.059  23.737 0.0000000000
88373  -4.347  -49.645  23.345 0.0000000000
88374  -4.474  -50.295  23.129 0.0000000000
88375  -5.496  -51.416  21.461 0.0000000000
88376  -4.924  -50.946  21.779 0.0000000000
88377  -5.338  -51.234  21.094 0.0000000000
88378  -5.146  -50.989  20.714 0.0000000000
88379  -5.790  -51.502  20.445 0.0000000000
88445  -7.451  -52.939  18.684 0.0000000000
88446  -6.861  -52.152  19.065 0.0000000000
88447  -7.274  -52.717  18.329 0.0000000000
88448  -7.087  -52.524  18.017 0.0000000000
88449  -7.473  -53.475  17.611 0.0000000000
89055  -9.580  -47.331  8.232 0.0000000000
89056  -9.437  -47.527  8.484 0.0000000000
89057  -8.293  -48.222  7.785 0.0000000000
89058  -8.425  -48.025  7.520 0.0000000000
89059  -8.313  -48.519  7.155 0.0000000000
89060  -8.540  -48.891  6.589 0.0000000000
89061  -8.438  -49.105  6.940 0.0000000000
89062  -7.704  -48.965  8.913 0.0000000000
89063  -7.872  -48.754  8.673 0.0000000000
89064  -7.654  -49.284  8.249 0.0000000000
89065  -8.671  -50.775  7.482 0.0000000000
89066  -8.346  -50.224  7.375 0.0000000000
89067  -8.933  -50.570  7.290 0.0000000000
89068  -9.120  -50.347  7.032 0.0000000000
89069  -9.584  -50.847  7.349 0.0000000000
89070  -10.347  -51.097  7.458 0.0000000000
89071  -10.060  -51.339  7.697 0.0000000000
89072  -10.621  -52.483  8.610 0.0000000000
89073  -10.998  -52.277  8.413 0.0000000000
89074  -11.436  -52.708  8.729 0.0000000000
89075  -12.251  -52.955  8.709 0.0000000000
89076  -11.931  -53.155  9.002 0.0000000000
89077  -6.782  -50.630  11.303 0.0000000000
89078  -6.836  -50.420  10.947 0.0000000000
89079  -6.761  -51.171  10.581 0.0000000000
89080  -6.925  -52.958  9.148 0.0000000000
89081  -6.895  -52.228  9.326 0.0000000000
89082  -7.096  -52.660  8.895 0.0000000000
89083  -7.284  -52.393  8.595 0.0000000000
89084  -7.481  -53.012  8.657 0.0000000000
89085  -7.516  -55.269  9.481 0.0000000000
89086  -7.260  -54.763  9.267 0.0000000000
89087  -7.830  -54.932  9.365 0.0000000000
89088  -9.243  -54.384  9.448 0.0000000000
89089  -8.530  -54.233  9.180 0.0000000000
89090  -8.880  -53.924  9.114 0.0000000000
89091  -8.542  -53.443  8.791 0.0000000000
89092  -9.235  -53.603  9.067 0.0000000000
89093  -9.583  -53.282  9.010 0.0000000000
89094  -9.995  -53.762  9.359 0.0000000000
89095  -12.058  -54.565  9.812 0.0000000000
89096  -11.618  -54.084  9.664 0.0000000000
89097  -12.438  -54.277  9.605 0.0000000000
89098  -12.810  -54.040  9.348 0.0000000000
89099  -13.272  -54.485  9.427 0.0000000000
89100  -14.059  -54.718  9.155 0.0000000000
89101  -13.708  -54.948  9.391 0.0000000000
92445  -4.819  -34.225  29.557 0.0000000000
92446  -4.962  -34.791  29.265 0.0000000000
92447  -5.082  -35.373  28.984 0.0000000000
92448  -5.194  -35.934  28.769 0.0000000000
92449  -4.775  -35.907  28.974 0.0000000000
92450  -4.525  -36.500  29.038 0.0000000000
92451  -4.386  -37.089  29.231 0.0000000000
93388  -4.775  -48.863  19.854 0.0000000000
93389  -4.925  -48.698  19.383 0.0000000000
93390  -4.808  -49.311  19.144 0.0000000000
93391  -5.016  -49.772  18.475 0.0000000000
93392  -5.349  -50.248  17.804 0.0000000000
93393  -5.758  -50.729  17.197 0.0000000000
93394  -5.726  -50.833  17.669 0.0000000000
93395  -6.182  -51.401  17.553 0.0000000000
93396  -6.734  -52.042  17.406 0.0000000000
93858  -12.887  -52.553  8.028 0.0000000000
93859  -13.341  -52.504  7.770 0.0000000000
93860  -13.767  -52.950  7.973 0.0000000000
93861  -14.742  -53.270  7.873 0.0000000000
93862  -15.735  -53.547  7.758 0.0000000000
94468  -6.245  -42.557  26.865 0.0000000000
94469  -6.849  -42.520  26.563 0.0000000000
94470  -6.301  -43.143  26.717 0.0000000000
94471  -6.335  -43.706  26.535 0.0000000000
94472  -6.374  -44.235  26.278 0.0000000000
94473  -6.346  -44.727  25.969 0.0000000000
94474  -5.951  -44.908  26.447 0.0000000000
94475  -5.589  -45.624  26.619 0.0000000000
94476  -5.308  -46.388  26.793 0.0000000000
95464  -12.196  -43.422  2.343 0.0000000000
95465  -18.669  -50.764  4.254 0.0000000000
95466  -17.983  -50.446  4.022 0.0000000000
95467  -18.981  -50.633  3.837 0.0000000000
95468  -19.245  -50.481  3.401 0.0000000000
95469  -19.511  -50.326  2.997 0.0000000000
97142  -11.104  -44.607  30.906 0.0000000000
97143  -11.100  -43.866  31.386 0.0000000000
97144  -10.528  -44.086  31.281 0.0000000000
97145  -9.957  -43.572  31.640 0.0000000000
97146  -9.373  -43.060  31.912 0.0000000000
97147  -8.840  -42.546  32.112 0.0000000000
97148  -8.814  -43.327  31.851 0.0000000000
97149  -8.247  -43.610  31.808 0.0000000000
97150  -7.644  -43.928  31.818 0.0000000000
97151  -7.087  -44.067  31.801 0.0000000000
97152  -7.580  -44.613  31.581 0.0000000000
97153  -7.524  -45.288  31.337 0.0000000000
97154  -7.451  -45.999  31.125 0.0000000000
97155  -9.144  -52.196  26.290 0.0000000000
97156  -8.453  -51.983  26.825 0.0000000000
97157  -8.666  -52.093  26.125 0.0000000000
97158  -8.188  -52.037  25.959 0.0000000000
97159  -7.738  -51.976  25.773 0.0000000000
97160  -7.275  -51.929  25.548 0.0000000000
97161  -8.067  -52.094  25.017 0.0000000000
97162  -8.472  -52.256  24.239 0.0000000000
97163  -8.817  -52.681  23.475 0.0000000000
97290  -8.566  -48.696  14.917 0.0000000000
97291  -8.855  -48.326  15.223 0.0000000000
97292  -8.752  -48.602  14.541 0.0000000000
97293  -8.888  -48.444  14.216 0.0000000000
97297  -8.671  -48.746  12.468 0.0000000000
97298  -8.290  -48.846  11.729 0.0000000000
97299  -7.902  -48.893  11.008 0.0000000000
97300  -7.671  -49.039  11.253 0.0000000000
97301  -7.282  -49.457  10.767 0.0000000000
97302  -7.040  -49.980  10.333 0.0000000000
98775  -7.064  -33.633  29.281 0.0000000000
98777  -7.604  -33.655  29.249 0.0000000000
98778  -8.097  -33.709  29.164 0.0000000000
98779  -8.467  -33.712  29.007 0.0000000000
98780  -8.751  -33.695  28.790 0.0000000000
98781  -8.674  -34.373  28.805 0.0000000000
98782  -8.862  -35.012  28.606 0.0000000000
98783  -9.010  -35.688  28.354 0.0000000000
98784  -9.116  -36.217  28.130 0.0000000000
98785  -8.854  -36.193  28.374 0.0000000000
98786  -8.633  -36.699  28.356 0.0000000000
98787  -8.313  -37.213  28.286 0.0000000000
98788  -5.563  -38.173  28.066 0.0000000000
98789  -6.153  -38.146  27.999 0.0000000000
98790  -5.678  -38.688  27.890 0.0000000000
98791  -5.780  -39.239  27.715 0.0000000000
98792  -5.852  -39.806  27.548 0.0000000000
98793  -5.927  -40.350  27.397 0.0000000000
98794  -5.362  -40.376  27.566 0.0000000000
98795  -4.963  -40.989  27.711 0.0000000000
98796  -4.676  -41.681  28.023 0.0000000000
99784  -11.107  -45.071  4.410 0.0000000000
101465  -14.064  -48.428  29.780 0.0000000000
101466  -13.701  -47.680  29.811 0.0000000000
101467  -13.266  -46.959  29.898 0.0000000000
101468  -13.105  -47.798  29.604 0.0000000000
101469  -12.489  -47.984  29.476 0.0000000000
101470  -11.859  -48.188  29.422 0.0000000000
101471  -11.300  -48.299  29.454 0.0000000000
101472  -11.775  -48.895  29.289 0.0000000000
101473  -11.672  -49.546  29.125 0.0000000000
101474  -11.530  -50.208  28.900 0.0000000000
101608  -8.680  -47.072  20.571 0.0000000000
101609  -8.494  -47.445  20.051 0.0000000000
101610  -5.947  -48.487  17.695 0.0000000000
101611  -6.610  -48.326  18.111 0.0000000000
101612  -6.328  -48.573  17.364 0.0000000000
101613  -6.673  -48.619  16.999 0.0000000000
101614  -7.013  -48.677  16.641 0.0000000000
101615  -7.368  -48.737  16.294 0.0000000000
101616  -6.781  -48.877  15.869 0.0000000000
101617  -6.673  -49.132  15.111 0.0000000000
101618  -6.633  -49.464  14.332 0.0000000000
101619  -6.715  -49.926  13.585 0.0000000000
101620  -6.562  -49.992  13.980 0.0000000000
101621  -6.623  -50.706  13.627 0.0000000000
101622  -6.711  -51.509  13.284 0.0000000000
101623  -6.751  -53.623  14.225 0.0000000000
101624  -6.662  -53.517  13.688 0.0000000000
101625  -6.376  -54.357  13.439 0.0000000000
101626  -6.000  -54.962  12.689 0.0000000000
101627  -5.716  -55.550  11.971 0.0000000000
103011  -8.917  -48.484  6.116 0.0000000000
103012  -9.165  -48.487  5.807 0.0000000000
103013  -9.687  -49.124  5.842 0.0000000000
103014  -10.636  -49.673  5.863 0.0000000000
103015  -11.617  -50.145  5.895 0.0000000000
103016  -15.190  -51.993  6.737 0.0000000000
103017  -14.656  -51.646  6.449 0.0000000000
103018  -15.707  -51.798  6.525 0.0000000000
103019  -16.207  -51.606  6.281 0.0000000000
103020  -16.685  -51.416  5.997 0.0000000000
103021  -17.107  -51.250  5.689 0.0000000000
103022  -17.724  -51.545  5.983 0.0000000000
103023  -18.791  -51.711  5.918 0.0000000000
104850  -8.937  -42.623  25.714 0.0000000000
104862  -8.526  -45.470  23.550 0.0000000000
104863  -5.982  -46.312  24.329 0.0000000000
104864  -6.365  -46.158  23.933 0.0000000000
104865  -5.820  -46.612  23.852 0.0000000000
104866  -5.621  -46.842  23.341 0.0000000000
104867  -5.394  -47.136  22.802 0.0000000000
104868  -5.158  -47.377  22.250 0.0000000000
104869  -4.893  -47.597  22.681 0.0000000000
104870  -4.520  -48.151  22.597 0.0000000000
104871  -4.373  -48.819  22.522 0.0000000000
107831  -10.553  -48.425  4.762 0.0000000000
107832  -9.952  -47.710  4.716 0.0000000000
107833  -10.846  -48.330  4.476 0.0000000000
107834  -11.116  -48.211  4.213 0.0000000000
107835  -11.398  -48.098  3.944 0.0000000000
107836  -15.112  -49.000  3.006 0.0000000000
107837  -14.047  -48.679  3.137 0.0000000000
107838  -14.297  -48.518  2.816 0.0000000000
107839  -13.518  -47.980  2.660 0.0000000000
107840  -12.701  -47.368  2.570 0.0000000000
107841  -11.928  -46.688  2.551 0.0000000000
107842  -12.876  -47.188  2.283 0.0000000000
107843  -13.035  -46.995  1.982 0.0000000000
107844  -13.253  -46.796  1.677 0.0000000000
107852  -18.413  -47.387  -0.313 0.0000000000
107853  -17.443  -47.309  -0.003 0.0000000000
107854  -16.497  -47.209  0.264 0.0000000000
107855  -15.523  -47.015  0.515 0.0000000000
107856  -15.589  -46.725  0.166 0.0000000000
107857  -14.602  -46.158  0.124 0.0000000000
107858  -13.651  -45.500  0.143 0.0000000000
107859  -12.805  -44.771  0.240 0.0000000000
107860  -13.649  -45.182  -0.146 0.0000000000
107861  -13.643  -44.858  -0.433 0.0000000000
107862  -13.598  -44.525  -0.696 0.0000000000
107863  -16.163  -44.580  -2.340 0.0000000000
107864  -15.212  -44.398  -1.964 0.0000000000
107865  -15.100  -44.050  -2.220 0.0000000000
107866  -14.175  -43.413  -2.100 0.0000000000
107867  -13.483  -42.762  -1.877 0.0000000000
107868  -13.051  -42.143  -1.532 0.0000000000
107869  -13.451  -42.402  -2.050 0.0000000000
107870  -13.496  -42.079  -2.249 0.0000000000
107871  -13.541  -41.741  -2.446 0.0000000000
107872  -13.576  -41.408  -2.621 0.0000000000
107873  -14.034  -41.979  -2.924 0.0000000000
107874  -14.666  -42.228  -3.394 0.0000000000
107875  -15.410  -42.441  -3.860 0.0000000000
112868  -13.572  -42.841  33.931 0.0000000000
112869  -12.980  -42.135  34.075 0.0000000000
112870  -10.689  -40.923  33.324 0.0000000000
112871  -11.055  -40.876  33.696 0.0000000000
112872  -10.392  -40.352  33.924 0.0000000000
112873  -9.910  -39.884  34.567 0.0000000000
112874  -9.256  -39.575  35.251 0.0000000000
112882  -6.505  -38.462  34.412 0.0000000000
112883  -6.816  -40.325  32.310 0.0000000000
112884  -6.716  -39.576  32.596 0.0000000000
112885  -6.360  -39.744  32.316 0.0000000000
112886  -5.948  -39.169  32.294 0.0000000000
112887  -5.607  -38.604  32.245 0.0000000000
112888  -5.344  -38.031  32.182 0.0000000000
112889  -5.325  -38.663  31.852 0.0000000000
112890  -5.045  -38.723  31.433 0.0000000000
112891  -4.812  -38.808  30.977 0.0000000000
112892  -4.603  -38.731  30.554 0.0000000000
112893  -4.740  -39.429  30.802 0.0000000000
112894  -4.664  -40.067  30.679 0.0000000000
112895  -4.573  -40.718  30.590 0.0000000000
112896  -4.994  -44.320  31.608 0.0000000000
112897  -4.653  -43.626  31.309 0.0000000000
112898  -4.627  -44.298  31.309 0.0000000000
112899  -4.342  -44.234  30.987 0.0000000000
112900  -4.215  -44.058  30.491 0.0000000000
112901  -4.191  -43.841  29.956 0.0000000000
112902  -4.209  -44.706  30.431 0.0000000000
112903  -4.226  -45.339  30.307 0.0000000000
112904  -4.262  -46.050  30.171 0.0000000000
112905  -8.967  -48.993  29.789 0.0000000000
112906  -8.446  -48.490  30.076 0.0000000000
112907  -8.371  -49.186  29.898 0.0000000000
112908  -7.778  -49.354  30.007 0.0000000000
112909  -7.181  -49.541  30.091 0.0000000000
112910  -5.917  -51.237  28.714 0.0000000000
112911  -5.902  -50.845  29.259 0.0000000000
112912  -5.460  -50.876  29.052 0.0000000000
112913  -5.090  -50.412  29.366 0.0000000000
112914  -4.771  -49.804  29.624 0.0000000000
112915  -4.536  -49.060  29.783 0.0000000000
112916  -4.592  -49.598  29.250 0.0000000000
112917  -4.507  -49.398  28.850 0.0000000000
112918  -4.518  -49.111  28.344 0.0000000000
112919  -4.584  -48.798  27.870 0.0000000000
112920  -4.490  -49.564  27.748 0.0000000000
112921  -4.468  -49.889  27.130 0.0000000000
112922  -4.431  -50.183  26.513 0.0000000000
112923  -5.687  -51.647  24.328 0.0000000000
112924  -5.107  -51.423  24.630 0.0000000000
112925  -5.415  -51.501  23.935 0.0000000000
112926  -5.122  -51.340  23.560 0.0000000000
112927  -4.941  -51.125  23.185 0.0000000000
112928  -4.772  -50.886  22.822 0.0000000000
112929  -5.268  -51.353  22.495 0.0000000000
112930  -5.740  -51.564  21.829 0.0000000000
112931  -6.247  -51.802  21.177 0.0000000000
113336  -9.663  -47.658  9.508 0.0000000000
113337  -9.271  -47.693  8.776 0.0000000000
113338  -9.087  -47.848  9.023 0.0000000000
113339  -8.495  -48.040  8.490 0.0000000000
113340  -8.113  -48.396  8.046 0.0000000000
113341  -7.557  -50.205  8.256 0.0000000000
113342  -7.692  -49.958  7.977 0.0000000000
113343  -7.944  -50.688  7.851 0.0000000000
113344  -8.418  -51.036  7.635 0.0000000000
113345  -9.043  -51.311  7.715 0.0000000000
113346  -9.747  -51.593  7.902 0.0000000000
113347  -9.439  -51.812  8.038 0.0000000000
113348  -9.856  -52.266  8.416 0.0000000000
113349  -10.255  -52.711  8.771 0.0000000000
113350  -6.638  -52.241  10.536 0.0000000000
113351  -6.709  -51.974  10.218 0.0000000000
113352  -6.640  -52.777  9.886 0.0000000000
113353  -6.741  -53.281  9.372 0.0000000000
113354  -6.973  -53.630  9.071 0.0000000000
113355  -8.878  -55.478  9.842 0.0000000000
113356  -8.518  -55.057  9.551 0.0000000000
113357  -9.272  -55.155  9.810 0.0000000000
113358  -9.657  -54.836  9.761 0.0000000000
113359  -10.037  -54.528  9.708 0.0000000000
113360  -10.436  -54.250  9.709 0.0000000000
113361  -10.847  -54.681  9.907 0.0000000000
113362  -11.674  -54.833  9.957 0.0000000000
113363  -12.553  -55.004  9.882 0.0000000000
113364  -13.365  -55.185  9.643 0.0000000000
113365  -12.965  -55.421  9.894 0.0000000000
115869  -6.769  -34.252  29.139 0.0000000000
115870  -7.035  -34.882  28.990 0.0000000000
115871  -7.262  -35.509  28.846 0.0000000000
115872  -7.438  -36.072  28.675 0.0000000000
115873  -6.852  -36.032  28.666 0.0000000000
115874  -6.399  -36.546  28.497 0.0000000000
115875  -5.930  -37.083  28.350 0.0000000000
115876  -5.294  -36.504  28.599 0.0000000000
115877  -5.358  -37.053  28.414 0.0000000000
115878  -5.475  -37.614  28.234 0.0000000000
115879  -5.031  -38.131  28.221 0.0000000000
115880  -4.696  -38.715  28.288 0.0000000000
115881  -4.457  -39.331  28.436 0.0000000000
116650  -10.661  -45.727  5.626 0.0000000000
118066  -6.875  -47.414  20.920 0.0000000000
118067  -7.233  -47.529  20.557 0.0000000000
118068  -6.538  -47.695  20.282 0.0000000000
118069  -6.208  -47.945  19.582 0.0000000000
118070  -5.883  -48.158  18.844 0.0000000000
118071  -5.102  -48.583  18.912 0.0000000000
118072  -5.358  -48.504  18.481 0.0000000000
118073  -5.616  -48.446  18.076 0.0000000000
118074  -5.530  -48.831  17.347 0.0000000000
118075  -5.505  -49.210  16.601 0.0000000000
118076  -5.821  -49.754  15.929 0.0000000000
118077  -6.171  -50.302  15.273 0.0000000000
118078  -6.032  -50.390  15.727 0.0000000000
118079  -6.398  -51.110  15.547 0.0000000000
118080  -6.735  -51.923  15.333 0.0000000000
118081  -6.295  -51.315  16.536 0.0000000000
118082  -6.749  -51.952  15.867 0.0000000000
118083  -6.911  -52.788  15.066 0.0000000000
118084  -6.915  -53.693  14.742 0.0000000000
118085  -6.622  -54.484  14.544 0.0000000000
119160  -10.943  -50.695  6.871 0.0000000000
119161  -11.386  -50.682  6.652 0.0000000000
119162  -11.927  -51.130  6.987 0.0000000000
119163  -12.849  -51.564  7.026 0.0000000000
119164  -13.768  -51.901  6.969 0.0000000000
119165  -13.802  -52.414  7.494 0.0000000000
119166  -14.253  -52.301  7.208 0.0000000000
119167  -14.720  -52.166  6.941 0.0000000000
119168  -15.760  -52.369  6.983 0.0000000000
119169  -16.834  -52.501  7.006 0.0000000000
119170  -17.950  -52.613  7.043 0.0000000000
120586  -8.406  -40.497  27.029 0.0000000000
120587  -8.922  -40.582  26.874 0.0000000000
120588  -8.501  -41.001  26.786 0.0000000000
120589  -8.497  -41.534  26.524 0.0000000000
120590  -8.510  -42.077  26.245 0.0000000000
120591  -7.454  -42.527  26.348 0.0000000000
120592  -8.028  -42.566  26.150 0.0000000000
120593  -8.544  -42.587  25.964 0.0000000000
120594  -8.487  -43.101  25.645 0.0000000000
120595  -8.439  -43.587  25.334 0.0000000000
120596  -8.395  -44.073  24.980 0.0000000000
120597  -8.302  -44.540  24.606 0.0000000000
120598  -7.823  -44.513  24.879 0.0000000000
120599  -7.229  -44.952  24.827 0.0000000000
120600  -6.644  -45.450  24.792 0.0000000000
120601  -6.308  -45.187  25.593 0.0000000000
120602  -6.233  -45.631  25.208 0.0000000000
120603  -6.097  -46.002  24.763 0.0000000000
120604  -5.666  -46.560  24.793 0.0000000000
120605  -5.250  -47.192  24.790 0.0000000000
120606  -4.892  -47.835  24.778 0.0000000000
122909  -14.592  -50.025  4.542 0.0000000000
122910  -13.905  -49.611  4.260 0.0000000000
122911  -14.956  -49.865  4.240 0.0000000000
122912  -15.278  -49.707  3.915 0.0000000000
122913  -15.580  -49.560  3.587 0.0000000000
122914  -17.280  -50.105  3.769 0.0000000000
122915  -16.581  -49.758  3.509 0.0000000000
122916  -15.885  -49.417  3.252 0.0000000000
122917  -16.166  -49.269  2.920 0.0000000000
122918  -16.420  -49.091  2.560 0.0000000000
122919  -16.649  -48.889  2.197 0.0000000000
122929  -18.444  -46.766  -1.110 0.0000000000
122930  -17.538  -46.400  -1.091 0.0000000000
122931  -16.526  -45.954  -1.113 0.0000000000
122932  -17.479  -46.059  -1.441 0.0000000000
122933  -17.415  -45.736  -1.779 0.0000000000
122934  -17.330  -45.414  -2.109 0.0000000000
122937  -17.205  -45.068  -2.443 0.0000000000
122938  -17.068  -44.725  -2.742 0.0000000000
122939  -16.930  -44.377  -3.037 0.0000000000
122940  -16.799  -44.015  -3.351 0.0000000000
122941  -16.655  -43.694  -3.612 0.0000000000
126824  -13.301  -43.915  31.804 0.0000000000
126825  -13.137  -43.248  32.399 0.0000000000
126826  -12.696  -43.293  32.025 0.0000000000
126827  -12.105  -42.714  32.300 0.0000000000
126828  -11.511  -42.133  32.545 0.0000000000
126829  -11.044  -43.062  31.847 0.0000000000
126830  -11.003  -42.307  32.264 0.0000000000
126831  -10.915  -41.565  32.745 0.0000000000
126832  -10.277  -41.017  32.971 0.0000000000
126833  -9.681  -40.520  33.169 0.0000000000
126834  -9.057  -40.038  33.310 0.0000000000
126835  -8.390  -39.566  33.475 0.0000000000
126836  -8.653  -40.211  32.995 0.0000000000
126837  -8.226  -40.421  32.722 0.0000000000
126838  -7.782  -40.651  32.456 0.0000000000
126839  -8.343  -42.004  32.220 0.0000000000
126840  -7.846  -41.465  32.257 0.0000000000
126841  -7.323  -40.930  32.266 0.0000000000
126842  -6.830  -41.163  32.132 0.0000000000
126843  -6.324  -41.389  31.973 0.0000000000
126844  -5.830  -41.564  31.783 0.0000000000
126845  -5.394  -41.551  31.581 0.0000000000
126846  -5.733  -42.261  31.777 0.0000000000
126847  -5.662  -42.929  31.772 0.0000000000
126848  -5.590  -43.632  31.802 0.0000000000
126849  -6.538  -44.205  31.824 0.0000000000
126850  -5.985  -44.293  31.822 0.0000000000
126851  -5.491  -44.330  31.755 0.0000000000
126852  -5.391  -45.053  31.690 0.0000000000
126853  -5.343  -45.768  31.589 0.0000000000
126854  -5.286  -46.459  31.420 0.0000000000
126855  -8.731  -51.214  28.700 0.0000000000
126856  -8.202  -50.886  29.088 0.0000000000
126857  -8.153  -51.317  28.696 0.0000000000
126858  -7.583  -51.398  28.605 0.0000000000
126859  -7.010  -51.472  28.493 0.0000000000
126860  -7.762  -51.851  27.361 0.0000000000
126861  -7.080  -51.733  27.898 0.0000000000
126862  -6.476  -51.534  28.355 0.0000000000
126863  -5.987  -51.541  28.096 0.0000000000
126864  -5.530  -51.533  27.803 0.0000000000
126865  -5.161  -51.433  27.476 0.0000000000
126866  -4.879  -51.253  27.107 0.0000000000
126867  -5.298  -51.593  26.796 0.0000000000
126868  -5.511  -51.662  26.079 0.0000000000
126869  -5.726  -51.716  25.402 0.0000000000
126870  -6.848  -51.862  25.277 0.0000000000
126871  -6.437  -51.795  24.991 0.0000000000
126872  -6.037  -51.721  24.691 0.0000000000
126873  -6.476  -51.780  23.943 0.0000000000
126874  -6.947  -51.925  23.195 0.0000000000
126875  -7.420  -52.209  22.470 0.0000000000
127190  -9.021  -48.290  10.592 0.0000000000
127191  -8.655  -48.371  9.861 0.0000000000
127192  -8.465  -48.486  10.153 0.0000000000
127193  -7.927  -48.743  9.692 0.0000000000
127194  -7.473  -49.150  9.211 0.0000000000
127195  -7.541  -48.992  10.261 0.0000000000
127196  -7.401  -49.341  9.525 0.0000000000
127197  -7.351  -49.747  8.815 0.0000000000
127198  -7.423  -50.434  8.516 0.0000000000
127199  -7.553  -51.138  8.320 0.0000000000
127200  -7.735  -51.823  8.241 0.0000000000
127201  -6.354  -55.127  9.825 0.0000000000
127202  -6.598  -54.836  9.561 0.0000000000
127203  -6.698  -55.408  9.656 0.0000000000
127204  -7.188  -55.609  9.593 0.0000000000
129183  -14.646  -54.345  8.647 0.0000000000
129184  -15.152  -54.262  8.380 0.0000000000
129185  -15.597  -54.696  8.430 0.0000000000
129186  -16.629  -54.989  8.229 0.0000000000
130468  -9.198  -36.771  27.905 0.0000000000
130469  -9.270  -37.320  27.666 0.0000000000
130470  -9.349  -37.889  27.414 0.0000000000
130471  -9.261  -38.461  27.426 0.0000000000
130472  -9.050  -39.013  27.419 0.0000000000
130473  -8.730  -39.503  27.378 0.0000000000
130474  -7.609  -36.614  28.513 0.0000000000
130475  -7.763  -37.168  28.341 0.0000000000
130476  -7.925  -37.730  28.150 0.0000000000
130477  -6.806  -38.186  27.974 0.0000000000
130478  -7.466  -38.241  27.977 0.0000000000
130479  -8.092  -38.293  27.971 0.0000000000
130480  -8.152  -38.872  27.737 0.0000000000
130481  -8.209  -39.446  27.502 0.0000000000
130482  -8.308  -39.965  27.280 0.0000000000
130483  -7.817  -40.449  27.139 0.0000000000
130484  -7.283  -40.931  27.011 0.0000000000
130485  -6.713  -41.458  26.937 0.0000000000
130486  -6.025  -40.906  27.267 0.0000000000
130487  -6.092  -41.504  27.118 0.0000000000
130488  -6.152  -42.040  26.964 0.0000000000
130489  -5.676  -42.638  27.160 0.0000000000
130490  -5.281  -43.322  27.416 0.0000000000
130491  -4.982  -44.076  27.729 0.0000000000
132574  -11.626  -44.305  3.317 0.0000000000
136116  -14.687  -44.626  32.486 0.0000000000
136117  -14.333  -44.560  32.018 0.0000000000
136124  -14.892  -45.963  31.289 0.0000000000
136125  -14.430  -45.246  31.396 0.0000000000
136126  -13.916  -44.564  31.556 0.0000000000
136127  -13.381  -44.624  31.248 0.0000000000
136128  -12.850  -44.740  30.979 0.0000000000
136129  -12.300  -44.923  30.748 0.0000000000
136130  -12.769  -46.298  30.049 0.0000000000
136131  -12.247  -45.714  30.278 0.0000000000
136132  -11.682  -45.146  30.562 0.0000000000
136133  -11.045  -45.411  30.466 0.0000000000
136134  -10.400  -45.691  30.441 0.0000000000
136135  -9.734  -45.964  30.457 0.0000000000
136136  -9.158  -46.164  30.530 0.0000000000
136137  -9.729  -46.706  30.201 0.0000000000
136138  -9.703  -47.446  29.981 0.0000000000
136139  -9.594  -48.114  29.836 0.0000000000
136140  -10.739  -48.472  29.506 0.0000000000
136141  -10.130  -48.629  29.586 0.0000000000
136142  -9.529  -48.797  29.683 0.0000000000
136143  -9.471  -49.450  29.512 0.0000000000
136144  -9.404  -50.047  29.294 0.0000000000
136145  -9.345  -50.591  29.051 0.0000000000
136146  -12.443  -50.778  28.761 0.0000000000
136147  -11.915  -50.801  28.676 0.0000000000
136148  -11.405  -50.844  28.612 0.0000000000
136150  -11.312  -51.433  28.278 0.0000000000
136151  -10.894  -50.880  28.616 0.0000000000
136152  -10.397  -50.897  28.621 0.0000000000
136153  -9.848  -50.981  28.652 0.0000000000
136154  -9.287  -51.105  28.682 0.0000000000
136155  -9.274  -51.507  28.223 0.0000000000
136156  -9.298  -51.845  27.720 0.0000000000
136157  -9.440  -52.063  27.096 0.0000000000
136159  -10.067  -52.415  26.533 0.0000000000
136160  -9.616  -52.293  26.424 0.0000000000
136161  -9.804  -52.563  25.734 0.0000000000
136162  -9.970  -52.982  25.032 0.0000000000
136431  -7.628  -47.630  20.209 0.0000000000
136432  -7.973  -47.707  19.851 0.0000000000
136433  -8.296  -47.782  19.496 0.0000000000
136434  -7.341  -48.227  18.493 0.0000000000
136435  -7.995  -48.076  18.797 0.0000000000
136436  -8.517  -47.816  19.046 0.0000000000
136437  -8.653  -47.760  18.621 0.0000000000
136438  -8.783  -47.702  18.217 0.0000000000
136441  -8.655  -48.268  16.614 0.0000000000
136442  -8.513  -48.538  15.985 0.0000000000
136443  -7.679  -48.767  15.910 0.0000000000
136444  -7.987  -48.747  15.623 0.0000000000
136445  -8.300  -48.724  15.293 0.0000000000
136446  -8.096  -48.915  14.584 0.0000000000
136447  -7.806  -49.062  13.766 0.0000000000
136448  -7.476  -49.239  12.922 0.0000000000
136449  -7.207  -49.450  12.151 0.0000000000
136450  -7.055  -49.578  12.480 0.0000000000
136451  -6.788  -50.051  12.091 0.0000000000
136452  -6.736  -50.793  11.664 0.0000000000
136453  -6.689  -50.429  12.775 0.0000000000
136454  -6.691  -51.023  12.001 0.0000000000
136455  -6.665  -51.650  11.258 0.0000000000
136456  -6.569  -52.495  10.891 0.0000000000
136457  -6.438  -53.308  10.565 0.0000000000
136458  -6.294  -54.038  10.313 0.0000000000
136459  -6.505  -50.920  14.571 0.0000000000
136460  -6.718  -51.642  13.787 0.0000000000
136461  -6.739  -52.371  12.962 0.0000000000
136462  -6.608  -53.455  13.121 0.0000000000
136463  -6.535  -53.250  12.660 0.0000000000
136464  -6.516  -53.085  12.176 0.0000000000
136465  -6.298  -53.755  11.417 0.0000000000
136466  -6.195  -54.272  10.742 0.0000000000
136467  -6.225  -54.722  10.194 0.0000000000
136468  -6.183  -55.359  10.135 0.0000000000
139329  -9.957  -46.965  7.673 0.0000000000
139330  -9.893  -46.821  7.249 0.0000000000
139331  -9.381  -47.004  6.758 0.0000000000
139332  -9.133  -47.265  5.919 0.0000000000
139333  -9.379  -47.801  5.292 0.0000000000
139334  -9.454  -48.480  5.514 0.0000000000
139335  -9.841  -48.474  5.256 0.0000000000
139336  -10.204  -48.455  5.015 0.0000000000
139337  -11.166  -49.020  4.896 0.0000000000
139338  -12.137  -49.466  4.820 0.0000000000
139339  -13.137  -49.837  4.791 0.0000000000
139340  -11.802  -50.658  6.415 0.0000000000
139341  -12.212  -50.625  6.166 0.0000000000
139342  -12.589  -50.557  5.892 0.0000000000
139343  -14.140  -51.280  6.164 0.0000000000
139344  -13.597  -50.898  5.891 0.0000000000
139345  -13.029  -50.489  5.609 0.0000000000
139346  -13.457  -50.394  5.336 0.0000000000
139347  -13.824  -50.251  5.065 0.0000000000
139348  -14.202  -50.145  4.810 0.0000000000
139349  -15.243  -50.368  4.827 0.0000000000
139350  -16.270  -50.531  4.805 0.0000000000
139351  -17.270  -50.707  4.760 0.0000000000
139352  -17.553  -51.117  5.369 0.0000000000
139353  -17.972  -50.999  5.020 0.0000000000
139354  -18.316  -50.878  4.637 0.0000000000
139355  -19.300  -51.070  4.479 0.0000000000
139358  -15.697  -54.127  8.111 0.0000000000
139359  -16.263  -53.964  7.890 0.0000000000
139360  -16.845  -53.735  7.727 0.0000000000
139362  -17.981  -53.877  7.760 0.0000000000
139363  -17.431  -53.485  7.585 0.0000000000
139364  -18.006  -53.229  7.461 0.0000000000
139365  -18.548  -52.986  7.266 0.0000000000
139366  -19.070  -52.758  7.026 0.0000000000
139375  -19.581  -52.552  6.740 0.0000000000
143102  -8.370  -46.667  21.844 0.0000000000
143103  -7.793  -46.925  21.687 0.0000000000
143104  -8.189  -44.961  24.250 0.0000000000
143105  -8.074  -45.396  23.856 0.0000000000
143106  -7.933  -45.791  23.437 0.0000000000
143107  -6.815  -46.108  23.599 0.0000000000
143108  -7.284  -46.102  23.296 0.0000000000
143109  -7.805  -46.166  22.998 0.0000000000
143110  -7.592  -46.519  22.500 0.0000000000
143111  -7.348  -46.851  22.002 0.0000000000
143112  -7.120  -47.147  21.479 0.0000000000
143113  -6.419  -47.353  21.218 0.0000000000
143114  -5.733  -47.587  20.954 0.0000000000
143115  -5.167  -47.923  20.716 0.0000000000
143116  -5.018  -47.685  21.711 0.0000000000
143117  -4.872  -48.026  21.126 0.0000000000
143118  -4.756  -48.396  20.505 0.0000000000
143119  -4.605  -49.091  20.313 0.0000000000
143120  -4.684  -49.803  20.111 0.0000000000
143121  -4.924  -50.425  19.943 0.0000000000
148025  -4.553  -34.437  30.369 0.0000000000
148026  -4.554  -35.076  30.462 0.0000000000
149090  -9.923  -46.655  6.881 0.0000000000
149091  -9.956  -46.497  6.511 0.0000000000
149092  -9.975  -46.346  6.138 0.0000000000
149093  -9.543  -46.980  4.858 0.0000000000
149094  -9.599  -46.398  5.300 0.0000000000
149095  -10.034  -46.174  5.796 0.0000000000
149096  -10.089  -45.990  5.475 0.0000000000
149097  -10.159  -45.824  5.157 0.0000000000
149098  -10.276  -45.668  4.851 0.0000000000
149099  -13.189  -49.149  4.016 0.0000000000
149100  -12.463  -48.632  3.828 0.0000000000
149101  -11.713  -47.999  3.649 0.0000000000
149102  -13.007  -48.289  3.268 0.0000000000
149103  -11.971  -47.837  3.406 0.0000000000
149104  -10.959  -47.278  3.664 0.0000000000
149105  -10.416  -46.530  3.818 0.0000000000
149106  -10.249  -45.903  4.144 0.0000000000
149107  -10.424  -45.538  4.569 0.0000000000
149108  -10.573  -45.385  4.272 0.0000000000
149109  -10.696  -45.191  3.983 0.0000000000
149110  -10.854  -45.007  3.733 0.0000000000
149111  -11.295  -45.948  2.712 0.0000000000
149112  -10.982  -45.292  3.057 0.0000000000
149113  -11.038  -44.854  3.463 0.0000000000
149114  -11.194  -44.681  3.186 0.0000000000
149115  -11.341  -44.482  2.918 0.0000000000
149116  -11.460  -44.229  2.655 0.0000000000
149119  -19.745  -50.131  2.595 0.0000000000
149121  -19.965  -49.922  2.167 0.0000000000
149122  -19.096  -49.769  2.403 0.0000000000
149123  -18.359  -49.412  2.213 0.0000000000
149124  -17.621  -49.059  2.012 0.0000000000
149125  -16.865  -48.668  1.832 0.0000000000
149129  -19.172  -48.073  0.174 0.0000000000
149130  -19.077  -48.363  0.604 0.0000000000
149131  -18.939  -48.651  1.035 0.0000000000
149132  -18.027  -48.559  1.248 0.0000000000
149133  -17.047  -48.434  1.442 0.0000000000
149134  -16.028  -48.234  1.671 0.0000000000
149135  -15.147  -47.741  1.526 0.0000000000
149136  -14.271  -47.182  1.407 0.0000000000
149137  -13.399  -46.555  1.362 0.0000000000
149138  -14.479  -46.699  0.771 0.0000000000
149139  -13.497  -46.302  1.054 0.0000000000
149140  -12.579  -45.850  1.410 0.0000000000
149141  -11.916  -45.094  1.609 0.0000000000
149142  -11.573  -44.409  1.983 0.0000000000
149143  -11.590  -43.975  2.395 0.0000000000
149144  -11.753  -43.778  2.177 0.0000000000
149145  -11.903  -43.555  1.923 0.0000000000
149146  -12.032  -43.312  1.699 0.0000000000
149147  -12.250  -44.055  0.513 0.0000000000
149148  -12.026  -43.401  1.004 0.0000000000
149149  -12.152  -43.062  1.477 0.0000000000
149150  -12.309  -42.823  1.242 0.0000000000
149151  -12.454  -42.579  0.990 0.0000000000
149152  -12.597  -42.333  0.749 0.0000000000
149153  -15.498  -45.450  -1.121 0.0000000000
149154  -14.516  -44.898  -1.070 0.0000000000
149155  -13.561  -44.192  -0.973 0.0000000000
149156  -14.340  -44.158  -1.598 0.0000000000
149157  -13.563  -43.854  -1.229 0.0000000000
149158  -12.877  -43.462  -0.730 0.0000000000
149159  -12.528  -42.832  -0.360 0.0000000000
149160  -12.507  -42.340  0.081 0.0000000000
149161  -12.729  -42.071  0.542 0.0000000000
149162  -12.888  -41.815  0.334 0.0000000000
149163  -13.088  -41.593  0.129 0.0000000000
149165  -12.939  -41.646  -1.127 0.0000000000
149180  -16.486  -43.362  -3.847 0.0000000000
149181  -16.315  -43.010  -4.065 0.0000000000
149182  -16.163  -42.671  -4.329 0.0000000000
149184  -16.767  -42.917  -4.886 0.0000000000
149185  -15.994  -42.333  -4.582 0.0000000000
158980  -4.677  -35.133  31.011 0.0000000000
158981  -4.581  -35.606  30.633 0.0000000000
159180  -12.930  -42.615  33.014 0.0000000000
159181  -12.688  -42.050  33.641 0.0000000000
159182  -12.339  -41.556  34.309 0.0000000000
159183  -11.384  -40.888  34.083 0.0000000000
159184  -11.645  -40.983  34.536 0.0000000000
159207  -7.679  -39.132  33.664 0.0000000000
159208  -6.964  -38.773  33.829 0.0000000000
159209  -6.353  -38.402  33.942 0.0000000000
159210  -6.497  -38.928  33.020 0.0000000000
159211  -6.224  -38.406  33.517 0.0000000000
159212  -5.888  -38.026  34.058 0.0000000000
159213  -5.594  -37.595  34.180 0.0000000000
159218  -5.173  -36.387  32.583 0.0000000000
159219  -5.178  -37.477  32.140 0.0000000000
159220  -5.073  -36.875  32.055 0.0000000000
159221  -4.997  -36.311  31.957 0.0000000000
159222  -4.802  -36.268  31.366 0.0000000000
159223  -4.619  -36.227  30.779 0.0000000000
159224  -4.483  -36.208  30.224 0.0000000000
159225  -4.407  -36.714  29.917 0.0000000000
159226  -4.342  -37.227  29.636 0.0000000000
159227  -4.320  -37.797  29.414 0.0000000000
159228  -4.433  -38.605  30.099 0.0000000000
159229  -4.321  -38.511  29.645 0.0000000000
159230  -4.301  -38.369  29.207 0.0000000000
159231  -4.289  -38.930  29.011 0.0000000000
159232  -4.316  -39.500  28.852 0.0000000000
159233  -4.303  -40.065  28.702 0.0000000000
159234  -5.010  -41.508  31.307 0.0000000000
159235  -4.715  -41.470  30.945 0.0000000000
159236  -4.475  -41.380  30.551 0.0000000000
159237  -4.476  -42.850  30.963 0.0000000000
159238  -4.357  -42.052  30.548 0.0000000000
159239  -4.288  -41.224  30.092 0.0000000000
159240  -4.225  -41.024  29.593 0.0000000000
159241  -4.228  -40.853  29.104 0.0000000000
159242  -4.319  -40.672  28.630 0.0000000000
159243  -4.362  -41.318  28.539 0.0000000000
159244  -4.391  -41.975  28.448 0.0000000000
159245  -4.486  -42.528  28.414 0.0000000000
159246  -4.244  -43.612  29.392 0.0000000000
159247  -4.367  -43.393  28.869 0.0000000000
159248  -4.550  -43.140  28.367 0.0000000000
159249  -4.621  -43.752  28.314 0.0000000000
159250  -4.716  -44.374  28.226 0.0000000000
159251  -4.798  -44.973  28.088 0.0000000000
159252  -8.573  -46.348  30.629 0.0000000000
159253  -7.978  -46.556  30.742 0.0000000000
159254  -7.402  -46.720  30.891 0.0000000000
159255  -7.902  -47.970  30.377 0.0000000000
159256  -7.349  -47.460  30.689 0.0000000000
159257  -6.835  -46.866  31.015 0.0000000000
159258  -6.257  -46.999  31.166 0.0000000000
159259  -5.708  -47.112  31.263 0.0000000000
159260  -5.213  -47.206  31.266 0.0000000000
159261  -7.661  -50.558  29.434 0.0000000000
159262  -7.112  -50.159  29.791 0.0000000000
159263  -6.577  -49.694  30.154 0.0000000000
159264  -5.954  -50.368  29.747 0.0000000000
159265  -5.985  -49.833  30.208 0.0000000000
159266  -6.067  -49.172  30.509 0.0000000000
159267  -5.574  -48.593  30.835 0.0000000000
159268  -5.158  -47.923  31.042 0.0000000000
159269  -4.808  -47.180  31.123 0.0000000000
159270  -4.478  -47.070  30.884 0.0000000000
159271  -4.343  -46.924  30.449 0.0000000000
159272  -4.294  -46.755  30.014 0.0000000000
159273  -4.398  -48.242  29.855 0.0000000000
159274  -4.356  -47.392  29.754 0.0000000000
159275  -4.369  -46.506  29.510 0.0000000000
159276  -4.508  -46.213  28.985 0.0000000000
159277  -4.697  -45.900  28.470 0.0000000000
159278  -4.912  -45.631  27.921 0.0000000000
159279  -5.003  -46.247  27.668 0.0000000000
159280  -5.078  -46.764  27.287 0.0000000000
159281  -5.082  -47.225  26.862 0.0000000000
159282  -4.714  -48.414  27.378 0.0000000000
159283  -4.870  -48.032  26.868 0.0000000000
159284  -5.043  -47.651  26.364 0.0000000000
159285  -4.911  -47.988  25.810 0.0000000000
159286  -4.749  -48.292  25.226 0.0000000000
159287  -4.568  -48.520  24.646 0.0000000000
159288  -4.635  -51.042  26.707 0.0000000000
159289  -4.520  -50.743  26.270 0.0000000000
159290  -4.414  -50.425  25.835 0.0000000000
159291  -4.695  -51.078  24.903 0.0000000000
159292  -4.450  -50.604  25.161 0.0000000000
159293  -4.370  -50.037  25.389 0.0000000000
159294  -4.363  -49.644  24.956 0.0000000000
159295  -4.382  -49.215  24.538 0.0000000000
159296  -4.461  -48.747  24.081 0.0000000000
159297  -4.367  -48.973  23.498 0.0000000000
159298  -4.328  -49.249  22.926 0.0000000000
159299  -4.377  -49.608  22.305 0.0000000000
159300  -4.644  -50.640  22.455 0.0000000000
159301  -4.563  -50.345  22.058 0.0000000000
159302  -4.471  -50.004  21.658 0.0000000000
159303  -4.711  -50.356  20.992 0.0000000000
159304  -5.025  -50.669  20.327 0.0000000000
159305  -5.432  -51.011  19.684 0.0000000000
159366  -8.537  -52.977  22.183 0.0000000000
159367  -8.190  -52.817  21.993 0.0000000000
159368  -7.931  -52.611  21.746 0.0000000000
159377  -7.635  -52.539  21.423 0.0000000000
159378  -7.363  -52.371  21.119 0.0000000000
159379  -7.083  -52.240  20.809 0.0000000000
159380  -6.812  -52.101  20.476 0.0000000000
159382  -7.305  -52.534  19.765 0.0000000000
159383  -6.571  -51.940  20.134 0.0000000000
159384  -6.328  -51.771  19.767 0.0000000000
159385  -6.128  -51.576  19.411 0.0000000000
159386  -5.951  -51.361  19.034 0.0000000000
159387  -6.446  -51.744  18.394 0.0000000000
159388  -6.889  -52.312  17.701 0.0000000000
159389  -7.226  -53.033  16.963 0.0000000000
159391  -7.279  -54.104  16.497 0.0000000000
159392  -7.227  -53.865  16.180 0.0000000000
160117  -9.747  -47.149  7.960 0.0000000000
160118  -9.210  -47.351  7.481 0.0000000000
160119  -8.762  -47.632  6.991 0.0000000000
160120  -8.857  -47.710  8.018 0.0000000000
160121  -8.632  -47.856  7.272 0.0000000000
160122  -8.579  -48.105  6.567 0.0000000000
160123  -8.775  -48.693  6.378 0.0000000000
160124  -9.154  -49.324  6.369 0.0000000000
160125  -9.632  -49.924  6.528 0.0000000000
160126  -8.253  -48.418  9.107 0.0000000000
160127  -7.946  -48.534  8.375 0.0000000000
160128  -7.961  -48.905  7.694 0.0000000000
160129  -7.886  -49.733  7.734 0.0000000000
160130  -8.045  -49.534  7.452 0.0000000000
160131  -8.247  -49.322  7.193 0.0000000000
160132  -8.738  -49.743  6.889 0.0000000000
160133  -9.414  -50.129  6.814 0.0000000000
160134  -10.173  -50.451  6.815 0.0000000000
160135  -10.654  -50.876  7.190 0.0000000000
160136  -11.138  -51.347  7.535 0.0000000000
160137  -11.627  -51.821  7.848 0.0000000000
160138  -10.543  -51.824  8.061 0.0000000000
160139  -11.355  -52.060  8.159 0.0000000000
160140  -12.127  -52.293  8.127 0.0000000000
160141  -12.576  -52.753  8.368 0.0000000000
160142  -13.041  -53.190  8.578 0.0000000000
160143  -13.484  -53.636  8.753 0.0000000000
160144  -7.028  -49.780  11.407 0.0000000000
160145  -6.920  -50.170  10.646 0.0000000000
160146  -6.913  -50.628  9.939 0.0000000000
160147  -6.776  -51.734  9.890 0.0000000000
160148  -6.884  -51.432  9.592 0.0000000000
160149  -7.018  -51.173  9.304 0.0000000000
160150  -7.198  -51.688  8.748 0.0000000000
160151  -7.547  -52.087  8.449 0.0000000000
160152  -8.007  -52.403  8.340 0.0000000000
160153  -6.842  -54.532  9.328 0.0000000000
160154  -7.057  -54.219  9.085 0.0000000000
160155  -7.372  -53.866  8.974 0.0000000000
160156  -8.166  -54.588  9.273 0.0000000000
160157  -7.899  -54.075  9.015 0.0000000000
160158  -7.683  -53.564  8.799 0.0000000000
160159  -7.977  -53.280  8.631 0.0000000000
160160  -8.262  -52.931  8.536 0.0000000000
160161  -8.581  -52.655  8.436 0.0000000000
160162  -9.200  -52.814  8.657 0.0000000000
160163  -9.906  -52.976  8.914 0.0000000000
160164  -10.700  -53.176  9.122 0.0000000000
160165  -10.793  -53.916  9.589 0.0000000000
160166  -11.161  -53.634  9.429 0.0000000000
160167  -11.545  -53.387  9.245 0.0000000000
160168  -12.377  -53.599  9.211 0.0000000000
160169  -13.157  -53.830  9.069 0.0000000000
160170  -13.940  -54.087  8.863 0.0000000000
160171  -14.361  -54.532  8.904 0.0000000000
160172  -14.779  -54.993  8.895 0.0000000000
160174  -14.147  -55.367  9.352 0.0000000000
