#!ascii label  , from subject studyTemplate vox2ras=TkReg
1940
121  -49.798  33.108  -0.117 0.0000000000
122  -26.844  25.608  8.473 0.0000000000
266  -44.457  37.561  4.626 0.0000000000
267  -43.572  39.538  -5.221 0.0000000000
268  -47.625  33.147  -7.309 0.0000000000
526  -53.130  27.991  6.961 0.0000000000
527  -41.675  25.754  7.494 0.0000000000
528  -37.448  31.130  3.490 0.0000000000
529  -35.682  31.008  -2.100 0.0000000000
1158  -49.755  35.743  1.932 0.0000000000
1159  -49.856  33.814  6.710 0.0000000000
1160  -51.307  30.864  3.048 0.0000000000
1161  -48.025  26.616  6.211 0.0000000000
1162  -45.391  29.756  3.458 0.0000000000
1163  -39.461  28.534  5.810 0.0000000000
1164  -43.930  31.904  0.852 0.0000000000
1166  -41.660  31.901  -5.815 0.0000000000
1168  -36.837  27.478  -4.905 0.0000000000
1632  -45.280  40.688  -0.358 0.0000000000
1633  -49.588  37.924  -2.998 0.0000000000
1634  -48.759  34.535  -3.513 0.0000000000
1635  -47.875  36.928  -7.563 0.0000000000
1650  -28.751  23.717  11.764 0.0000000000
2220  -43.915  34.468  9.537 0.0000000000
2221  -49.347  30.372  10.768 0.0000000000
2227  -33.659  27.066  9.231 0.0000000000
2228  -31.278  29.861  7.234 0.0000000000
2229  -42.485  33.245  -2.544 0.0000000000
2230  -35.909  32.230  0.763 0.0000000000
2231  -29.770  30.700  3.805 0.0000000000
3078  -50.944  34.421  0.318 0.0000000000
3079  -51.439  33.416  2.467 0.0000000000
3080  -50.615  32.149  1.457 0.0000000000
3081  -48.531  30.245  3.048 0.0000000000
3082  -47.838  31.514  1.581 0.0000000000
3083  -44.674  30.959  2.152 0.0000000000
3084  -47.056  32.313  0.310 0.0000000000
3678  -41.424  41.835  -3.811 0.0000000000
3679  -42.268  42.056  -1.468 0.0000000000
3680  -44.492  40.426  -2.858 0.0000000000
3681  -47.608  39.597  -1.879 0.0000000000
3682  -46.923  38.977  -4.283 0.0000000000
3683  -48.744  37.793  -5.370 0.0000000000
3684  -45.716  38.235  -6.539 0.0000000000
3709  -29.559  18.772  13.276 0.0000000000
3710  -28.183  19.956  12.395 0.0000000000
3711  -30.231  22.390  12.614 0.0000000000
4916  -51.929  30.980  6.416 0.0000000000
4917  -49.435  32.311  8.505 0.0000000000
4918  -51.929  29.507  8.976 0.0000000000
4919  -52.054  28.080  11.843 0.0000000000
4920  -53.722  26.921  9.754 0.0000000000
4922  -52.782  25.638  7.966 0.0000000000
4923  -44.822  26.259  6.696 0.0000000000
4924  -46.425  24.778  7.588 0.0000000000
4925  -43.180  24.324  7.995 0.0000000000
4929  -38.887  24.946  8.699 0.0000000000
4930  -38.440  29.894  4.701 0.0000000000
4931  -36.423  27.914  7.457 0.0000000000
4932  -35.221  29.394  6.547 0.0000000000
4933  -32.358  28.645  8.397 0.0000000000
4934  -34.208  30.726  5.446 0.0000000000
4935  -48.027  34.088  -5.523 0.0000000000
4936  -45.744  33.829  -3.206 0.0000000000
4937  -45.016  33.544  -5.173 0.0000000000
4938  -38.743  31.358  -4.002 0.0000000000
4939  -38.750  32.428  -2.704 0.0000000000
4940  -35.584  31.942  -0.802 0.0000000000
4941  -32.718  31.719  2.511 0.0000000000
4942  -32.439  31.418  0.869 0.0000000000
4944  -32.640  30.584  -0.644 0.0000000000
5953  -41.103  41.724  -6.434 0.0000000000
5954  -42.822  39.409  -7.658 0.0000000000
6692  -47.268  36.820  3.509 0.0000000000
6693  -47.444  35.998  6.322 0.0000000000
6694  -50.029  34.858  4.610 0.0000000000
6695  -51.859  32.217  4.487 0.0000000000
6696  -52.225  29.346  4.807 0.0000000000
6697  -51.280  26.890  5.978 0.0000000000
6698  -49.603  28.710  4.631 0.0000000000
6699  -46.448  28.154  4.994 0.0000000000
6700  -43.386  27.654  5.607 0.0000000000
6701  -40.508  27.024  6.778 0.0000000000
6702  -42.454  29.081  4.387 0.0000000000
6703  -41.537  30.336  3.164 0.0000000000
6704  -40.745  31.382  1.870 0.0000000000
6705  -47.543  32.055  -9.009 0.0000000000
6706  -44.697  32.558  -6.936 0.0000000000
6707  -44.921  30.892  -8.310 0.0000000000
6708  -42.048  30.119  -6.774 0.0000000000
6709  -39.288  29.753  -5.038 0.0000000000
6710  -36.286  29.538  -3.358 0.0000000000
6711  -40.053  27.541  -6.350 0.0000000000
7647  -43.050  41.184  1.337 0.0000000000
7648  -44.986  38.952  2.153 0.0000000000
7649  -47.520  38.340  0.696 0.0000000000
7650  -49.774  37.203  -0.541 0.0000000000
7651  -50.554  35.464  -1.566 0.0000000000
7652  -49.296  34.072  -1.659 0.0000000000
7653  -50.273  36.054  -3.505 0.0000000000
7654  -49.570  35.782  -5.758 0.0000000000
7655  -48.871  34.789  -7.743 0.0000000000
7656  -44.937  37.436  -8.698 0.0000000000
7657  -47.156  35.776  -9.334 0.0000000000
7658  -48.337  33.827  -9.491 0.0000000000
7692  -27.603  24.871  10.324 0.0000000000
9224  -43.706  32.215  11.475 0.0000000000
9225  -47.028  34.556  8.433 0.0000000000
9226  -46.600  32.626  10.066 0.0000000000
9227  -46.412  30.252  12.071 0.0000000000
9234  -49.844  25.165  7.529 0.0000000000
9243  -37.651  26.353  8.168 0.0000000000
9244  -34.923  25.489  9.741 0.0000000000
9245  -32.481  24.207  11.308 0.0000000000
9246  -31.068  25.795  10.842 0.0000000000
9247  -29.723  27.242  9.898 0.0000000000
9248  -28.562  28.236  8.385 0.0000000000
9249  -46.378  33.277  -1.305 0.0000000000
9250  -43.320  32.745  -0.683 0.0000000000
9251  -40.033  32.273  0.483 0.0000000000
9252  -41.788  33.028  -4.365 0.0000000000
9253  -39.206  32.730  -1.145 0.0000000000
9254  -36.627  31.933  2.233 0.0000000000
9255  -33.394  31.451  4.166 0.0000000000
9256  -30.364  30.534  5.722 0.0000000000
9257  -27.810  28.747  6.443 0.0000000000
10758  -50.672  33.740  -0.076 0.0000000000
10759  -51.011  33.218  0.803 0.0000000000
10760  -50.252  32.599  0.681 0.0000000000
10761  -49.407  31.745  1.448 0.0000000000
10762  -48.924  32.223  0.723 0.0000000000
10763  -47.481  31.909  0.996 0.0000000000
10764  -48.512  32.670  0.062 0.0000000000
10791  -26.637  25.810  7.467 0.0000000000
11358  -42.417  40.595  -4.489 0.0000000000
11359  -42.843  40.920  -3.256 0.0000000000
11360  -44.030  39.921  -3.889 0.0000000000
11361  -45.697  39.604  -3.530 0.0000000000
11362  -45.254  39.185  -4.678 0.0000000000
11363  -46.298  38.693  -5.372 0.0000000000
11364  -44.655  38.835  -5.896 0.0000000000
11389  -30.598  19.972  13.223 0.0000000000
11390  -29.819  20.592  13.056 0.0000000000
11391  -31.008  21.688  12.759 0.0000000000
12596  -52.659  29.467  6.677 0.0000000000
12597  -51.893  30.214  7.621 0.0000000000
12598  -52.830  28.827  7.984 0.0000000000
12599  -52.984  28.252  9.447 0.0000000000
12600  -53.494  27.469  8.348 0.0000000000
12601  -53.653  26.246  8.693 0.0000000000
12602  -53.159  26.716  7.427 0.0000000000
12603  -43.267  26.035  7.017 0.0000000000
12604  -43.985  25.368  7.379 0.0000000000
12605  -42.443  25.104  7.799 0.0000000000
12607  -40.873  24.794  8.305 0.0000000000
12609  -40.245  25.383  8.087 0.0000000000
12610  -37.918  30.537  4.108 0.0000000000
12611  -36.796  29.670  5.592 0.0000000000
12612  -36.280  30.370  5.040 0.0000000000
12613  -34.737  30.131  5.987 0.0000000000
12614  -35.797  30.964  4.473 0.0000000000
12615  -47.778  33.664  -6.472 0.0000000000
12616  -46.601  33.728  -5.355 0.0000000000
12617  -46.367  33.313  -6.274 0.0000000000
12618  -37.280  31.209  -3.061 0.0000000000
12619  -37.157  31.759  -2.442 0.0000000000
12620  -35.564  31.570  -1.497 0.0000000000
12621  -34.026  31.708  0.047 0.0000000000
12622  -33.983  31.335  -0.606 0.0000000000
12623  -32.489  31.037  0.108 0.0000000000
12624  -34.141  30.807  -1.271 0.0000000000
14993  -48.607  36.336  2.760 0.0000000000
14994  -48.713  35.899  4.228 0.0000000000
14995  -49.880  35.315  3.276 0.0000000000
14996  -51.670  32.098  2.654 0.0000000000
14997  -51.663  32.863  3.499 0.0000000000
14998  -52.000  31.418  3.589 0.0000000000
14999  -52.279  30.779  4.533 0.0000000000
15000  -51.739  30.094  3.939 0.0000000000
15001  -51.083  28.892  4.550 0.0000000000
15002  -50.512  29.743  3.760 0.0000000000
15003  -46.954  29.993  3.271 0.0000000000
15004  -47.404  29.227  4.040 0.0000000000
15005  -45.884  28.932  4.201 0.0000000000
15006  -44.960  27.884  5.179 0.0000000000
15007  -44.351  28.668  4.491 0.0000000000
15008  -42.874  28.340  4.982 0.0000000000
15009  -43.889  29.385  3.871 0.0000000000
15010  -44.273  31.413  1.498 0.0000000000
15011  -43.108  30.605  2.596 0.0000000000
15012  -42.750  31.149  1.878 0.0000000000
15013  -41.150  30.882  2.460 0.0000000000
15014  -42.346  31.606  1.236 0.0000000000
15016  -46.340  31.417  -8.704 0.0000000000
15019  -43.818  29.425  -8.067 0.0000000000
15020  -42.472  29.039  -7.315 0.0000000000
15021  -40.698  29.886  -5.925 0.0000000000
15022  -41.061  28.796  -6.473 0.0000000000
15023  -39.673  28.695  -5.662 0.0000000000
15024  -41.464  27.643  -7.082 0.0000000000
16796  -43.822  41.399  -0.943 0.0000000000
16797  -42.802  41.846  -0.100 0.0000000000
16798  -44.241  41.020  0.492 0.0000000000
16799  -44.047  40.142  1.756 0.0000000000
16800  -45.306  39.935  0.992 0.0000000000
16801  -46.250  38.697  1.508 0.0000000000
16802  -46.527  39.699  0.180 0.0000000000
16803  -48.684  38.817  -2.476 0.0000000000
16804  -48.786  38.611  -1.222 0.0000000000
16805  -49.726  37.714  -1.739 0.0000000000
16806  -50.419  36.316  -1.136 0.0000000000
16807  -50.372  36.812  -2.230 0.0000000000
16808  -50.436  35.871  -2.461 0.0000000000
16809  -50.156  37.067  -3.289 0.0000000000
16810  -48.276  37.433  -6.515 0.0000000000
16811  -49.386  36.845  -5.646 0.0000000000
16812  -48.943  36.451  -6.798 0.0000000000
16813  -49.206  35.284  -6.794 0.0000000000
16814  -48.623  35.900  -7.812 0.0000000000
16815  -42.811  39.642  -8.990 0.0000000000
16816  -43.840  38.382  -8.236 0.0000000000
16821  -47.962  34.871  -9.490 0.0000000000
16892  -28.380  21.865  12.191 0.0000000000
16894  -27.756  22.456  11.524 0.0000000000
16896  -28.146  24.323  11.104 0.0000000000
20505  -43.842  33.479  10.608 0.0000000000
20506  -48.713  35.046  6.781 0.0000000000
20507  -47.214  35.363  7.545 0.0000000000
20508  -48.433  34.298  7.607 0.0000000000
20509  -49.389  31.390  9.611 0.0000000000
20510  -48.046  32.631  9.361 0.0000000000
20511  -47.931  31.521  10.371 0.0000000000
20512  -46.478  31.418  11.005 0.0000000000
20513  -47.925  30.447  11.457 0.0000000000
20514  -47.939  29.426  12.630 0.0000000000
20515  -49.367  29.431  11.994 0.0000000000
20516  -53.211  26.921  12.244 0.0000000000
20528  -49.696  26.712  6.060 0.0000000000
20529  -50.595  26.028  6.770 0.0000000000
20530  -48.920  25.883  6.806 0.0000000000
20550  -39.970  27.800  6.317 0.0000000000
20551  -39.061  26.704  7.446 0.0000000000
20552  -38.479  27.488  7.081 0.0000000000
20553  -35.054  27.543  8.315 0.0000000000
20554  -35.609  26.741  8.656 0.0000000000
20555  -34.284  26.278  9.503 0.0000000000
20557  -33.008  25.697  10.327 0.0000000000
20558  -31.753  25.031  11.091 0.0000000000
20559  -32.368  26.512  10.037 0.0000000000
20560  -31.822  29.297  7.841 0.0000000000
20561  -31.006  28.034  9.236 0.0000000000
20562  -30.404  28.673  8.611 0.0000000000
20563  -29.077  27.820  9.185 0.0000000000
20564  -29.871  29.177  7.911 0.0000000000
20565  -49.019  34.360  -2.531 0.0000000000
20566  -47.875  33.581  -1.499 0.0000000000
20567  -47.592  33.950  -2.405 0.0000000000
20568  -44.114  33.513  -2.925 0.0000000000
20569  -44.497  33.321  -1.978 0.0000000000
20570  -42.938  33.053  -1.598 0.0000000000
20571  -41.715  32.526  -0.181 0.0000000000
20572  -41.305  32.802  -1.058 0.0000000000
20573  -43.126  32.204  -6.503 0.0000000000
20574  -43.188  32.871  -5.751 0.0000000000
20575  -41.612  32.577  -5.135 0.0000000000
20576  -37.320  32.423  -0.973 0.0000000000
20577  -38.917  32.690  -1.922 0.0000000000
20578  -37.561  32.473  -0.180 0.0000000000
20579  -37.902  32.374  0.580 0.0000000000
20580  -36.263  32.170  1.533 0.0000000000
20581  -35.003  31.705  3.227 0.0000000000
20582  -34.661  31.903  2.488 0.0000000000
20583  -31.154  31.324  3.243 0.0000000000
20584  -31.459  31.295  4.182 0.0000000000
20585  -30.046  30.738  4.780 0.0000000000
20586  -28.955  29.788  6.184 0.0000000000
20587  -28.684  29.926  5.188 0.0000000000
20588  -27.572  28.904  5.352 0.0000000000
20589  -28.519  29.931  4.123 0.0000000000
20595  -36.554  28.586  -4.062 0.0000000000
20596  -34.612  29.417  -2.697 0.0000000000
23972  -50.550  35.087  1.036 0.0000000000
23973  -50.776  34.610  2.268 0.0000000000
23974  -51.206  33.893  1.412 0.0000000000
23975  -51.348  32.700  1.770 0.0000000000
23976  -50.952  31.525  2.229 0.0000000000
23977  -50.043  30.516  2.934 0.0000000000
23978  -49.644  31.242  2.141 0.0000000000
23979  -48.169  30.920  2.263 0.0000000000
23980  -46.573  30.727  2.471 0.0000000000
23981  -45.062  30.432  2.822 0.0000000000
23982  -46.281  31.237  1.798 0.0000000000
23983  -45.878  31.672  1.202 0.0000000000
23984  -45.491  32.091  0.532 0.0000000000
25054  -41.821  42.037  -2.607 0.0000000000
25055  -43.323  41.284  -2.180 0.0000000000
25056  -44.933  40.778  -1.737 0.0000000000
25057  -46.439  40.240  -1.165 0.0000000000
25058  -46.121  40.121  -2.417 0.0000000000
25059  -47.310  39.424  -3.139 0.0000000000
25060  -48.407  38.639  -3.799 0.0000000000
25061  -49.209  37.988  -4.207 0.0000000000
25062  -47.928  38.458  -4.886 0.0000000000
25063  -47.332  38.136  -6.047 0.0000000000
25064  -46.849  37.632  -7.129 0.0000000000
25111  -28.833  19.381  12.920 0.0000000000
25112  -29.092  21.257  12.714 0.0000000000
25113  -29.447  23.084  12.290 0.0000000000
27279  -44.000  35.380  8.516 0.0000000000
27280  -50.923  32.495  6.496 0.0000000000
27281  -49.575  33.119  7.505 0.0000000000
27282  -50.819  31.702  7.496 0.0000000000
27283  -50.697  30.897  8.641 0.0000000000
27284  -50.717  30.087  9.945 0.0000000000
27285  -50.765  29.244  11.260 0.0000000000
27286  -52.001  28.849  10.408 0.0000000000
27287  -53.068  27.644  10.884 0.0000000000
27288  -53.928  26.351  11.097 0.0000000000
27290  -54.013  25.675  10.038 0.0000000000
27291  -53.397  25.109  9.040 0.0000000000
27293  -46.417  26.458  6.406 0.0000000000
27294  -47.238  25.739  6.964 0.0000000000
27295  -45.596  25.560  7.090 0.0000000000
27296  -44.780  24.542  7.698 0.0000000000
27306  -38.974  29.249  5.282 0.0000000000
27307  -37.946  28.252  6.613 0.0000000000
27308  -37.350  28.983  6.133 0.0000000000
27309  -35.804  28.693  6.995 0.0000000000
27310  -34.411  28.297  7.915 0.0000000000
27311  -33.025  27.847  8.861 0.0000000000
27312  -33.785  29.048  7.480 0.0000000000
27313  -33.261  29.782  6.924 0.0000000000
27314  -32.713  30.361  6.390 0.0000000000
27315  -48.429  34.436  -4.559 0.0000000000
27316  -47.284  34.159  -3.348 0.0000000000
27317  -46.957  34.069  -4.377 0.0000000000
27318  -45.354  33.787  -4.208 0.0000000000
27319  -43.733  33.497  -3.927 0.0000000000
27320  -40.202  31.567  -4.949 0.0000000000
27321  -40.153  32.237  -4.339 0.0000000000
27322  -38.671  31.947  -3.433 0.0000000000
27323  -37.192  32.194  -1.738 0.0000000000
27324  -35.707  32.159  -0.034 0.0000000000
27325  -34.343  31.989  1.683 0.0000000000
27326  -34.126  31.942  0.868 0.0000000000
27327  -32.494  31.655  1.658 0.0000000000
27328  -31.013  31.183  2.372 0.0000000000
27329  -29.714  30.591  2.855 0.0000000000
27330  -31.049  30.989  1.477 0.0000000000
29250  -41.235  41.695  -5.106 0.0000000000
29251  -42.152  40.383  -5.869 0.0000000000
29252  -43.057  39.391  -6.456 0.0000000000
29253  -41.921  40.563  -7.030 0.0000000000
30974  -45.924  37.217  4.129 0.0000000000
30975  -45.980  36.809  5.513 0.0000000000
30976  -47.351  36.453  4.940 0.0000000000
30977  -48.782  35.544  5.598 0.0000000000
30978  -49.980  34.447  5.819 0.0000000000
30979  -50.934  34.195  3.545 0.0000000000
30980  -51.030  33.659  4.657 0.0000000000
30981  -51.066  33.074  5.641 0.0000000000
30982  -51.957  31.624  5.462 0.0000000000
30983  -52.536  30.122  5.520 0.0000000000
30984  -52.707  28.650  5.762 0.0000000000
30985  -52.608  27.270  6.183 0.0000000000
30986  -51.865  28.010  5.325 0.0000000000
30987  -50.438  27.726  5.318 0.0000000000
30988  -48.827  27.590  5.480 0.0000000000
30989  -49.005  29.561  3.871 0.0000000000
30990  -48.015  28.444  4.814 0.0000000000
30991  -47.216  27.385  5.654 0.0000000000
30992  -45.655  27.140  5.895 0.0000000000
30993  -44.089  26.905  6.168 0.0000000000
30994  -42.514  26.696  6.609 0.0000000000
30995  -41.052  26.351  7.172 0.0000000000
30996  -41.965  27.345  6.138 0.0000000000
30997  -41.411  28.059  5.624 0.0000000000
30998  -40.937  28.811  5.063 0.0000000000
30999  -43.522  30.072  3.249 0.0000000000
31000  -42.012  29.724  3.793 0.0000000000
31001  -40.474  29.494  4.520 0.0000000000
31002  -40.014  30.119  3.891 0.0000000000
31003  -39.578  30.699  3.270 0.0000000000
31004  -39.127  31.249  2.625 0.0000000000
31005  -47.544  32.605  -8.167 0.0000000000
31006  -46.271  32.851  -7.137 0.0000000000
31007  -46.221  32.175  -7.944 0.0000000000
31008  -44.714  31.784  -7.665 0.0000000000
31009  -43.208  31.392  -7.127 0.0000000000
31010  -45.228  29.971  -8.768 0.0000000000
31011  -43.443  30.466  -7.638 0.0000000000
31012  -41.795  31.018  -6.357 0.0000000000
31013  -40.420  30.775  -5.452 0.0000000000
31014  -38.951  30.641  -4.469 0.0000000000
31015  -37.505  30.489  -3.576 0.0000000000
31016  -35.933  30.344  -2.703 0.0000000000
31017  -37.811  29.635  -4.161 0.0000000000
31018  -38.224  28.631  -4.862 0.0000000000
31019  -38.515  27.500  -5.594 0.0000000000
31022  -38.902  26.373  -6.383 0.0000000000
33376  -44.669  38.070  3.396 0.0000000000
33377  -46.029  37.798  2.826 0.0000000000
33378  -47.347  37.395  2.122 0.0000000000
33379  -48.648  36.931  1.359 0.0000000000
33380  -47.681  39.287  -0.581 0.0000000000
33381  -48.766  37.883  0.008 0.0000000000
33382  -49.741  36.363  0.613 0.0000000000
33383  -50.466  35.689  -0.079 0.0000000000
33384  -50.725  34.952  -0.616 0.0000000000
33385  -50.408  34.212  -0.908 0.0000000000
33386  -49.520  33.604  -0.826 0.0000000000
33387  -50.202  34.654  -1.684 0.0000000000
33388  -50.016  35.023  -2.563 0.0000000000
33389  -49.802  35.159  -3.577 0.0000000000
33390  -49.827  37.081  -4.459 0.0000000000
33391  -49.968  35.980  -4.634 0.0000000000
33392  -49.457  35.074  -4.644 0.0000000000
33393  -49.126  34.745  -5.674 0.0000000000
33394  -48.805  34.320  -6.638 0.0000000000
33395  -48.560  33.825  -7.533 0.0000000000
33396  -44.143  38.553  -7.080 0.0000000000
33397  -45.277  37.787  -7.634 0.0000000000
33398  -46.421  37.077  -8.062 0.0000000000
33400  -46.051  36.616  -9.056 0.0000000000
33401  -47.511  36.308  -8.424 0.0000000000
33402  -48.311  35.360  -8.651 0.0000000000
33403  -48.628  34.284  -8.580 0.0000000000
33404  -48.354  33.316  -8.393 0.0000000000
33405  -48.205  32.839  -9.253 0.0000000000
33498  -27.143  25.285  9.412 0.0000000000
37917  -45.867  36.167  6.946 0.0000000000
37918  -45.650  35.379  8.065 0.0000000000
37919  -45.501  34.612  9.058 0.0000000000
37920  -48.197  33.524  8.434 0.0000000000
37921  -46.792  33.684  9.220 0.0000000000
37922  -45.328  33.646  9.944 0.0000000000
37923  -45.216  32.452  10.812 0.0000000000
37924  -45.051  31.169  11.662 0.0000000000
37926  -46.398  29.226  13.235 0.0000000000
37944  -52.086  26.209  6.885 0.0000000000
37945  -51.425  25.321  7.597 0.0000000000
37947  -48.073  24.950  7.538 0.0000000000
37971  -39.639  25.963  7.811 0.0000000000
37972  -38.282  25.624  8.474 0.0000000000
37973  -36.933  25.210  9.218 0.0000000000
37974  -37.026  27.095  7.826 0.0000000000
37975  -36.249  25.940  8.962 0.0000000000
37980  -31.301  23.452  12.022 0.0000000000
37981  -30.537  24.213  11.793 0.0000000000
37982  -29.847  24.885  11.441 0.0000000000
37983  -31.673  27.300  9.709 0.0000000000
37984  -30.395  26.556  10.436 0.0000000000
37985  -29.184  25.581  10.931 0.0000000000
37986  -28.519  26.171  10.266 0.0000000000
37987  -27.964  26.680  9.480 0.0000000000
37988  -27.513  27.071  8.564 0.0000000000
37989  -48.164  33.134  -0.661 0.0000000000
37990  -46.674  32.787  -0.451 0.0000000000
37991  -45.184  32.559  -0.221 0.0000000000
37992  -46.074  33.643  -2.239 0.0000000000
37993  -44.884  33.003  -1.065 0.0000000000
37994  -43.600  32.327  0.137 0.0000000000
37995  -42.108  32.080  0.599 0.0000000000
37996  -40.436  31.855  1.197 0.0000000000
37997  -38.751  31.715  1.960 0.0000000000
37998  -44.780  33.146  -6.101 0.0000000000
37999  -43.454  33.313  -4.866 0.0000000000
38000  -42.097  33.246  -3.479 0.0000000000
38001  -40.268  32.720  -3.604 0.0000000000
38002  -40.523  32.954  -2.831 0.0000000000
38003  -40.822  32.970  -1.956 0.0000000000
38004  -39.578  32.556  -0.308 0.0000000000
38005  -38.313  32.095  1.320 0.0000000000
38006  -37.034  31.589  2.888 0.0000000000
38007  -35.364  31.429  3.859 0.0000000000
38008  -33.809  31.203  4.821 0.0000000000
38009  -32.275  30.828  5.746 0.0000000000
38010  -33.033  31.641  3.380 0.0000000000
38011  -31.841  31.112  5.010 0.0000000000
38012  -30.782  30.277  6.534 0.0000000000
38013  -29.399  29.541  7.109 0.0000000000
38014  -28.121  28.517  7.464 0.0000000000
38015  -27.156  27.316  7.542 0.0000000000
38016  -26.930  27.490  6.495 0.0000000000
38025  -34.390  30.172  -1.966 0.0000000000
41478  -50.319  33.389  -0.128 0.0000000000
41479  -50.515  33.141  0.291 0.0000000000
41480  -50.064  32.846  0.268 0.0000000000
41481  -49.658  32.376  0.676 0.0000000000
41482  -49.395  32.637  0.281 0.0000000000
41483  -48.706  32.451  0.402 0.0000000000
41484  -49.190  32.852  -0.059 0.0000000000
41507  -26.755  24.683  8.746 0.0000000000
41511  -26.734  25.725  7.982 0.0000000000
42078  -42.975  40.036  -4.824 0.0000000000
42079  -43.169  40.197  -4.149 0.0000000000
42080  -43.772  39.703  -4.496 0.0000000000
42081  -44.663  39.493  -4.253 0.0000000000
42082  -44.413  39.329  -4.938 0.0000000000
42083  -44.949  39.010  -5.283 0.0000000000
42084  -44.127  39.147  -5.566 0.0000000000
42110  -30.802  20.833  13.010 0.0000000000
43315  -44.421  37.297  5.321 0.0000000000
43316  -52.950  28.716  6.808 0.0000000000
43317  -52.761  29.143  7.295 0.0000000000
43318  -53.126  28.406  7.479 0.0000000000
43319  -53.217  28.135  8.163 0.0000000000
43320  -53.326  27.723  7.637 0.0000000000
43321  -53.409  27.079  7.844 0.0000000000
43322  -53.186  27.333  7.167 0.0000000000
43323  -42.491  25.925  7.239 0.0000000000
43324  -42.857  25.586  7.414 0.0000000000
43325  -42.078  25.448  7.651 0.0000000000
43326  -41.660  24.959  8.029 0.0000000000
43327  -41.275  25.283  7.897 0.0000000000
43328  -40.574  25.096  8.201 0.0000000000
43329  -40.943  25.579  7.780 0.0000000000
43330  -37.676  30.870  3.760 0.0000000000
43331  -37.116  30.467  4.543 0.0000000000
43332  -36.845  30.780  4.274 0.0000000000
43333  -36.024  30.675  4.763 0.0000000000
43334  -36.623  31.045  3.995 0.0000000000
43335  -47.685  33.401  -6.898 0.0000000000
43336  -47.126  33.444  -6.365 0.0000000000
43337  -47.043  33.239  -6.792 0.0000000000
43338  -36.488  31.096  -2.578 0.0000000000
43339  -36.396  31.409  -2.266 0.0000000000
43340  -35.611  31.315  -1.802 0.0000000000
43341  -34.772  31.477  -1.031 0.0000000000
43342  -34.821  31.205  -1.350 0.0000000000
43343  -34.040  31.096  -0.931 0.0000000000
43344  -34.882  30.931  -1.647 0.0000000000
45713  -49.218  36.055  2.382 0.0000000000
45714  -49.262  35.833  3.090 0.0000000000
45715  -49.803  35.514  2.612 0.0000000000
45716  -51.573  31.459  2.809 0.0000000000
45717  -51.828  31.773  3.109 0.0000000000
45718  -51.737  31.117  3.278 0.0000000000
45719  -51.947  30.737  3.748 0.0000000000
45720  -51.503  30.479  3.513 0.0000000000
45721  -51.179  29.887  3.803 0.0000000000
45722  -50.946  30.279  3.382 0.0000000000
45723  -46.174  29.865  3.361 0.0000000000
45724  -46.384  29.466  3.750 0.0000000000
45725  -45.631  29.334  3.843 0.0000000000
45726  -45.133  28.795  4.324 0.0000000000
45727  -44.838  29.199  3.976 0.0000000000
45728  -44.096  29.018  4.180 0.0000000000
45729  -44.639  29.563  3.664 0.0000000000
45730  -44.096  31.657  1.179 0.0000000000
45731  -43.483  31.270  1.683 0.0000000000
45732  -43.333  31.540  1.335 0.0000000000
45733  -42.549  31.397  1.546 0.0000000000
45734  -43.152  31.759  1.021 0.0000000000
45739  -43.345  28.674  -7.940 0.0000000000
45740  -42.619  28.455  -7.556 0.0000000000
45741  -41.764  28.891  -6.909 0.0000000000
45742  -41.927  28.317  -7.164 0.0000000000
45743  -41.233  28.257  -6.740 0.0000000000
45744  -42.174  27.705  -7.483 0.0000000000
47516  -44.594  41.069  -0.653 0.0000000000
47517  -44.054  41.274  -0.229 0.0000000000
47518  -44.740  40.849  0.068 0.0000000000
47519  -44.792  40.500  0.751 0.0000000000
47520  -45.345  40.369  0.339 0.0000000000
47521  -45.931  39.828  0.572 0.0000000000
47522  -45.943  40.232  -0.089 0.0000000000
47523  -49.143  38.390  -2.752 0.0000000000
47524  -49.205  38.328  -2.123 0.0000000000
47525  -49.652  37.879  -2.369 0.0000000000
47526  -50.090  37.270  -2.014 0.0000000000
47527  -50.090  37.416  -2.580 0.0000000000
47528  -50.248  36.961  -2.745 0.0000000000
47529  -49.889  37.516  -3.167 0.0000000000
47530  -48.086  37.188  -7.035 0.0000000000
47531  -48.662  36.986  -6.698 0.0000000000
47532  -48.446  36.725  -7.230 0.0000000000
47533  -48.767  36.178  -7.336 0.0000000000
47534  -48.284  36.466  -7.723 0.0000000000
47612  -28.543  22.834  12.020 0.0000000000
47613  -28.052  22.173  11.887 0.0000000000
47614  -28.219  23.122  11.711 0.0000000000
47615  -27.930  23.382  11.340 0.0000000000
47616  -28.441  24.050  11.468 0.0000000000
51221  -43.102  34.893  9.246 0.0000000000
51223  -43.044  34.370  9.769 0.0000000000
51224  -43.047  33.856  10.347 0.0000000000
51225  -43.834  33.975  10.046 0.0000000000
51226  -49.285  34.448  6.803 0.0000000000
51227  -48.593  34.695  7.242 0.0000000000
51228  -49.149  34.097  7.196 0.0000000000
51229  -49.362  30.874  10.185 0.0000000000
51230  -48.673  31.492  10.010 0.0000000000
51231  -48.653  30.947  10.560 0.0000000000
51232  -47.928  30.940  10.910 0.0000000000
51233  -48.640  30.417  11.125 0.0000000000
51234  -48.658  29.966  11.692 0.0000000000
51235  -49.338  29.911  11.352 0.0000000000
51248  -48.860  26.671  6.133 0.0000000000
51249  -49.308  26.301  6.424 0.0000000000
51250  -48.470  26.239  6.498 0.0000000000
51270  -39.708  28.171  6.072 0.0000000000
51271  -39.248  27.660  6.673 0.0000000000
51272  -38.974  28.035  6.445 0.0000000000
51273  -34.365  27.317  8.774 0.0000000000
51274  -34.647  26.923  8.930 0.0000000000
51275  -33.976  26.680  9.375 0.0000000000
51276  -33.648  25.990  9.937 0.0000000000
51277  -33.332  26.400  9.790 0.0000000000
51278  -32.675  26.108  10.197 0.0000000000
51279  -33.016  26.795  9.654 0.0000000000
51280  -31.551  29.625  7.525 0.0000000000
51281  -31.103  29.005  8.263 0.0000000000
51282  -30.835  29.298  7.927 0.0000000000
51283  -30.121  28.969  8.271 0.0000000000
51284  -30.559  29.549  7.624 0.0000000000
51285  -48.892  34.471  -3.010 0.0000000000
51286  -48.331  34.123  -2.470 0.0000000000
51287  -48.207  34.258  -2.956 0.0000000000
51288  -43.328  33.398  -2.793 0.0000000000
51289  -43.511  33.302  -2.272 0.0000000000
51290  -42.729  33.181  -2.083 0.0000000000
51291  -42.157  32.930  -1.367 0.0000000000
51292  -41.891  33.042  -1.810 0.0000000000
51293  -42.397  32.068  -6.185 0.0000000000
51294  -42.370  32.415  -5.847 0.0000000000
51295  -41.628  32.277  -5.508 0.0000000000
51296  -36.601  32.339  -0.094 0.0000000000
51297  -37.413  32.470  -0.553 0.0000000000
51298  -36.721  32.344  0.303 0.0000000000
51299  -36.884  32.324  0.694 0.0000000000
51300  -36.076  32.205  1.153 0.0000000000
51301  -35.466  32.044  2.009 0.0000000000
51302  -35.292  32.094  1.631 0.0000000000
51303  -30.434  31.021  3.576 0.0000000000
51304  -30.573  31.064  4.028 0.0000000000
51305  -29.877  30.737  4.288 0.0000000000
51306  -29.336  30.336  5.015 0.0000000000
51307  -29.203  30.369  4.492 0.0000000000
51308  -28.594  29.957  4.630 0.0000000000
51309  -29.135  30.370  3.981 0.0000000000
51315  -36.708  28.038  -4.493 0.0000000000
51316  -35.719  28.562  -3.782 0.0000000000
55313  -50.808  34.762  0.658 0.0000000000
55314  -50.938  34.490  1.222 0.0000000000
55315  -51.058  34.149  0.858 0.0000000000
55316  -50.873  32.667  1.128 0.0000000000
55317  -51.192  32.970  1.301 0.0000000000
55318  -51.066  32.406  1.557 0.0000000000
55319  -51.231  32.106  1.974 0.0000000000
55320  -50.782  31.861  1.839 0.0000000000
55321  -50.342  31.373  2.157 0.0000000000
55322  -50.227  31.689  1.770 0.0000000000
55323  -48.632  31.614  1.507 0.0000000000
55324  -48.776  31.352  1.838 0.0000000000
55325  -48.006  31.227  1.906 0.0000000000
55326  -47.398  30.815  2.323 0.0000000000
55327  -47.207  31.156  2.013 0.0000000000
55328  -46.430  31.025  2.116 0.0000000000
55329  -47.064  31.359  1.685 0.0000000000
55330  -47.275  32.117  0.650 0.0000000000
55331  -46.696  31.788  1.077 0.0000000000
55332  -46.494  31.981  0.752 0.0000000000
55333  -45.684  31.862  0.878 0.0000000000
55334  -46.270  32.177  0.414 0.0000000000
57115  -41.603  41.925  -3.196 0.0000000000
57116  -43.659  40.637  -3.036 0.0000000000
57117  -43.082  41.099  -2.701 0.0000000000
57118  -43.896  40.844  -2.514 0.0000000000
57119  -44.129  41.018  -1.967 0.0000000000
57120  -44.714  40.635  -2.328 0.0000000000
57121  -45.513  40.450  -2.090 0.0000000000
57122  -45.321  40.262  -2.678 0.0000000000
57123  -46.297  39.281  -3.906 0.0000000000
57124  -46.502  39.524  -3.367 0.0000000000
57125  -47.106  39.189  -3.715 0.0000000000
57126  -47.880  39.062  -3.475 0.0000000000
57127  -47.709  38.860  -4.071 0.0000000000
57128  -48.194  38.572  -4.342 0.0000000000
57129  -47.429  38.722  -4.589 0.0000000000
57130  -46.004  38.479  -5.972 0.0000000000
57131  -46.826  38.419  -5.725 0.0000000000
57132  -46.547  38.192  -6.314 0.0000000000
57133  -47.061  37.897  -6.619 0.0000000000
57134  -46.274  37.941  -6.879 0.0000000000
57211  -29.177  19.066  13.127 0.0000000000
57212  -30.013  21.498  12.866 0.0000000000
57213  -29.459  20.959  12.911 0.0000000000
57214  -29.635  21.857  12.731 0.0000000000
57215  -29.257  22.175  12.532 0.0000000000
57216  -29.831  22.730  12.461 0.0000000000
60824  -43.234  35.767  8.181 0.0000000000
60825  -44.079  35.779  7.943 0.0000000000
60826  -51.428  31.768  6.443 0.0000000000
60827  -50.848  32.152  6.965 0.0000000000
60828  -51.400  31.380  6.953 0.0000000000
60829  -51.892  29.847  8.248 0.0000000000
60830  -51.328  30.564  8.112 0.0000000000
60831  -51.323  30.163  8.723 0.0000000000
60832  -50.689  30.479  9.273 0.0000000000
60833  -51.350  29.808  9.443 0.0000000000
60834  -51.369  29.460  10.166 0.0000000000
60835  -51.989  29.174  9.692 0.0000000000
60836  -53.389  27.587  9.649 0.0000000000
60837  -53.024  27.960  10.185 0.0000000000
60838  -53.467  27.302  10.296 0.0000000000
60839  -53.543  27.002  10.998 0.0000000000
60840  -53.831  26.647  10.440 0.0000000000
60841  -54.065  26.019  10.588 0.0000000000
60842  -53.916  26.290  9.897 0.0000000000
60843  -53.299  25.879  8.276 0.0000000000
60844  -53.589  25.651  8.873 0.0000000000
60845  -53.120  25.336  8.510 0.0000000000
60847  -52.520  25.152  8.234 0.0000000000
60848  -45.615  26.366  6.538 0.0000000000
60849  -45.997  26.043  6.733 0.0000000000
60850  -45.193  25.934  6.874 0.0000000000
60851  -43.579  24.855  7.707 0.0000000000
60852  -44.368  24.957  7.543 0.0000000000
60853  -43.988  24.432  7.832 0.0000000000
60870  -38.700  29.576  5.001 0.0000000000
60871  -38.180  29.131  5.711 0.0000000000
60872  -37.900  29.461  5.425 0.0000000000
60873  -35.990  29.548  6.062 0.0000000000
60874  -36.267  29.195  6.309 0.0000000000
60875  -35.523  29.062  6.761 0.0000000000
60876  -35.107  28.518  7.451 0.0000000000
60877  -34.781  28.853  7.244 0.0000000000
60878  -34.088  28.656  7.706 0.0000000000
60879  -34.463  29.210  7.028 0.0000000000
60880  -34.463  30.431  5.710 0.0000000000
60881  -33.990  29.979  6.455 0.0000000000
60882  -33.699  30.288  6.189 0.0000000000
60883  -32.970  30.084  6.663 0.0000000000
60884  -33.474  30.562  5.909 0.0000000000
60885  -48.226  34.268  -5.045 0.0000000000
60886  -47.711  34.221  -4.448 0.0000000000
60887  -47.513  34.062  -4.944 0.0000000000
60888  -45.821  33.619  -5.290 0.0000000000
60889  -45.987  33.797  -4.786 0.0000000000
60890  -45.171  33.656  -4.698 0.0000000000
60891  -44.543  33.606  -4.076 0.0000000000
60892  -44.357  33.557  -4.574 0.0000000000
60893  -39.487  31.441  -4.490 0.0000000000
60894  -39.415  31.789  -4.220 0.0000000000
60895  -38.682  31.667  -3.734 0.0000000000
60896  -36.366  31.876  -1.633 0.0000000000
60897  -37.156  32.017  -2.088 0.0000000000
60898  -36.378  32.065  -1.268 0.0000000000
60899  -36.434  32.199  -0.895 0.0000000000
60900  -35.645  32.072  -0.431 0.0000000000
60901  -34.930  32.030  0.422 0.0000000000
60902  -34.853  31.961  0.033 0.0000000000
60903  -33.192  31.572  0.498 0.0000000000
60904  -33.232  31.717  0.846 0.0000000000
60905  -32.456  31.538  1.269 0.0000000000
60906  -31.726  31.432  2.056 0.0000000000
60907  -31.718  31.338  1.617 0.0000000000
60908  -31.050  31.118  1.899 0.0000000000
60909  -31.734  31.221  1.188 0.0000000000
60910  -32.554  30.818  -0.263 0.0000000000
60911  -31.761  30.853  0.412 0.0000000000
64324  -40.755  42.367  -5.365 0.0000000000
64325  -41.163  41.683  -5.795 0.0000000000
64326  -41.673  41.034  -5.489 0.0000000000
64327  -41.572  41.017  -6.173 0.0000000000
64328  -42.001  40.427  -6.446 0.0000000000
64329  -41.488  41.146  -6.748 0.0000000000
68018  -46.594  37.023  3.845 0.0000000000
68019  -46.622  36.834  4.539 0.0000000000
68020  -47.284  36.607  4.232 0.0000000000
68021  -49.397  35.397  4.477 0.0000000000
68022  -48.759  35.710  4.917 0.0000000000
68023  -49.420  35.195  5.123 0.0000000000
68024  -49.432  35.019  5.770 0.0000000000
68025  -50.023  34.642  5.248 0.0000000000
68026  -51.168  34.032  2.379 0.0000000000
68027  -50.850  34.407  2.901 0.0000000000
68028  -51.259  33.820  2.984 0.0000000000
68029  -51.784  32.491  3.999 0.0000000000
68030  -51.449  33.230  4.059 0.0000000000
68031  -51.477  32.962  4.556 0.0000000000
68032  -51.057  33.421  5.156 0.0000000000
68033  -51.526  32.657  5.035 0.0000000000
68034  -51.532  32.352  5.534 0.0000000000
68035  -51.927  31.936  4.975 0.0000000000
68036  -52.304  30.057  4.622 0.0000000000
68037  -52.400  30.447  5.007 0.0000000000
68038  -52.495  29.712  5.106 0.0000000000
68039  -52.648  29.407  5.602 0.0000000000
68040  -52.483  28.984  5.263 0.0000000000
68041  -52.398  28.274  5.492 0.0000000000
68042  -52.078  28.670  5.051 0.0000000000
68043  -50.360  28.790  4.564 0.0000000000
68044  -50.737  28.307  4.916 0.0000000000
68045  -50.000  28.228  4.971 0.0000000000
68046  -49.630  27.664  5.383 0.0000000000
68047  -49.193  28.128  5.048 0.0000000000
68048  -49.313  30.399  2.968 0.0000000000
68049  -49.535  30.051  3.393 0.0000000000
68050  -48.756  29.930  3.467 0.0000000000
68051  -46.889  28.679  4.524 0.0000000000
68052  -47.700  28.845  4.430 0.0000000000
68053  -47.240  28.299  4.905 0.0000000000
68054  -47.614  27.897  5.258 0.0000000000
68055  -46.820  27.769  5.349 0.0000000000
68056  -46.432  27.264  5.756 0.0000000000
68057  -46.041  27.631  5.450 0.0000000000
68058  -44.198  27.767  5.364 0.0000000000
68059  -44.535  27.389  5.681 0.0000000000
68060  -43.752  27.279  5.870 0.0000000000
68061  -43.308  26.804  6.362 0.0000000000
68062  -42.953  27.149  6.095 0.0000000000
68063  -42.228  27.013  6.378 0.0000000000
68064  -42.668  27.499  5.841 0.0000000000
68065  -42.671  28.730  4.665 0.0000000000
68066  -42.145  28.203  5.283 0.0000000000
68067  -41.923  28.576  4.991 0.0000000000
68068  -41.158  28.428  5.361 0.0000000000
68069  -41.701  28.915  4.694 0.0000000000
68070  -44.863  30.718  2.498 0.0000000000
68071  -44.283  30.260  3.029 0.0000000000
68072  -44.088  30.540  2.702 0.0000000000
68073  -42.338  30.445  2.855 0.0000000000
68074  -42.557  30.162  3.182 0.0000000000
68075  -41.789  30.028  3.485 0.0000000000
68076  -41.245  29.607  4.135 0.0000000000
68077  -41.028  29.930  3.854 0.0000000000
68078  -40.257  29.811  4.220 0.0000000000
68079  -40.794  30.228  3.520 0.0000000000
68080  -40.927  31.124  2.162 0.0000000000
68081  -40.381  30.793  2.850 0.0000000000
68082  -40.153  31.042  2.551 0.0000000000
68083  -39.327  30.984  2.960 0.0000000000
68084  -39.969  31.313  2.225 0.0000000000
68085  -47.517  32.338  -8.594 0.0000000000
68086  -46.922  32.367  -8.053 0.0000000000
68087  -46.925  32.055  -8.478 0.0000000000
68088  -45.649  31.149  -8.525 0.0000000000
68089  -45.540  31.567  -8.202 0.0000000000
68090  -44.819  31.347  -8.019 0.0000000000
68091  -43.971  31.599  -7.432 0.0000000000
68092  -44.063  31.153  -7.753 0.0000000000
68096  -42.901  29.775  -7.433 0.0000000000
68097  -43.623  29.947  -7.843 0.0000000000
68098  -42.738  30.275  -7.227 0.0000000000
68099  -42.614  30.738  -7.021 0.0000000000
68100  -41.928  30.564  -6.587 0.0000000000
68101  -41.099  30.891  -5.909 0.0000000000
68102  -41.233  30.454  -6.115 0.0000000000
68103  -40.009  29.818  -5.482 0.0000000000
68104  -39.838  30.287  -5.215 0.0000000000
68105  -39.114  30.212  -4.743 0.0000000000
68106  -38.250  30.561  -4.033 0.0000000000
68107  -38.371  30.142  -4.290 0.0000000000
68108  -37.653  30.073  -3.861 0.0000000000
68109  -38.549  29.695  -4.596 0.0000000000
68110  -39.863  28.117  -6.015 0.0000000000
68111  -38.949  28.662  -5.256 0.0000000000
68112  -39.116  28.104  -5.613 0.0000000000
68113  -38.385  28.074  -5.227 0.0000000000
68114  -39.274  27.535  -5.968 0.0000000000
68121  -39.682  26.378  -6.694 0.0000000000
73428  -41.838  42.365  -1.035 0.0000000000
73429  -43.047  41.594  0.620 0.0000000000
73436  -44.523  39.561  1.944 0.0000000000
73438  -44.316  39.062  2.476 0.0000000000
73440  -44.802  38.474  2.768 0.0000000000
73441  -45.348  37.953  3.124 0.0000000000
73442  -45.452  38.335  2.458 0.0000000000
73443  -46.895  38.540  1.127 0.0000000000
73444  -46.779  38.042  1.828 0.0000000000
73445  -47.422  37.843  1.411 0.0000000000
73446  -47.998  37.174  1.718 0.0000000000
73447  -48.067  37.620  1.007 0.0000000000
73448  -47.034  39.947  -1.531 0.0000000000
73449  -47.091  39.822  -0.871 0.0000000000
73450  -47.663  39.524  -1.230 0.0000000000
73451  -49.292  37.946  -0.840 0.0000000000
73452  -48.784  38.309  -0.595 0.0000000000
73453  -49.288  37.570  -0.268 0.0000000000
73454  -49.262  37.112  0.345 0.0000000000
73455  -49.762  36.782  0.034 0.0000000000
73456  -50.166  36.004  0.252 0.0000000000
73457  -50.154  36.428  -0.293 0.0000000000
73458  -50.578  35.847  -1.369 0.0000000000
73459  -50.608  35.602  -0.866 0.0000000000
73460  -50.648  35.190  -1.063 0.0000000000
73461  -50.629  34.581  -0.772 0.0000000000
73462  -50.528  34.803  -1.207 0.0000000000
73463  -50.277  34.433  -1.260 0.0000000000
73464  -50.442  35.034  -1.636 0.0000000000
73465  -50.380  36.004  -2.970 0.0000000000
73466  -50.317  35.447  -2.534 0.0000000000
73467  -50.219  35.546  -3.028 0.0000000000
73468  -49.979  35.112  -3.030 0.0000000000
73469  -50.163  35.585  -3.548 0.0000000000
73470  -48.984  37.924  -4.808 0.0000000000
73471  -49.552  37.573  -4.356 0.0000000000
73472  -49.333  37.477  -4.939 0.0000000000
73473  -49.533  36.325  -5.741 0.0000000000
73474  -49.755  36.471  -5.160 0.0000000000
73475  -49.747  35.910  -5.218 0.0000000000
73476  -49.794  35.485  -4.669 0.0000000000
73477  -49.614  35.402  -5.226 0.0000000000
73478  -49.288  34.950  -5.176 0.0000000000
73479  -49.397  35.248  -5.735 0.0000000000
73480  -49.033  35.041  -7.279 0.0000000000
73481  -49.052  34.786  -6.724 0.0000000000
73482  -48.931  34.535  -7.198 0.0000000000
73483  -48.660  34.084  -7.105 0.0000000000
73484  -48.814  34.278  -7.642 0.0000000000
73485  -42.922  39.384  -7.049 0.0000000000
73486  -43.600  38.943  -6.763 0.0000000000
73487  -43.436  38.877  -7.344 0.0000000000
73488  -44.367  37.904  -8.482 0.0000000000
73489  -44.518  38.018  -7.932 0.0000000000
73490  -45.054  37.566  -8.152 0.0000000000
73491  -45.851  37.425  -7.860 0.0000000000
73492  -45.660  37.192  -8.359 0.0000000000
73496  -46.472  36.007  -9.732 0.0000000000
73497  -45.912  36.439  -9.587 0.0000000000
73498  -46.620  36.197  -9.208 0.0000000000
73499  -46.781  36.417  -8.708 0.0000000000
73500  -47.310  36.020  -8.862 0.0000000000
73501  -47.938  35.855  -8.560 0.0000000000
73502  -47.775  35.588  -8.963 0.0000000000
73503  -48.210  34.356  -9.514 0.0000000000
73504  -48.404  34.588  -9.065 0.0000000000
73505  -48.534  34.068  -9.032 0.0000000000
73506  -48.570  33.751  -8.505 0.0000000000
73507  -48.448  33.551  -8.951 0.0000000000
73508  -48.314  33.064  -8.815 0.0000000000
73509  -48.355  33.315  -9.413 0.0000000000
73727  -27.425  23.947  10.555 0.0000000000
73729  -27.218  24.169  10.143 0.0000000000
73730  -27.018  24.348  9.677 0.0000000000
73731  -27.366  25.086  9.873 0.0000000000
84555  -43.665  31.550  11.894 0.0000000000
84556  -46.730  36.428  5.943 0.0000000000
84557  -45.979  36.549  6.270 0.0000000000
84558  -46.705  36.129  6.656 0.0000000000
84559  -47.093  34.954  8.001 0.0000000000
84560  -46.426  35.381  7.832 0.0000000000
84561  -46.320  35.000  8.339 0.0000000000
84562  -45.556  35.001  8.571 0.0000000000
84563  -46.251  34.595  8.749 0.0000000000
84564  -49.499  32.729  7.996 0.0000000000
84565  -48.903  33.357  7.968 0.0000000000
84566  -48.801  32.953  8.444 0.0000000000
84567  -47.312  32.685  9.710 0.0000000000
84568  -47.411  33.185  9.271 0.0000000000
84569  -46.688  33.180  9.612 0.0000000000
84570  -46.045  33.688  9.582 0.0000000000
84571  -45.964  33.139  9.980 0.0000000000
84572  -45.272  33.064  10.376 0.0000000000
84573  -45.913  32.555  10.429 0.0000000000
84574  -46.444  30.819  11.515 0.0000000000
84575  -45.755  31.297  11.317 0.0000000000
84576  -45.722  30.687  11.839 0.0000000000
84577  -44.976  30.560  12.125 0.0000000000
84578  -45.662  30.108  12.378 0.0000000000
84579  -45.662  29.614  12.967 0.0000000000
84580  -46.422  29.709  12.645 0.0000000000
84581  -48.709  29.009  12.908 0.0000000000
84582  -47.936  28.915  13.259 0.0000000000
84586  -51.437  28.658  11.552 0.0000000000
84587  -50.763  28.787  11.923 0.0000000000
84588  -51.433  28.243  12.295 0.0000000000
84623  -51.977  27.040  6.056 0.0000000000
84624  -52.348  26.688  6.525 0.0000000000
84625  -51.672  26.549  6.417 0.0000000000
84626  -50.235  25.603  7.152 0.0000000000
84627  -51.020  25.687  7.189 0.0000000000
84628  -50.679  25.238  7.537 0.0000000000
84629  -51.095  24.875  7.911 0.0000000000
84630  -50.281  24.771  7.881 0.0000000000
84631  -46.836  25.282  7.310 0.0000000000
84632  -47.663  25.347  7.250 0.0000000000
84633  -47.236  24.879  7.571 0.0000000000
84690  -40.774  26.675  6.988 0.0000000000
84691  -40.351  26.147  7.486 0.0000000000
84692  -40.059  26.483  7.305 0.0000000000
84693  -38.367  26.543  7.795 0.0000000000
84694  -38.653  26.161  7.972 0.0000000000
84695  -37.979  25.985  8.318 0.0000000000
84696  -37.621  25.431  8.840 0.0000000000
84697  -37.279  25.774  8.712 0.0000000000
84698  -37.153  28.085  7.028 0.0000000000
84699  -37.438  27.716  7.228 0.0000000000
84700  -36.730  27.512  7.653 0.0000000000
84701  -35.237  26.127  9.212 0.0000000000
84702  -35.903  26.346  8.805 0.0000000000
84703  -35.575  25.731  9.354 0.0000000000
84704  -35.915  25.353  9.480 0.0000000000
84705  -35.251  25.112  9.850 0.0000000000
84714  -31.867  23.837  11.685 0.0000000000
84715  -31.403  25.418  10.968 0.0000000000
84716  -31.133  24.639  11.454 0.0000000000
84717  -30.776  25.018  11.335 0.0000000000
84718  -30.183  24.542  11.630 0.0000000000
84719  -30.442  25.374  11.160 0.0000000000
84720  -32.697  28.243  8.644 0.0000000000
84721  -32.368  27.592  9.284 0.0000000000
84722  -32.043  28.034  9.088 0.0000000000
84723  -30.365  27.672  9.577 0.0000000000
84724  -30.700  27.326  9.840 0.0000000000
84725  -30.065  26.914  10.178 0.0000000000
84726  -29.767  26.086  10.736 0.0000000000
84727  -29.434  26.429  10.440 0.0000000000
84728  -28.841  25.927  10.620 0.0000000000
84729  -29.100  26.751  10.132 0.0000000000
84730  -28.822  28.056  8.803 0.0000000000
84731  -28.501  27.298  9.368 0.0000000000
84732  -28.223  27.487  8.976 0.0000000000
84733  -27.729  26.867  9.037 0.0000000000
84734  -27.995  27.677  8.524 0.0000000000
84735  -49.405  33.863  -1.226 0.0000000000
84736  -48.882  33.372  -0.761 0.0000000000
84737  -48.726  33.593  -1.167 0.0000000000
84738  -47.138  33.423  -1.395 0.0000000000
84739  -47.280  33.186  -0.968 0.0000000000
84740  -46.526  33.053  -0.880 0.0000000000
84741  -45.907  32.649  -0.348 0.0000000000
84742  -45.789  32.920  -0.772 0.0000000000
84743  -46.539  33.998  -3.303 0.0000000000
84744  -46.723  33.956  -2.804 0.0000000000
84745  -45.928  33.767  -2.716 0.0000000000
84746  -43.902  33.033  -1.341 0.0000000000
84747  -44.683  33.169  -1.522 0.0000000000
84748  -44.108  32.868  -0.890 0.0000000000
84749  -44.271  32.663  -0.461 0.0000000000
84750  -43.478  32.540  -0.257 0.0000000000
84751  -42.853  32.192  0.349 0.0000000000
84752  -42.703  32.423  -0.025 0.0000000000
84753  -40.869  32.386  0.130 0.0000000000
84754  -41.087  32.195  0.516 0.0000000000
84755  -40.232  32.074  0.863 0.0000000000
84756  -39.623  31.775  1.542 0.0000000000
84757  -39.384  31.974  1.237 0.0000000000
84758  -45.503  32.717  -7.052 0.0000000000
84759  -45.516  33.010  -6.631 0.0000000000
84760  -44.715  32.883  -6.526 0.0000000000
84761  -42.491  32.984  -5.093 0.0000000000
84762  -43.317  33.116  -5.324 0.0000000000
84763  -42.612  33.165  -4.637 0.0000000000
84764  -42.730  33.313  -4.189 0.0000000000
84765  -41.938  33.159  -3.921 0.0000000000
84766  -39.439  32.341  -3.552 0.0000000000
84767  -40.183  32.489  -3.980 0.0000000000
84768  -39.497  32.573  -3.180 0.0000000000
84769  -39.042  32.730  -1.523 0.0000000000
84770  -39.713  32.833  -2.400 0.0000000000
84771  -39.855  32.862  -2.002 0.0000000000
84772  -40.640  32.991  -2.400 0.0000000000
84773  -40.022  32.845  -1.568 0.0000000000
84774  -40.222  32.776  -1.139 0.0000000000
84775  -39.384  32.658  -0.728 0.0000000000
84776  -37.233  32.154  1.461 0.0000000000
84777  -38.102  32.252  0.952 0.0000000000
84778  -37.455  32.014  1.791 0.0000000000
84779  -37.657  31.853  2.116 0.0000000000
84780  -36.827  31.779  2.567 0.0000000000
84781  -36.209  31.516  3.353 0.0000000000
84782  -36.006  31.700  3.028 0.0000000000
84783  -34.211  31.588  3.713 0.0000000000
84784  -34.401  31.463  4.041 0.0000000000
84785  -33.594  31.329  4.516 0.0000000000
84786  -33.029  31.018  5.296 0.0000000000
84787  -32.810  31.171  4.970 0.0000000000
84788  -33.544  31.862  2.101 0.0000000000
84789  -33.690  31.823  2.542 0.0000000000
84790  -32.875  31.689  2.957 0.0000000000
84791  -30.905  30.954  4.979 0.0000000000
84792  -31.656  31.225  4.594 0.0000000000
84793  -31.091  30.845  5.385 0.0000000000
84794  -31.292  30.725  5.793 0.0000000000
84795  -30.552  30.416  6.140 0.0000000000
84796  -30.070  29.941  6.842 0.0000000000
84797  -29.838  30.083  6.444 0.0000000000
84798  -28.361  29.288  6.338 0.0000000000
84799  -28.513  29.168  6.855 0.0000000000
84800  -27.957  28.626  6.971 0.0000000000
84801  -27.592  27.970  7.530 0.0000000000
84802  -27.445  28.062  7.016 0.0000000000
84803  -27.012  27.424  7.016 0.0000000000
84804  -27.321  28.192  6.494 0.0000000000
84805  -27.476  28.895  4.822 0.0000000000
84806  -27.103  28.258  5.398 0.0000000000
84825  -36.119  29.957  -3.027 0.0000000000
84826  -35.172  30.266  -2.323 0.0000000000
84827  -35.314  29.881  -2.655 0.0000000000
93092  -50.878  34.089  0.069 0.0000000000
93093  -51.040  33.797  0.521 0.0000000000
93094  -50.847  33.488  0.352 0.0000000000
93095  -50.711  32.875  0.724 0.0000000000
93096  -50.469  32.365  1.067 0.0000000000
93097  -50.068  31.915  1.410 0.0000000000
93098  -49.884  32.140  1.056 0.0000000000
93099  -49.186  31.982  1.102 0.0000000000
93100  -48.426  31.843  1.177 0.0000000000
93101  -47.660  31.702  1.287 0.0000000000
93102  -48.209  32.068  0.861 0.0000000000
93103  -48.009  32.285  0.531 0.0000000000
93104  -47.814  32.473  0.198 0.0000000000
94172  -41.917  41.214  -4.147 0.0000000000
94173  -42.067  41.311  -3.524 0.0000000000
94174  -42.608  40.754  -3.849 0.0000000000
94175  -43.412  40.384  -3.554 0.0000000000
94176  -44.263  40.175  -3.364 0.0000000000
94177  -45.105  39.984  -3.172 0.0000000000
94178  -44.879  39.737  -3.697 0.0000000000
94179  -45.472  39.380  -4.078 0.0000000000
94180  -46.082  39.074  -4.451 0.0000000000
94181  -46.603  38.839  -4.809 0.0000000000
94182  -45.770  38.936  -5.028 0.0000000000
94183  -45.464  38.749  -5.625 0.0000000000
94184  -45.153  38.528  -6.219 0.0000000000
94229  -30.075  19.387  13.303 0.0000000000
94230  -29.692  19.708  13.189 0.0000000000
94231  -30.222  20.283  13.144 0.0000000000
94232  -30.403  21.155  12.950 0.0000000000
94233  -30.616  22.053  12.707 0.0000000000
96400  -52.315  30.221  6.544 0.0000000000
96401  -51.909  30.599  7.022 0.0000000000
96402  -52.353  29.862  7.165 0.0000000000
96403  -52.378  29.530  7.793 0.0000000000
96404  -52.423  29.203  8.501 0.0000000000
96405  -52.494  28.887  9.220 0.0000000000
96406  -52.935  28.536  8.710 0.0000000000
96407  -53.321  27.865  8.929 0.0000000000
96408  -53.602  27.201  9.070 0.0000000000
96409  -53.760  26.576  9.213 0.0000000000
96410  -53.634  26.838  8.522 0.0000000000
96411  -53.399  26.461  8.060 0.0000000000
96412  -52.989  26.158  7.698 0.0000000000
96413  -44.040  26.127  6.831 0.0000000000
96414  -44.409  25.843  7.030 0.0000000000
96415  -43.618  25.703  7.213 0.0000000000
96416  -43.209  25.239  7.573 0.0000000000
96417  -42.808  24.728  7.941 0.0000000000
96419  -42.033  24.598  8.158 0.0000000000
96420  -41.241  24.439  8.372 0.0000000000
96421  -40.462  24.266  8.650 0.0000000000
96423  -40.182  24.578  8.586 0.0000000000
96424  -39.897  24.886  8.509 0.0000000000
96425  -39.556  25.155  8.392 0.0000000000
96426  -38.170  30.202  4.416 0.0000000000
96427  -37.606  29.779  5.138 0.0000000000
96428  -37.355  30.118  4.856 0.0000000000
96429  -36.559  30.025  5.317 0.0000000000
96430  -35.740  29.909  5.804 0.0000000000
96431  -34.974  29.781  6.286 0.0000000000
96432  -35.476  30.256  5.517 0.0000000000
96433  -35.210  30.562  5.231 0.0000000000
96434  -34.991  30.837  4.956 0.0000000000
96435  -47.883  33.888  -6.013 0.0000000000
96436  -47.355  33.864  -5.432 0.0000000000
96437  -47.205  33.670  -5.914 0.0000000000
96438  -46.456  33.498  -5.844 0.0000000000
96439  -45.680  33.426  -5.740 0.0000000000
96440  -38.036  31.288  -3.541 0.0000000000
96441  -37.951  31.587  -3.239 0.0000000000
96442  -37.201  31.505  -2.763 0.0000000000
96443  -36.354  31.668  -1.953 0.0000000000
96444  -35.561  31.785  -1.173 0.0000000000
96445  -34.824  31.829  -0.376 0.0000000000
96446  -34.787  31.678  -0.736 0.0000000000
96447  -33.959  31.546  -0.267 0.0000000000
96448  -33.169  31.398  0.141 0.0000000000
96449  -32.464  31.237  0.484 0.0000000000
96450  -33.231  31.189  -0.224 0.0000000000
96451  -33.299  30.959  -0.575 0.0000000000
96452  -33.386  30.706  -0.920 0.0000000000
98500  -40.743  42.493  -6.655 0.0000000000
98501  -41.141  41.929  -7.022 0.0000000000
100715  -47.931  36.603  3.141 0.0000000000
100716  -47.974  36.366  3.875 0.0000000000
100717  -48.645  36.105  3.515 0.0000000000
100718  -49.339  35.599  3.774 0.0000000000
100719  -49.965  35.088  3.947 0.0000000000
100720  -51.611  32.763  2.550 0.0000000000
100721  -51.554  33.175  2.999 0.0000000000
100722  -51.761  32.467  3.011 0.0000000000
100723  -51.896  32.136  3.495 0.0000000000
100724  -52.028  31.790  3.997 0.0000000000
100725  -52.146  31.507  4.479 0.0000000000
100726  -52.140  31.100  4.076 0.0000000000
100727  -52.115  30.406  4.195 0.0000000000
100728  -51.970  29.721  4.354 0.0000000000
100729  -51.756  29.088  4.621 0.0000000000
100730  -51.434  29.486  4.220 0.0000000000
100731  -50.778  29.334  4.154 0.0000000000
100732  -50.048  29.229  4.187 0.0000000000
100733  -47.726  30.106  3.163 0.0000000000
100734  -47.952  29.724  3.540 0.0000000000
100735  -47.163  29.599  3.655 0.0000000000
100736  -46.626  29.067  4.121 0.0000000000
100737  -46.126  28.534  4.584 0.0000000000
100738  -45.678  28.025  5.075 0.0000000000
100739  -45.397  28.392  4.686 0.0000000000
100740  -44.649  28.246  4.817 0.0000000000
100741  -43.870  28.158  5.042 0.0000000000
100742  -43.102  27.993  5.293 0.0000000000
100743  -43.625  28.496  4.719 0.0000000000
100744  -43.387  28.858  4.415 0.0000000000
100745  -43.187  29.259  4.114 0.0000000000
100746  -44.484  31.190  1.796 0.0000000000
100747  -43.906  30.799  2.352 0.0000000000
100748  -43.678  31.022  2.027 0.0000000000
100749  -42.903  30.865  2.249 0.0000000000
100750  -42.153  30.746  2.490 0.0000000000
100751  -41.352  30.626  2.809 0.0000000000
100752  -41.963  31.006  2.136 0.0000000000
100753  -41.725  31.240  1.830 0.0000000000
100754  -41.538  31.496  1.533 0.0000000000
100755  -47.563  31.742  -9.359 0.0000000000
100756  -46.963  31.721  -8.857 0.0000000000
100757  -47.039  31.367  -9.188 0.0000000000
100758  -46.436  31.029  -9.004 0.0000000000
100759  -45.794  30.720  -8.810 0.0000000000
100762  -44.051  28.890  -8.298 0.0000000000
100763  -43.127  29.230  -7.689 0.0000000000
100764  -42.250  29.593  -7.047 0.0000000000
100765  -41.376  29.991  -6.349 0.0000000000
100766  -41.590  29.454  -6.637 0.0000000000
100767  -40.898  29.341  -6.211 0.0000000000
100768  -40.195  29.280  -5.769 0.0000000000
100769  -39.484  29.249  -5.345 0.0000000000
100770  -40.394  28.749  -6.047 0.0000000000
100771  -40.572  28.175  -6.377 0.0000000000
100772  -40.784  27.571  -6.719 0.0000000000
103960  -43.010  41.707  -1.236 0.0000000000
103961  -42.503  41.971  -0.820 0.0000000000
103962  -43.292  41.641  -0.530 0.0000000000
103963  -43.545  41.470  0.184 0.0000000000
103964  -43.669  41.126  0.888 0.0000000000
103965  -43.555  40.688  1.535 0.0000000000
103966  -44.220  40.609  1.148 0.0000000000
103967  -44.699  40.045  1.392 0.0000000000
103968  -45.181  39.458  1.592 0.0000000000
103969  -45.610  38.826  1.828 0.0000000000
103970  -45.782  39.336  1.234 0.0000000000
103971  -46.413  39.217  0.851 0.0000000000
103972  -47.036  39.072  0.459 0.0000000000
103973  -48.175  39.242  -2.179 0.0000000000
103974  -48.227  39.158  -1.563 0.0000000000
103975  -48.733  38.743  -1.853 0.0000000000
103976  -49.271  38.129  -1.481 0.0000000000
103977  -49.763  37.460  -1.124 0.0000000000
103978  -50.165  36.779  -0.836 0.0000000000
103979  -50.136  37.046  -1.429 0.0000000000
103980  -50.409  36.585  -1.691 0.0000000000
103981  -50.507  36.142  -1.908 0.0000000000
103982  -50.511  35.674  -2.007 0.0000000000
103983  -50.451  36.348  -2.364 0.0000000000
103984  -50.366  36.489  -2.866 0.0000000000
103985  -50.278  36.546  -3.415 0.0000000000
103986  -48.505  37.680  -5.964 0.0000000000
103987  -49.145  37.371  -5.520 0.0000000000
103988  -48.879  37.179  -6.111 0.0000000000
103989  -49.178  36.671  -6.232 0.0000000000
103990  -49.339  36.134  -6.292 0.0000000000
103991  -49.353  35.566  -6.278 0.0000000000
103992  -49.158  35.880  -6.820 0.0000000000
103993  -48.985  35.575  -7.337 0.0000000000
103994  -48.825  35.326  -7.826 0.0000000000
103995  -42.813  39.505  -8.299 0.0000000000
103996  -43.356  38.899  -7.961 0.0000000000
103997  -43.274  38.918  -8.601 0.0000000000
103998  -43.768  38.396  -8.862 0.0000000000
103999  -44.286  37.854  -9.081 0.0000000000
104005  -47.603  35.348  -9.421 0.0000000000
104134  -28.264  20.913  12.316 0.0000000000
104135  -27.907  20.229  12.077 0.0000000000
104136  -27.956  21.205  12.010 0.0000000000
104137  -27.680  21.476  11.666 0.0000000000
104140  -27.527  22.694  11.135 0.0000000000
104141  -27.663  23.649  10.959 0.0000000000
104142  -27.861  24.608  10.766 0.0000000000
110636  -43.027  33.314  10.876 0.0000000000
110637  -43.771  32.858  11.056 0.0000000000
110638  -48.093  35.561  6.599 0.0000000000
110639  -47.354  35.703  6.952 0.0000000000
110640  -47.991  35.236  7.153 0.0000000000
110641  -47.839  34.861  7.630 0.0000000000
110642  -47.746  34.466  8.051 0.0000000000
110643  -49.415  31.866  9.053 0.0000000000
110644  -48.718  32.528  8.955 0.0000000000
110645  -48.712  32.016  9.487 0.0000000000
110646  -47.966  32.085  9.866 0.0000000000
110647  -47.246  32.085  10.207 0.0000000000
110648  -46.530  32.020  10.542 0.0000000000
110649  -47.222  31.478  10.697 0.0000000000
110650  -47.189  30.931  11.210 0.0000000000
110651  -47.164  30.391  11.764 0.0000000000
110652  -47.153  29.861  12.335 0.0000000000
110653  -47.921  29.947  12.022 0.0000000000
110654  -48.678  29.470  12.309 0.0000000000
110655  -49.410  28.973  12.615 0.0000000000
110656  -52.633  27.504  12.092 0.0000000000
110657  -52.043  27.722  12.545 0.0000000000
110658  -52.651  27.202  12.725 0.0000000000
110678  -50.530  26.802  5.978 0.0000000000
110679  -50.936  26.453  6.379 0.0000000000
110680  -50.146  26.353  6.373 0.0000000000
110681  -49.778  25.938  6.756 0.0000000000
110682  -49.376  25.536  7.173 0.0000000000
110718  -40.246  27.401  6.543 0.0000000000
110719  -39.785  26.841  7.104 0.0000000000
110720  -39.522  27.270  6.894 0.0000000000
110721  -38.798  27.120  7.247 0.0000000000
110722  -38.056  26.933  7.615 0.0000000000
110723  -35.736  27.741  7.867 0.0000000000
110724  -36.035  27.335  8.081 0.0000000000
110725  -35.348  27.147  8.482 0.0000000000
110726  -34.931  26.524  9.081 0.0000000000
110727  -34.592  25.888  9.631 0.0000000000
110728  -34.276  25.212  10.151 0.0000000000
110729  -33.961  25.602  10.045 0.0000000000
110730  -33.330  25.310  10.455 0.0000000000
110731  -32.716  24.981  10.828 0.0000000000
110732  -32.111  24.617  11.209 0.0000000000
110733  -32.378  25.372  10.713 0.0000000000
110734  -32.041  25.792  10.571 0.0000000000
110735  -31.706  26.179  10.444 0.0000000000
110736  -32.071  28.964  8.141 0.0000000000
110737  -31.692  28.346  8.839 0.0000000000
110738  -31.378  28.669  8.579 0.0000000000
110739  -30.700  28.363  8.941 0.0000000000
110740  -30.012  27.993  9.274 0.0000000000
110741  -29.365  27.541  9.569 0.0000000000
110742  -29.698  28.296  8.936 0.0000000000
110743  -29.451  28.541  8.558 0.0000000000
110744  -29.199  28.781  8.180 0.0000000000
110745  -49.164  34.224  -2.094 0.0000000000
110746  -48.606  33.786  -1.601 0.0000000000
110747  -48.475  33.973  -2.028 0.0000000000
110748  -47.741  33.773  -1.931 0.0000000000
110749  -46.979  33.622  -1.838 0.0000000000
110750  -44.925  33.654  -3.071 0.0000000000
110751  -45.120  33.603  -2.590 0.0000000000
110752  -44.289  33.442  -2.419 0.0000000000
110753  -43.696  33.182  -1.811 0.0000000000
110754  -43.140  32.910  -1.127 0.0000000000
110755  -42.536  32.636  -0.440 0.0000000000
110756  -42.354  32.792  -0.894 0.0000000000
110757  -41.521  32.675  -0.625 0.0000000000
110758  -40.670  32.550  -0.293 0.0000000000
110759  -43.893  32.372  -6.763 0.0000000000
110760  -43.927  32.733  -6.366 0.0000000000
110761  -43.133  32.563  -6.141 0.0000000000
110762  -42.400  32.717  -5.471 0.0000000000
110763  -41.683  32.809  -4.748 0.0000000000
110764  -38.041  32.459  -1.838 0.0000000000
110765  -38.832  32.610  -2.325 0.0000000000
110766  -38.114  32.562  -1.431 0.0000000000
110767  -38.235  32.596  -1.049 0.0000000000
110768  -38.386  32.594  -0.668 0.0000000000
110769  -38.572  32.560  -0.299 0.0000000000
110770  -37.730  32.439  0.199 0.0000000000
110771  -37.068  32.265  1.070 0.0000000000
110772  -36.431  32.067  1.908 0.0000000000
110773  -35.800  31.823  2.727 0.0000000000
110774  -35.625  31.948  2.381 0.0000000000
110775  -34.849  31.827  2.858 0.0000000000
110776  -34.023  31.689  3.334 0.0000000000
110777  -31.913  31.551  2.894 0.0000000000
110778  -32.059  31.539  3.361 0.0000000000
110779  -31.287  31.333  3.716 0.0000000000
110780  -30.744  31.035  4.508 0.0000000000
110781  -30.196  30.633  5.261 0.0000000000
110782  -29.655  30.178  5.975 0.0000000000
110783  -29.491  30.289  5.507 0.0000000000
110784  -28.825  29.853  5.702 0.0000000000
110785  -28.216  29.394  5.815 0.0000000000
110786  -27.688  28.862  5.898 0.0000000000
110787  -28.107  29.446  5.272 0.0000000000
110788  -28.007  29.462  4.739 0.0000000000
110789  -27.934  29.433  4.236 0.0000000000
110799  -36.431  29.081  -3.711 0.0000000000
110800  -35.460  29.476  -2.998 0.0000000000
110801  -35.580  29.053  -3.350 0.0000000000
117374  -50.206  35.407  1.429 0.0000000000
117375  -50.270  35.171  2.123 0.0000000000
117376  -50.659  34.809  1.615 0.0000000000
117377  -51.063  34.236  1.783 0.0000000000
117378  -51.348  33.660  1.932 0.0000000000
117379  -51.197  33.536  1.063 0.0000000000
117380  -51.336  33.292  1.589 0.0000000000
117381  -51.502  33.017  2.064 0.0000000000
117382  -51.541  32.404  2.218 0.0000000000
117383  -51.386  31.769  2.388 0.0000000000
117384  -51.083  31.192  2.638 0.0000000000
117385  -50.711  30.665  2.956 0.0000000000
117386  -50.505  31.023  2.542 0.0000000000
117387  -49.825  30.890  2.532 0.0000000000
117388  -49.105  30.765  2.574 0.0000000000
117389  -49.530  31.496  1.785 0.0000000000
117390  -48.919  31.070  2.207 0.0000000000
117391  -48.337  30.616  2.665 0.0000000000
117392  -47.561  30.472  2.751 0.0000000000
117393  -46.764  30.366  2.869 0.0000000000
117394  -45.965  30.241  2.951 0.0000000000
117395  -45.221  30.093  3.147 0.0000000000
117396  -45.820  30.581  2.624 0.0000000000
117397  -45.666  30.869  2.285 0.0000000000
117398  -45.469  31.118  1.952 0.0000000000
117399  -46.898  31.561  1.380 0.0000000000
117400  -46.079  31.458  1.504 0.0000000000
117401  -45.270  31.331  1.649 0.0000000000
117402  -45.079  31.542  1.347 0.0000000000
117403  -44.888  31.779  1.020 0.0000000000
117404  -44.706  32.000  0.681 0.0000000000
119898  -42.047  42.123  -2.057 0.0000000000
119899  -42.302  41.489  -2.941 0.0000000000
119900  -42.549  41.628  -2.391 0.0000000000
119901  -42.782  41.709  -1.878 0.0000000000
119902  -43.585  41.411  -1.635 0.0000000000
119903  -44.384  41.123  -1.359 0.0000000000
119904  -45.155  40.839  -1.075 0.0000000000
119905  -45.886  40.525  -0.789 0.0000000000
119906  -45.717  40.553  -1.458 0.0000000000
119907  -46.299  40.236  -1.811 0.0000000000
119908  -46.908  39.918  -2.165 0.0000000000
119909  -45.919  39.867  -2.992 0.0000000000
119910  -46.714  39.764  -2.789 0.0000000000
119911  -47.498  39.591  -2.525 0.0000000000
119912  -48.051  39.188  -2.826 0.0000000000
119913  -48.601  38.801  -3.143 0.0000000000
119914  -49.033  38.325  -3.431 0.0000000000
119915  -49.406  37.989  -3.610 0.0000000000
119916  -48.853  38.342  -4.032 0.0000000000
119917  -48.617  38.264  -4.578 0.0000000000
119918  -48.352  38.165  -5.179 0.0000000000
119919  -47.124  38.593  -5.136 0.0000000000
119920  -47.609  38.321  -5.469 0.0000000000
119921  -48.078  38.014  -5.747 0.0000000000
119922  -47.813  37.820  -6.311 0.0000000000
119923  -47.623  37.569  -6.830 0.0000000000
119924  -47.393  37.294  -7.333 0.0000000000
120033  -28.508  19.675  12.676 0.0000000000
120034  -29.307  20.028  13.045 0.0000000000
120035  -28.958  20.335  12.848 0.0000000000
120036  -28.601  20.604  12.620 0.0000000000
120037  -28.713  21.527  12.493 0.0000000000
120038  -28.898  22.519  12.291 0.0000000000
120039  -29.098  23.413  12.031 0.0000000000
125090  -43.153  35.342  8.729 0.0000000000
125091  -43.954  34.955  9.034 0.0000000000
125092  -50.399  33.173  6.590 0.0000000000
125093  -49.731  33.488  7.084 0.0000000000
125094  -50.297  32.833  7.011 0.0000000000
125095  -50.202  32.427  7.501 0.0000000000
125096  -50.136  32.026  8.005 0.0000000000
125097  -51.369  30.966  7.505 0.0000000000
125098  -50.739  31.307  8.048 0.0000000000
125099  -50.089  31.612  8.558 0.0000000000
125100  -50.054  31.168  9.160 0.0000000000
125101  -50.056  30.714  9.765 0.0000000000
125102  -50.053  30.272  10.380 0.0000000000
125103  -50.055  29.848  10.978 0.0000000000
125104  -50.733  29.688  10.600 0.0000000000
125105  -51.410  29.068  10.860 0.0000000000
125106  -52.046  28.474  11.118 0.0000000000
125107  -52.550  28.593  9.922 0.0000000000
125108  -52.566  28.251  10.665 0.0000000000
125109  -52.594  27.883  11.403 0.0000000000
125110  -53.139  27.279  11.574 0.0000000000
125111  -53.619  26.650  11.677 0.0000000000
125115  -54.177  25.399  10.676 0.0000000000
125116  -53.971  25.123  10.145 0.0000000000
125117  -53.825  25.964  9.356 0.0000000000
125118  -53.804  25.374  9.519 0.0000000000
125123  -47.225  26.564  6.273 0.0000000000
125124  -47.643  26.169  6.574 0.0000000000
125125  -46.824  26.135  6.636 0.0000000000
125126  -46.415  25.664  6.998 0.0000000000
125127  -46.007  25.153  7.332 0.0000000000
125128  -44.790  25.474  7.214 0.0000000000
125129  -45.189  25.060  7.404 0.0000000000
125130  -45.615  24.672  7.601 0.0000000000
125154  -39.212  28.891  5.559 0.0000000000
125155  -38.719  28.404  6.202 0.0000000000
125156  -38.452  28.768  5.961 0.0000000000
125157  -37.626  28.624  6.383 0.0000000000
125158  -36.829  28.464  6.808 0.0000000000
125159  -37.071  29.329  5.866 0.0000000000
125160  -36.514  28.842  6.564 0.0000000000
125161  -36.111  28.312  7.224 0.0000000000
125162  -35.415  28.143  7.666 0.0000000000
125163  -34.733  27.927  8.132 0.0000000000
125164  -34.013  27.704  8.619 0.0000000000
125165  -33.340  27.458  9.058 0.0000000000
125166  -33.700  28.074  8.402 0.0000000000
125167  -33.380  28.460  8.201 0.0000000000
125168  -33.067  28.847  7.956 0.0000000000
125169  -34.248  29.619  6.733 0.0000000000
125170  -33.530  29.437  7.196 0.0000000000
125171  -32.809  29.228  7.663 0.0000000000
125172  -32.559  29.565  7.381 0.0000000000
125173  -32.270  29.863  7.109 0.0000000000
125174  -31.993  30.137  6.826 0.0000000000
125175  -48.595  34.519  -4.016 0.0000000000
125176  -48.039  34.317  -3.440 0.0000000000
125177  -47.890  34.301  -3.944 0.0000000000
125178  -47.126  34.150  -3.879 0.0000000000
125179  -46.361  34.019  -3.822 0.0000000000
125180  -46.771  33.929  -4.863 0.0000000000
125181  -46.165  33.936  -4.301 0.0000000000
125182  -45.554  33.831  -3.703 0.0000000000
125183  -44.737  33.656  -3.575 0.0000000000
125184  -43.929  33.515  -3.444 0.0000000000
125185  -43.111  33.395  -3.253 0.0000000000
125186  -40.912  31.727  -5.401 0.0000000000
125187  -40.875  32.107  -5.105 0.0000000000
125188  -40.148  31.928  -4.667 0.0000000000
125189  -39.406  32.087  -3.896 0.0000000000
125190  -38.690  32.204  -3.084 0.0000000000
125191  -37.923  31.849  -2.939 0.0000000000
125192  -37.931  32.103  -2.580 0.0000000000
125193  -37.984  32.321  -2.203 0.0000000000
125194  -37.247  32.334  -1.387 0.0000000000
125195  -36.512  32.290  -0.513 0.0000000000
125196  -35.796  32.217  0.367 0.0000000000
125197  -35.135  32.114  1.230 0.0000000000
125198  -35.012  32.075  0.827 0.0000000000
125199  -34.219  31.961  1.269 0.0000000000
125200  -33.419  31.856  1.666 0.0000000000
125201  -34.064  31.838  0.442 0.0000000000
125202  -33.306  31.800  1.261 0.0000000000
125203  -32.599  31.707  2.071 0.0000000000
125204  -31.802  31.527  2.450 0.0000000000
125205  -31.038  31.269  2.826 0.0000000000
125206  -30.372  30.969  3.100 0.0000000000
125207  -29.733  30.683  3.314 0.0000000000
125208  -30.378  30.912  2.630 0.0000000000
125209  -30.371  30.821  2.172 0.0000000000
125211  -31.724  31.054  0.803 0.0000000000
129859  -40.848  42.354  -4.003 0.0000000000
129861  -40.774  42.333  -4.690 0.0000000000
129862  -41.311  41.746  -4.428 0.0000000000
129863  -41.775  41.100  -4.798 0.0000000000
129864  -42.282  40.479  -5.162 0.0000000000
129865  -42.789  39.861  -5.530 0.0000000000
129866  -43.312  39.452  -5.856 0.0000000000
129867  -42.604  39.872  -6.147 0.0000000000
129868  -42.434  39.866  -6.727 0.0000000000
129869  -42.355  39.975  -7.345 0.0000000000
129870  -41.524  41.341  -7.334 0.0000000000
129871  -41.906  40.707  -7.647 0.0000000000
129872  -42.345  40.107  -7.974 0.0000000000
129873  -42.353  40.274  -8.645 0.0000000000
134540  -45.208  37.402  4.393 0.0000000000
134541  -45.215  37.169  5.063 0.0000000000
134542  -45.955  37.011  4.794 0.0000000000
134543  -46.667  36.669  5.221 0.0000000000
134544  -47.439  36.246  5.632 0.0000000000
134545  -48.053  36.182  4.599 0.0000000000
134546  -48.115  36.009  5.283 0.0000000000
134547  -48.134  35.812  5.964 0.0000000000
134548  -48.774  35.324  6.198 0.0000000000
134549  -49.370  34.764  6.329 0.0000000000
134550  -49.944  34.146  6.325 0.0000000000
134551  -50.352  34.970  2.773 0.0000000000
134552  -50.431  34.778  3.428 0.0000000000
134553  -50.510  34.528  4.055 0.0000000000
134554  -51.337  33.560  3.545 0.0000000000
134555  -50.983  33.895  4.115 0.0000000000
134556  -50.537  34.280  4.705 0.0000000000
134557  -50.544  34.059  5.281 0.0000000000
134558  -50.543  33.784  5.753 0.0000000000
134559  -50.490  33.485  6.193 0.0000000000
134560  -50.997  32.808  6.069 0.0000000000
134561  -51.486  32.071  5.977 0.0000000000
134562  -51.928  31.328  5.934 0.0000000000
134563  -52.212  31.197  4.969 0.0000000000
134564  -52.322  30.874  5.465 0.0000000000
134565  -52.294  30.570  5.964 0.0000000000
134566  -52.573  29.809  6.075 0.0000000000
134567  -52.792  29.056  6.205 0.0000000000
134568  -52.948  28.292  6.323 0.0000000000
134569  -52.950  27.610  6.513 0.0000000000
134570  -52.706  27.927  5.961 0.0000000000
134571  -52.235  27.619  5.746 0.0000000000
134572  -51.602  27.393  5.628 0.0000000000
134573  -51.482  28.453  4.921 0.0000000000
134574  -51.182  27.827  5.245 0.0000000000
134575  -50.871  27.280  5.599 0.0000000000
134576  -50.068  27.167  5.704 0.0000000000
134577  -49.251  27.136  5.779 0.0000000000
134578  -48.426  27.083  5.859 0.0000000000
134579  -50.287  30.133  3.339 0.0000000000
134580  -49.782  29.613  3.792 0.0000000000
134581  -49.267  29.135  4.268 0.0000000000
134582  -48.211  29.395  3.944 0.0000000000
134583  -48.482  29.006  4.337 0.0000000000
134584  -48.790  28.578  4.728 0.0000000000
134585  -48.380  28.012  5.168 0.0000000000
134586  -48.009  27.476  5.585 0.0000000000
134587  -47.589  26.985  5.944 0.0000000000
134588  -46.819  26.907  6.033 0.0000000000
134589  -46.035  26.798  6.178 0.0000000000
134590  -45.264  26.692  6.334 0.0000000000
134591  -45.296  27.506  5.535 0.0000000000
134592  -44.871  27.018  6.007 0.0000000000
134593  -44.449  26.557  6.441 0.0000000000
134594  -43.667  26.453  6.613 0.0000000000
134595  -42.884  26.356  6.826 0.0000000000
134596  -42.087  26.227  7.070 0.0000000000
134597  -41.349  26.049  7.345 0.0000000000
134598  -41.775  26.535  6.888 0.0000000000
134599  -41.488  26.851  6.683 0.0000000000
134600  -41.216  27.177  6.455 0.0000000000
134601  -42.379  27.839  5.557 0.0000000000
134602  -41.675  27.684  5.882 0.0000000000
134603  -40.945  27.544  6.220 0.0000000000
134604  -40.693  27.938  5.962 0.0000000000
134605  -40.432  28.317  5.703 0.0000000000
134606  -40.190  28.690  5.432 0.0000000000
134607  -44.464  29.927  3.356 0.0000000000
134608  -43.721  29.768  3.570 0.0000000000
134609  -42.986  29.591  3.817 0.0000000000
134610  -43.334  30.338  2.921 0.0000000000
134611  -42.783  29.867  3.502 0.0000000000
134612  -42.246  29.396  4.090 0.0000000000
134613  -41.472  29.281  4.416 0.0000000000
134614  -40.705  29.170  4.787 0.0000000000
134615  -39.952  29.019  5.174 0.0000000000
134616  -39.715  29.366  4.900 0.0000000000
134617  -39.484  29.692  4.597 0.0000000000
134618  -39.239  30.000  4.294 0.0000000000
134619  -40.603  30.531  3.139 0.0000000000
134620  -39.808  30.412  3.570 0.0000000000
134621  -38.998  30.306  3.991 0.0000000000
134622  -38.734  30.602  3.698 0.0000000000
134623  -38.485  30.921  3.362 0.0000000000
134624  -38.267  31.220  3.002 0.0000000000
134625  -47.568  32.898  -7.744 0.0000000000
134626  -46.986  32.967  -7.207 0.0000000000
134627  -46.974  32.651  -7.623 0.0000000000
134628  -46.246  32.506  -7.541 0.0000000000
134629  -45.480  32.366  -7.457 0.0000000000
134630  -46.244  31.809  -8.341 0.0000000000
134631  -45.472  31.973  -7.824 0.0000000000
134632  -44.677  32.179  -7.307 0.0000000000
134633  -43.902  31.991  -7.105 0.0000000000
134634  -43.119  31.816  -6.816 0.0000000000
134635  -42.409  31.642  -6.474 0.0000000000
134638  -45.061  30.454  -8.573 0.0000000000
134639  -44.518  29.680  -8.419 0.0000000000
134640  -44.331  30.168  -8.215 0.0000000000
134641  -44.159  30.677  -8.020 0.0000000000
134642  -43.308  30.959  -7.456 0.0000000000
134643  -42.467  31.182  -6.770 0.0000000000
134644  -41.692  31.483  -6.103 0.0000000000
134645  -40.994  31.319  -5.669 0.0000000000
134646  -40.293  31.182  -5.204 0.0000000000
134647  -39.582  31.078  -4.737 0.0000000000
134648  -40.550  30.356  -5.683 0.0000000000
134649  -39.697  30.700  -4.966 0.0000000000
134650  -38.854  31.016  -4.254 0.0000000000
134651  -38.152  30.965  -3.821 0.0000000000
134652  -37.380  30.865  -3.319 0.0000000000
134653  -36.572  30.766  -2.841 0.0000000000
134654  -35.748  30.707  -2.361 0.0000000000
134655  -36.739  30.406  -3.129 0.0000000000
134656  -36.918  30.014  -3.444 0.0000000000
134657  -37.073  29.575  -3.752 0.0000000000
134658  -38.750  29.201  -4.921 0.0000000000
134659  -38.018  29.144  -4.497 0.0000000000
134660  -37.243  29.126  -4.098 0.0000000000
134661  -37.419  28.602  -4.466 0.0000000000
134662  -37.558  28.056  -4.828 0.0000000000
134663  -37.693  27.485  -5.231 0.0000000000
134666  -41.001  26.968  -7.071 0.0000000000
134669  -40.267  26.940  -6.697 0.0000000000
134670  -39.482  26.932  -6.320 0.0000000000
134671  -38.690  26.924  -5.980 0.0000000000
134672  -37.872  26.917  -5.636 0.0000000000
141266  -42.101  42.247  -0.368 0.0000000000
141280  -44.563  37.808  4.008 0.0000000000
141281  -45.261  37.643  3.785 0.0000000000
141282  -45.952  37.480  3.494 0.0000000000
141283  -46.629  37.283  3.175 0.0000000000
141284  -46.135  38.205  2.143 0.0000000000
141285  -46.711  37.611  2.485 0.0000000000
141286  -47.296  37.061  2.813 0.0000000000
141287  -47.969  36.837  2.426 0.0000000000
141288  -48.630  36.566  2.052 0.0000000000
141289  -49.220  36.307  1.679 0.0000000000
141290  -46.550  40.135  -0.501 0.0000000000
141291  -47.129  39.560  -0.202 0.0000000000
141292  -47.664  38.854  0.061 0.0000000000
141293  -48.241  38.973  -0.921 0.0000000000
141294  -48.235  38.632  -0.297 0.0000000000
141295  -48.181  38.119  0.343 0.0000000000
141296  -48.705  37.387  0.668 0.0000000000
141297  -49.244  36.661  1.018 0.0000000000
141298  -49.763  36.014  1.234 0.0000000000
141299  -50.179  35.680  0.825 0.0000000000
141300  -50.503  35.365  0.462 0.0000000000
141301  -50.746  35.027  0.118 0.0000000000
141302  -50.435  36.037  -0.608 0.0000000000
141303  -50.659  35.348  -0.397 0.0000000000
141304  -50.811  34.696  -0.171 0.0000000000
141305  -50.756  34.334  -0.350 0.0000000000
141306  -50.515  33.978  -0.466 0.0000000000
141307  -50.125  33.636  -0.489 0.0000000000
141308  -49.638  33.360  -0.459 0.0000000000
141309  -50.006  33.875  -0.864 0.0000000000
141310  -49.932  34.091  -1.243 0.0000000000
141311  -49.809  34.345  -1.680 0.0000000000
141312  -50.375  35.249  -2.073 0.0000000000
141313  -50.103  34.857  -2.121 0.0000000000
141314  -49.696  34.508  -2.120 0.0000000000
141315  -49.607  34.644  -2.549 0.0000000000
141316  -49.485  34.756  -3.041 0.0000000000
141317  -49.372  34.807  -3.557 0.0000000000
141318  -49.726  37.602  -3.773 0.0000000000
141319  -49.999  37.086  -3.881 0.0000000000
141320  -50.160  36.561  -3.981 0.0000000000
141321  -49.622  37.001  -5.035 0.0000000000
141322  -49.960  36.550  -4.549 0.0000000000
141323  -50.145  36.067  -4.060 0.0000000000
141324  -49.960  35.563  -4.114 0.0000000000
141325  -49.652  35.138  -4.123 0.0000000000
141326  -49.168  34.793  -4.068 0.0000000000
141327  -49.013  34.713  -4.603 0.0000000000
141328  -48.837  34.571  -5.135 0.0000000000
141329  -48.629  34.383  -5.607 0.0000000000
141330  -49.235  35.015  -6.250 0.0000000000
141331  -48.909  34.562  -6.165 0.0000000000
141332  -48.457  34.181  -6.093 0.0000000000
141333  -48.334  33.953  -6.560 0.0000000000
141334  -48.248  33.687  -6.998 0.0000000000
141335  -48.128  33.438  -7.421 0.0000000000
141336  -43.845  39.028  -6.181 0.0000000000
141337  -44.353  38.665  -6.493 0.0000000000
141338  -44.911  38.344  -6.801 0.0000000000
141339  -43.985  38.466  -7.662 0.0000000000
141340  -44.707  38.175  -7.411 0.0000000000
141341  -45.497  37.985  -7.087 0.0000000000
141342  -46.064  37.669  -7.363 0.0000000000
141343  -46.630  37.354  -7.604 0.0000000000
141344  -47.160  36.979  -7.806 0.0000000000
141347  -44.820  37.333  -9.273 0.0000000000
141349  -45.355  36.884  -9.452 0.0000000000
141350  -45.490  36.978  -8.878 0.0000000000
141351  -46.227  36.819  -8.542 0.0000000000
141352  -46.966  36.694  -8.254 0.0000000000
141353  -47.664  36.605  -7.999 0.0000000000
141354  -48.145  36.185  -8.182 0.0000000000
141355  -48.465  35.647  -8.250 0.0000000000
141356  -48.665  35.073  -8.241 0.0000000000
141357  -48.146  35.098  -9.042 0.0000000000
141358  -48.577  34.826  -8.640 0.0000000000
141359  -48.778  34.514  -8.149 0.0000000000
141360  -48.669  34.019  -8.060 0.0000000000
141361  -48.439  33.562  -7.957 0.0000000000
141362  -48.073  33.185  -7.859 0.0000000000
141363  -48.015  32.932  -8.294 0.0000000000
141364  -47.984  32.669  -8.703 0.0000000000
141365  -47.969  32.407  -9.120 0.0000000000
141367  -48.181  32.584  -9.654 0.0000000000
141368  -47.949  32.160  -9.529 0.0000000000
141635  -26.877  24.522  9.207 0.0000000000
141636  -26.999  25.453  8.946 0.0000000000
154713  -45.211  36.904  5.799 0.0000000000
154714  -45.116  36.561  6.526 0.0000000000
154715  -45.049  36.158  7.165 0.0000000000
154716  -46.597  35.765  7.308 0.0000000000
154717  -45.776  35.766  7.532 0.0000000000
154718  -44.933  35.770  7.735 0.0000000000
154719  -44.823  35.384  8.286 0.0000000000
154720  -44.751  35.010  8.822 0.0000000000
154721  -44.718  34.553  9.309 0.0000000000
154722  -48.989  33.738  7.542 0.0000000000
154723  -48.317  33.934  8.031 0.0000000000
154724  -47.617  34.055  8.459 0.0000000000
154725  -48.064  33.134  8.843 0.0000000000
154726  -47.490  33.607  8.852 0.0000000000
154727  -46.890  34.127  8.828 0.0000000000
154728  -46.137  34.176  9.177 0.0000000000
154729  -45.399  34.142  9.498 0.0000000000
154730  -44.660  34.073  9.808 0.0000000000
154731  -44.588  33.556  10.255 0.0000000000
154732  -44.555  32.981  10.747 0.0000000000
154733  -44.475  32.344  11.156 0.0000000000
154734  -45.831  31.926  10.873 0.0000000000
154735  -45.131  31.799  11.224 0.0000000000
154736  -44.391  31.673  11.554 0.0000000000
154737  -44.313  31.034  11.987 0.0000000000
154738  -44.263  30.458  12.520 0.0000000000
154743  -47.174  29.307  12.959 0.0000000000
154749  -50.040  29.369  11.621 0.0000000000
154750  -50.097  28.887  12.288 0.0000000000
154794  -52.866  26.990  6.792 0.0000000000
154795  -52.681  26.435  7.106 0.0000000000
154796  -52.428  25.935  7.426 0.0000000000
154797  -51.360  26.114  6.816 0.0000000000
154798  -51.759  25.761  7.259 0.0000000000
154799  -52.150  25.462  7.729 0.0000000000
154800  -51.861  25.012  8.044 0.0000000000
154803  -48.079  25.800  6.880 0.0000000000
154804  -48.529  25.431  7.187 0.0000000000
154805  -48.960  25.070  7.530 0.0000000000
154806  -47.637  24.496  7.816 0.0000000000
154807  -48.529  24.600  7.812 0.0000000000
154808  -49.414  24.672  7.863 0.0000000000
154875  -40.637  25.866  7.636 0.0000000000
154876  -39.940  25.659  7.955 0.0000000000
154877  -39.253  25.461  8.278 0.0000000000
154878  -39.308  26.295  7.641 0.0000000000
154879  -38.931  25.790  8.166 0.0000000000
154880  -38.588  25.273  8.586 0.0000000000
154881  -37.926  25.083  8.949 0.0000000000
154884  -38.206  27.873  6.843 0.0000000000
154885  -37.743  27.309  7.441 0.0000000000
154886  -37.334  26.732  7.996 0.0000000000
154887  -36.324  26.927  8.247 0.0000000000
154888  -36.614  26.517  8.406 0.0000000000
154889  -36.923  26.138  8.579 0.0000000000
154890  -36.600  25.572  9.097 0.0000000000
154903  -31.141  22.602  12.433 0.0000000000
154904  -30.760  22.966  12.336 0.0000000000
154905  -31.491  24.247  11.583 0.0000000000
154906  -30.923  23.826  11.912 0.0000000000
154907  -30.349  23.331  12.258 0.0000000000
154908  -29.983  23.662  12.074 0.0000000000
154909  -29.603  23.993  11.894 0.0000000000
154910  -29.258  24.329  11.653 0.0000000000
154911  -32.718  27.193  9.475 0.0000000000
154912  -32.037  26.899  9.885 0.0000000000
154913  -31.368  26.553  10.303 0.0000000000
154914  -31.353  27.677  9.474 0.0000000000
154915  -31.030  26.943  10.079 0.0000000000
154916  -30.732  26.178  10.664 0.0000000000
154917  -30.110  25.742  10.961 0.0000000000
154918  -29.517  25.239  11.225 0.0000000000
154919  -28.947  24.668  11.375 0.0000000000
154920  -28.605  25.034  11.069 0.0000000000
154921  -28.318  25.273  10.724 0.0000000000
154922  -28.004  25.518  10.355 0.0000000000
154923  -28.781  27.046  9.766 0.0000000000
154924  -28.227  26.451  9.880 0.0000000000
154925  -27.739  25.779  9.917 0.0000000000
154926  -27.519  25.999  9.474 0.0000000000
154927  -27.289  26.229  9.023 0.0000000000
154928  -27.134  26.362  8.537 0.0000000000
154929  -49.026  33.112  -0.396 0.0000000000
154930  -48.330  32.895  -0.289 0.0000000000
154931  -47.616  32.707  -0.167 0.0000000000
154932  -47.992  33.334  -1.074 0.0000000000
154933  -47.450  32.921  -0.527 0.0000000000
154934  -46.860  32.537  -0.054 0.0000000000
154935  -46.072  32.412  0.043 0.0000000000
154936  -45.317  32.322  0.164 0.0000000000
154937  -44.558  32.220  0.312 0.0000000000
154938  -47.451  34.081  -2.879 0.0000000000
154939  -46.843  33.797  -2.321 0.0000000000
154940  -46.216  33.470  -1.753 0.0000000000
154941  -45.293  33.482  -2.119 0.0000000000
154942  -45.464  33.327  -1.656 0.0000000000
154943  -45.626  33.140  -1.206 0.0000000000
154944  -45.051  32.792  -0.630 0.0000000000
154945  -44.410  32.448  -0.064 0.0000000000
154946  -43.771  32.108  0.486 0.0000000000
154947  -42.987  31.959  0.657 0.0000000000
154948  -42.219  31.845  0.932 0.0000000000
154949  -41.401  31.741  1.211 0.0000000000
154950  -41.924  32.324  0.210 0.0000000000
154951  -41.271  31.973  0.866 0.0000000000
154952  -40.590  31.621  1.546 0.0000000000
154953  -39.796  31.554  1.890 0.0000000000
154954  -38.957  31.495  2.264 0.0000000000
154955  -38.100  31.446  2.704 0.0000000000
154956  -46.308  33.116  -6.706 0.0000000000
154957  -45.576  33.202  -6.194 0.0000000000
154958  -44.878  33.375  -5.644 0.0000000000
154959  -43.975  33.018  -5.957 0.0000000000
154960  -44.088  33.259  -5.523 0.0000000000
154961  -44.216  33.436  -5.051 0.0000000000
154962  -43.564  33.433  -4.411 0.0000000000
154963  -42.912  33.372  -3.725 0.0000000000
154964  -42.282  33.261  -3.017 0.0000000000
154965  -40.894  32.405  -4.768 0.0000000000
154966  -40.920  32.644  -4.381 0.0000000000
154967  -41.026  32.859  -3.997 0.0000000000
154968  -39.599  32.737  -2.782 0.0000000000
154969  -40.392  32.878  -3.215 0.0000000000
154970  -41.174  33.009  -3.605 0.0000000000
154971  -41.313  33.097  -3.174 0.0000000000
154972  -41.440  33.127  -2.728 0.0000000000
154973  -41.631  33.123  -2.277 0.0000000000
154974  -41.063  32.909  -1.499 0.0000000000
154975  -40.449  32.675  -0.712 0.0000000000
154976  -39.816  32.435  0.078 0.0000000000
154977  -38.747  32.463  0.113 0.0000000000
154978  -38.954  32.349  0.494 0.0000000000
154979  -39.174  32.174  0.873 0.0000000000
154980  -38.510  31.900  1.669 0.0000000000
154981  -37.889  31.676  2.398 0.0000000000
154982  -37.249  31.372  3.188 0.0000000000
154983  -36.431  31.294  3.661 0.0000000000
154984  -35.586  31.206  4.163 0.0000000000
154985  -34.771  31.094  4.665 0.0000000000
154986  -35.188  31.583  3.548 0.0000000000
154987  -34.582  31.313  4.352 0.0000000000
154988  -34.007  30.978  5.137 0.0000000000
154989  -33.251  30.844  5.600 0.0000000000
154990  -32.498  30.619  6.070 0.0000000000
154991  -31.752  30.370  6.513 0.0000000000
154992  -34.490  31.964  2.110 0.0000000000
154993  -33.833  31.761  2.973 0.0000000000
154994  -33.179  31.565  3.789 0.0000000000
154995  -32.229  31.513  3.792 0.0000000000
154996  -32.410  31.421  4.202 0.0000000000
154997  -32.591  31.305  4.617 0.0000000000
154998  -32.060  30.975  5.405 0.0000000000
154999  -31.535  30.569  6.170 0.0000000000
155000  -31.022  30.090  6.918 0.0000000000
155001  -30.314  29.755  7.226 0.0000000000
155002  -29.630  29.383  7.511 0.0000000000
155003  -28.962  28.922  7.753 0.0000000000
155004  -29.162  29.663  6.666 0.0000000000
155005  -28.747  29.059  7.321 0.0000000000
155006  -28.329  28.404  7.920 0.0000000000
155007  -27.790  27.833  8.027 0.0000000000
155008  -27.323  27.196  8.065 0.0000000000
155009  -26.958  26.486  8.038 0.0000000000
155010  -26.835  26.587  7.524 0.0000000000
155011  -26.741  26.670  7.002 0.0000000000
155013  -27.213  28.245  5.950 0.0000000000
155019  -29.097  30.304  3.503 0.0000000000
155020  -28.450  29.877  3.650 0.0000000000
155037  -35.013  30.603  -1.978 0.0000000000
155038  -34.271  30.504  -1.612 0.0000000000
155039  -33.495  30.416  -1.291 0.0000000000
155040  -34.507  29.809  -2.327 0.0000000000
