#!ascii label  , from subject studyTemplate vox2ras=TkReg
944
116  -46.419  28.759  -12.230 0.0000000000
255  -44.045  42.282  -15.239 0.0000000000
256  -35.246  37.989  -8.352 0.0000000000
257  -33.856  50.404  -13.124 0.0000000000
735  -42.309  47.611  -11.016 0.0000000000
736  -39.005  46.659  -13.995 0.0000000000
748  -42.984  40.001  -10.290 0.0000000000
1125  -44.350  24.294  -10.606 0.0000000000
1127  -42.976  26.307  -13.498 0.0000000000
1165  -47.572  30.862  -10.300 0.0000000000
1167  -42.830  27.838  -7.840 0.0000000000
1611  -44.963  35.456  -15.264 0.0000000000
1612  -41.843  33.156  -12.058 0.0000000000
1613  -39.569  40.296  -13.541 0.0000000000
1614  -33.295  43.780  -12.019 0.0000000000
1636  -46.606  35.280  -11.620 0.0000000000
3045  -45.943  26.030  -11.226 0.0000000000
3046  -44.705  24.680  -12.722 0.0000000000
3047  -45.057  27.284  -12.883 0.0000000000
3085  -47.245  29.740  -11.349 0.0000000000
3086  -45.641  28.993  -9.199 0.0000000000
3087  -46.201  27.306  -10.125 0.0000000000
3088  -43.884  25.704  -9.083 0.0000000000
3645  -44.380  39.012  -15.917 0.0000000000
3646  -42.484  37.892  -15.219 0.0000000000
3647  -41.695  41.352  -15.789 0.0000000000
3648  -36.072  48.309  -12.628 0.0000000000
3649  -35.996  45.332  -13.309 0.0000000000
3650  -33.451  46.844  -12.944 0.0000000000
3652  -31.177  48.385  -12.981 0.0000000000
3685  -43.983  41.272  -12.947 0.0000000000
3686  -44.677  37.409  -11.428 0.0000000000
3687  -45.186  38.647  -14.190 0.0000000000
3688  -46.209  35.667  -13.996 0.0000000000
4823  -38.770  35.608  -9.941 0.0000000000
4824  -39.389  31.700  -10.632 0.0000000000
5931  -43.585  45.214  -13.315 0.0000000000
5932  -41.850  44.856  -15.201 0.0000000000
5933  -41.876  47.954  -13.498 0.0000000000
5934  -39.178  49.726  -12.325 0.0000000000
5955  -41.397  42.633  -8.815 0.0000000000
5956  -42.519  43.733  -11.031 0.0000000000
6633  -41.830  23.845  -9.977 0.0000000000
6635  -43.273  23.124  -12.489 0.0000000000
6712  -40.937  25.330  -7.835 0.0000000000
7599  -45.724  32.083  -13.656 0.0000000000
7600  -44.490  30.790  -13.703 0.0000000000
7601  -43.447  34.364  -14.420 0.0000000000
7602  -40.770  36.908  -12.501 0.0000000000
7603  -37.624  39.254  -10.670 0.0000000000
7604  -38.837  43.583  -14.655 0.0000000000
7605  -36.405  42.348  -12.270 0.0000000000
7606  -33.960  41.303  -9.891 0.0000000000
7659  -47.779  33.095  -11.194 0.0000000000
7660  -46.904  32.621  -12.654 0.0000000000
9115  -42.569  29.319  -12.684 0.0000000000
9116  -39.717  28.618  -12.391 0.0000000000
10725  -46.354  27.291  -11.657 0.0000000000
10726  -45.706  26.535  -12.122 0.0000000000
10727  -45.770  28.017  -12.503 0.0000000000
10765  -46.923  29.178  -11.754 0.0000000000
10766  -46.926  28.467  -10.718 0.0000000000
10767  -46.755  27.796  -11.189 0.0000000000
10768  -46.175  26.580  -10.654 0.0000000000
11325  -44.172  40.764  -15.776 0.0000000000
11326  -43.143  40.195  -16.145 0.0000000000
11327  -43.058  41.961  -15.916 0.0000000000
11328  -34.863  49.388  -12.783 0.0000000000
11329  -34.796  47.697  -12.943 0.0000000000
11330  -33.661  48.610  -13.108 0.0000000000
11331  -32.360  47.573  -13.105 0.0000000000
11332  -32.545  49.506  -13.137 0.0000000000
11365  -44.320  41.944  -14.219 0.0000000000
11366  -44.569  40.033  -13.692 0.0000000000
11367  -44.658  40.582  -14.915 0.0000000000
11368  -45.051  38.975  -15.256 0.0000000000
12503  -37.070  36.795  -8.974 0.0000000000
12504  -37.519  34.807  -9.100 0.0000000000
12505  -35.719  36.007  -8.205 0.0000000000
13725  -43.020  46.474  -12.197 0.0000000000
13726  -42.956  46.714  -13.513 0.0000000000
13727  -42.503  48.003  -12.319 0.0000000000
13729  -40.657  50.401  -11.966 0.0000000000
13731  -37.536  50.453  -11.653 0.0000000000
13763  -41.190  42.173  -7.612 0.0000000000
13764  -40.565  43.850  -7.928 0.0000000000
13765  -41.537  46.904  -9.912 0.0000000000
13766  -41.585  45.003  -10.026 0.0000000000
13767  -42.395  45.728  -11.066 0.0000000000
13768  -43.287  44.439  -12.126 0.0000000000
14895  -43.130  23.865  -10.328 0.0000000000
14896  -42.745  23.351  -11.290 0.0000000000
14897  -43.828  23.662  -11.493 0.0000000000
14898  -44.116  25.370  -13.509 0.0000000000
14899  -43.896  24.253  -13.583 0.0000000000
14900  -43.004  25.248  -14.027 0.0000000000
14902  -41.586  26.348  -13.857 0.0000000000
15015  -47.569  31.425  -9.687 0.0000000000
15017  -46.589  30.621  -9.277 0.0000000000
15018  -44.284  28.304  -8.547 0.0000000000
15025  -44.233  24.884  -9.788 0.0000000000
15026  -42.470  25.384  -8.474 0.0000000000
15027  -42.938  24.497  -9.363 0.0000000000
15028  -41.430  24.540  -8.839 0.0000000000
16695  -45.301  33.775  -14.511 0.0000000000
16696  -44.688  33.194  -14.500 0.0000000000
16697  -44.179  34.888  -15.094 0.0000000000
16698  -41.085  39.110  -14.406 0.0000000000
16699  -41.625  37.421  -13.952 0.0000000000
16700  -40.148  38.633  -12.930 0.0000000000
16701  -39.292  38.073  -11.492 0.0000000000
16702  -38.590  39.813  -12.074 0.0000000000
16703  -40.438  45.875  -14.804 0.0000000000
16704  -40.272  44.187  -15.222 0.0000000000
16705  -38.923  45.206  -14.539 0.0000000000
16706  -34.568  44.532  -12.691 0.0000000000
16707  -36.046  43.842  -12.993 0.0000000000
16708  -34.783  43.205  -11.915 0.0000000000
16709  -35.219  41.851  -10.966 0.0000000000
16710  -33.519  42.613  -10.970 0.0000000000
16711  -32.373  41.816  -10.294 0.0000000000
16712  -32.158  42.876  -11.609 0.0000000000
16817  -43.710  38.393  -9.518 0.0000000000
16818  -45.714  36.322  -11.606 0.0000000000
16819  -45.813  36.319  -10.215 0.0000000000
16820  -46.842  35.373  -10.382 0.0000000000
16822  -47.649  34.436  -10.434 0.0000000000
16823  -48.058  33.382  -10.349 0.0000000000
16824  -47.292  34.196  -11.474 0.0000000000
16825  -45.685  35.625  -14.769 0.0000000000
16826  -46.564  34.164  -13.383 0.0000000000
16827  -45.994  34.022  -14.057 0.0000000000
16828  -46.361  32.371  -13.206 0.0000000000
20228  -43.206  31.899  -13.209 0.0000000000
20229  -43.655  30.051  -13.202 0.0000000000
20230  -42.199  31.177  -12.281 0.0000000000
20231  -37.910  31.333  -10.555 0.0000000000
20232  -39.543  30.066  -11.435 0.0000000000
23212  -42.005  49.127  -11.175 0.0000000000
23913  -45.259  25.016  -10.902 0.0000000000
23914  -44.753  24.323  -11.694 0.0000000000
23915  -45.427  25.319  -11.885 0.0000000000
23916  -44.990  25.851  -12.775 0.0000000000
23917  -44.145  26.696  -13.313 0.0000000000
23985  -47.459  30.319  -10.860 0.0000000000
23986  -46.797  29.881  -9.769 0.0000000000
23987  -46.909  29.178  -10.265 0.0000000000
23988  -45.984  28.153  -9.654 0.0000000000
23989  -44.748  27.233  -9.059 0.0000000000
23990  -43.348  26.647  -8.469 0.0000000000
23991  -45.175  26.374  -9.612 0.0000000000
23992  -45.309  25.601  -10.218 0.0000000000
24993  -44.615  37.210  -15.684 0.0000000000
24994  -43.764  36.661  -15.542 0.0000000000
24995  -43.408  38.429  -15.941 0.0000000000
24996  -42.029  39.588  -15.588 0.0000000000
24997  -40.560  40.743  -14.896 0.0000000000
24998  -37.535  47.460  -13.125 0.0000000000
24999  -37.510  45.992  -13.717 0.0000000000
25000  -36.035  46.810  -13.072 0.0000000000
25001  -34.644  46.077  -12.945 0.0000000000
25002  -33.317  45.189  -12.707 0.0000000000
25003  -32.099  44.157  -12.591 0.0000000000
25004  -32.163  45.777  -13.005 0.0000000000
25065  -43.402  40.565  -11.657 0.0000000000
25066  -43.774  38.690  -10.930 0.0000000000
25067  -44.152  39.313  -12.387 0.0000000000
25068  -44.966  38.043  -12.919 0.0000000000
25069  -45.738  36.748  -13.065 0.0000000000
25070  -46.429  35.430  -12.877 0.0000000000
25071  -45.740  37.184  -14.340 0.0000000000
25072  -45.392  37.319  -15.211 0.0000000000
27113  -40.360  34.366  -10.965 0.0000000000
27114  -40.719  32.378  -11.156 0.0000000000
27115  -39.143  33.601  -10.069 0.0000000000
27116  -37.785  32.959  -9.653 0.0000000000
29199  -43.866  43.799  -14.361 0.0000000000
29200  -43.059  43.657  -15.304 0.0000000000
29201  -43.072  45.242  -14.501 0.0000000000
29202  -41.945  46.486  -14.496 0.0000000000
29203  -40.528  47.414  -14.118 0.0000000000
29204  -41.706  49.330  -12.323 0.0000000000
29205  -40.618  49.016  -13.125 0.0000000000
29206  -39.053  48.218  -13.238 0.0000000000
29207  -37.504  48.973  -12.423 0.0000000000
29208  -36.047  49.911  -12.187 0.0000000000
29209  -34.959  51.077  -12.616 0.0000000000
29254  -41.951  40.902  -8.289 0.0000000000
29255  -42.173  41.331  -9.579 0.0000000000
29256  -40.949  44.346  -8.962 0.0000000000
29257  -41.827  43.093  -9.884 0.0000000000
29258  -42.640  41.804  -10.813 0.0000000000
29259  -43.363  42.479  -11.981 0.0000000000
29260  -43.982  43.240  -13.262 0.0000000000
30842  -44.128  23.741  -12.637 0.0000000000
30843  -43.345  23.455  -13.642 0.0000000000
31020  -41.941  26.434  -7.775 0.0000000000
31021  -40.450  26.375  -7.030 0.0000000000
33243  -46.119  30.390  -12.890 0.0000000000
33244  -45.534  29.733  -13.125 0.0000000000
33245  -45.110  31.488  -13.770 0.0000000000
33246  -43.973  32.599  -14.040 0.0000000000
33247  -42.654  33.828  -13.294 0.0000000000
33248  -42.960  36.154  -14.800 0.0000000000
33249  -42.169  35.657  -13.559 0.0000000000
33250  -41.355  35.052  -12.173 0.0000000000
33251  -39.863  36.300  -11.101 0.0000000000
33252  -38.244  37.494  -10.134 0.0000000000
33253  -36.522  38.667  -9.360 0.0000000000
33254  -41.667  43.085  -15.634 0.0000000000
33255  -40.178  42.510  -15.289 0.0000000000
33256  -39.047  41.922  -14.235 0.0000000000
33257  -37.452  44.488  -13.958 0.0000000000
33258  -37.563  42.949  -13.564 0.0000000000
33259  -38.026  41.385  -12.827 0.0000000000
33260  -36.950  40.879  -11.421 0.0000000000
33261  -35.824  40.345  -10.076 0.0000000000
33262  -34.591  39.752  -8.987 0.0000000000
33263  -32.761  40.592  -9.109 0.0000000000
33399  -44.717  37.281  -9.913 0.0000000000
33406  -48.086  32.360  -10.053 0.0000000000
33407  -47.903  31.920  -10.803 0.0000000000
33408  -46.992  34.174  -12.495 0.0000000000
33409  -47.390  32.874  -11.984 0.0000000000
33410  -47.625  31.542  -11.457 0.0000000000
33411  -47.217  31.122  -11.978 0.0000000000
33412  -46.680  30.720  -12.445 0.0000000000
37585  -44.899  28.971  -13.239 0.0000000000
37586  -43.998  28.264  -13.211 0.0000000000
37587  -42.834  27.657  -13.113 0.0000000000
37588  -41.017  30.500  -11.660 0.0000000000
37589  -41.212  28.788  -12.344 0.0000000000
37590  -41.430  27.393  -13.048 0.0000000000
37647  -34.169  52.589  -13.059 0.0000000000
37656  -32.891  51.842  -13.150 0.0000000000
37657  -31.421  50.848  -12.875 0.0000000000
41445  -46.405  28.026  -11.923 0.0000000000
41446  -46.092  27.613  -12.077 0.0000000000
41447  -46.094  28.374  -12.344 0.0000000000
41485  -46.662  28.976  -12.006 0.0000000000
41486  -46.877  28.478  -11.457 0.0000000000
41487  -46.700  28.200  -11.678 0.0000000000
41488  -46.568  27.522  -11.405 0.0000000000
42045  -44.114  41.534  -15.570 0.0000000000
42046  -43.678  41.401  -15.952 0.0000000000
42047  -43.627  42.166  -15.656 0.0000000000
42048  -34.322  49.895  -12.973 0.0000000000
42049  -34.315  49.051  -13.041 0.0000000000
42050  -33.791  49.524  -13.152 0.0000000000
42051  -33.107  49.066  -13.177 0.0000000000
42052  -33.258  49.971  -13.201 0.0000000000
42085  -44.272  42.192  -14.763 0.0000000000
42086  -44.503  41.298  -14.620 0.0000000000
42087  -44.380  41.458  -15.130 0.0000000000
42088  -44.513  40.728  -15.414 0.0000000000
43223  -36.162  37.401  -8.572 0.0000000000
43224  -36.415  36.404  -8.556 0.0000000000
43225  -35.512  36.997  -8.216 0.0000000000
44445  -42.650  47.041  -11.600 0.0000000000
44446  -42.840  47.250  -12.278 0.0000000000
44447  -42.495  47.822  -11.688 0.0000000000
44485  -41.972  47.275  -10.466 0.0000000000
44486  -41.969  46.323  -10.493 0.0000000000
44487  -42.376  46.704  -11.024 0.0000000000
44488  -42.772  46.120  -11.614 0.0000000000
45615  -43.741  24.034  -10.466 0.0000000000
45616  -43.523  23.726  -10.910 0.0000000000
45617  -44.117  23.950  -11.037 0.0000000000
45618  -43.629  25.821  -13.538 0.0000000000
45619  -43.584  25.251  -13.746 0.0000000000
45620  -43.013  25.784  -13.764 0.0000000000
45621  -42.327  25.810  -13.997 0.0000000000
45622  -42.292  26.288  -13.669 0.0000000000
45735  -47.647  31.091  -9.992 0.0000000000
45736  -47.125  31.008  -9.495 0.0000000000
45737  -47.207  30.667  -9.769 0.0000000000
45738  -43.545  28.055  -8.196 0.0000000000
45745  -44.308  24.558  -10.182 0.0000000000
45746  -43.583  24.647  -9.562 0.0000000000
45747  -43.707  24.277  -9.999 0.0000000000
45748  -43.048  24.173  -9.832 0.0000000000
47415  -45.115  34.612  -14.915 0.0000000000
47416  -44.781  34.322  -14.939 0.0000000000
47417  -44.562  35.174  -15.234 0.0000000000
47418  -40.322  39.693  -13.931 0.0000000000
47419  -40.604  38.870  -13.683 0.0000000000
47420  -39.842  39.486  -13.238 0.0000000000
47421  -39.373  39.243  -12.477 0.0000000000
47422  -39.088  40.066  -12.828 0.0000000000
47423  -39.708  46.287  -14.449 0.0000000000
47424  -39.689  45.509  -14.746 0.0000000000
47425  -38.977  45.905  -14.317 0.0000000000
47426  -33.949  44.169  -12.326 0.0000000000
47427  -34.656  43.863  -12.352 0.0000000000
47428  -34.019  43.545  -11.913 0.0000000000
47429  -34.156  42.932  -11.432 0.0000000000
47430  -33.383  43.182  -11.554 0.0000000000
47431  -32.811  42.765  -11.225 0.0000000000
47432  -32.682  43.348  -11.800 0.0000000000
47535  -42.864  39.805  -9.679 0.0000000000
47536  -43.265  39.039  -9.281 0.0000000000
47537  -43.297  39.165  -9.953 0.0000000000
47538  -46.190  35.738  -11.583 0.0000000000
47539  -46.260  35.752  -10.945 0.0000000000
47540  -46.736  35.243  -10.957 0.0000000000
47541  -47.277  34.935  -10.442 0.0000000000
47542  -47.127  34.791  -10.987 0.0000000000
47543  -47.476  34.294  -10.954 0.0000000000
47544  -46.983  34.747  -11.567 0.0000000000
47545  -45.326  35.567  -15.058 0.0000000000
47546  -45.826  34.829  -14.460 0.0000000000
47547  -45.484  34.727  -14.732 0.0000000000
47548  -45.663  33.887  -14.328 0.0000000000
50948  -42.495  32.553  -12.645 0.0000000000
50949  -42.714  31.557  -12.706 0.0000000000
50950  -42.020  32.152  -12.120 0.0000000000
55215  -45.664  25.470  -11.048 0.0000000000
55216  -45.403  25.117  -11.384 0.0000000000
55217  -45.689  25.652  -11.509 0.0000000000
55218  -45.417  26.879  -12.525 0.0000000000
55219  -45.372  26.186  -12.440 0.0000000000
55220  -45.052  26.512  -12.827 0.0000000000
55221  -44.638  26.219  -13.136 0.0000000000
55222  -44.622  26.963  -13.113 0.0000000000
55335  -47.368  30.073  -11.119 0.0000000000
55336  -47.273  29.720  -10.556 0.0000000000
55337  -47.205  29.418  -10.798 0.0000000000
55338  -46.631  27.879  -10.434 0.0000000000
55339  -46.562  28.279  -10.200 0.0000000000
55340  -46.146  27.701  -9.882 0.0000000000
55341  -45.406  27.654  -9.346 0.0000000000
55342  -45.592  27.197  -9.586 0.0000000000
55343  -44.976  26.778  -9.339 0.0000000000
55344  -45.754  26.794  -9.846 0.0000000000
55345  -46.101  26.266  -10.927 0.0000000000
55346  -45.792  26.018  -10.433 0.0000000000
55347  -45.720  25.748  -10.730 0.0000000000
55348  -45.317  25.253  -10.534 0.0000000000
57015  -44.476  38.087  -15.820 0.0000000000
57016  -44.036  37.823  -15.874 0.0000000000
57017  -43.935  38.725  -16.028 0.0000000000
57018  -42.450  40.785  -15.996 0.0000000000
57019  -42.527  39.885  -15.994 0.0000000000
57020  -41.799  40.465  -15.759 0.0000000000
57021  -41.292  40.177  -15.258 0.0000000000
57022  -41.064  41.049  -15.433 0.0000000000
57023  -36.768  47.857  -12.803 0.0000000000
57024  -36.771  47.119  -13.090 0.0000000000
57025  -36.069  47.555  -12.870 0.0000000000
57026  -34.156  47.295  -13.012 0.0000000000
57027  -34.710  46.905  -12.979 0.0000000000
57028  -34.040  46.467  -12.913 0.0000000000
57029  -33.968  45.649  -12.795 0.0000000000
57030  -33.371  46.006  -12.856 0.0000000000
57031  -32.737  45.487  -12.852 0.0000000000
57032  -32.798  46.334  -12.953 0.0000000000
57033  -31.771  47.960  -13.075 0.0000000000
57034  -31.657  47.042  -13.142 0.0000000000
57035  -31.079  47.458  -13.095 0.0000000000
57135  -43.672  40.895  -12.313 0.0000000000
57136  -43.764  39.967  -12.064 0.0000000000
57137  -44.028  40.293  -12.706 0.0000000000
57138  -44.899  39.353  -14.010 0.0000000000
57139  -44.743  39.041  -13.358 0.0000000000
57140  -45.132  38.393  -13.595 0.0000000000
57141  -45.386  37.437  -13.042 0.0000000000
57142  -45.447  37.700  -13.739 0.0000000000
57143  -45.771  36.993  -13.724 0.0000000000
57144  -45.472  37.932  -14.305 0.0000000000
57145  -44.769  38.995  -15.632 0.0000000000
57146  -45.217  38.156  -15.267 0.0000000000
57147  -44.880  38.154  -15.622 0.0000000000
57148  -45.025  37.284  -15.488 0.0000000000
60548  -39.563  34.999  -10.443 0.0000000000
60549  -39.780  33.978  -10.486 0.0000000000
60550  -38.978  34.608  -9.980 0.0000000000
60551  -36.791  34.436  -8.824 0.0000000000
60552  -37.685  33.839  -9.329 0.0000000000
60553  -36.918  33.540  -9.173 0.0000000000
64215  -43.771  44.520  -13.862 0.0000000000
64216  -43.505  44.546  -14.442 0.0000000000
64217  -43.486  45.322  -13.963 0.0000000000
64218  -42.430  47.364  -13.535 0.0000000000
64219  -42.562  46.666  -14.071 0.0000000000
64220  -41.935  47.233  -14.063 0.0000000000
64221  -41.255  46.979  -14.370 0.0000000000
64222  -41.270  47.744  -13.890 0.0000000000
64223  -41.758  49.839  -11.163 0.0000000000
64224  -41.959  49.294  -11.780 0.0000000000
64225  -41.593  49.948  -11.710 0.0000000000
64226  -39.985  50.117  -12.203 0.0000000000
64227  -40.647  49.732  -12.533 0.0000000000
64228  -39.920  49.389  -12.734 0.0000000000
64229  -39.846  48.623  -13.234 0.0000000000
64230  -39.093  48.974  -12.791 0.0000000000
64231  -38.288  48.587  -12.804 0.0000000000
64232  -38.312  49.313  -12.379 0.0000000000
64233  -36.768  50.943  -11.599 0.0000000000
64234  -36.722  50.156  -11.880 0.0000000000
64235  -36.033  50.662  -11.899 0.0000000000
64236  -35.447  50.465  -12.347 0.0000000000
64237  -35.518  51.256  -12.177 0.0000000000
64330  -41.266  42.400  -8.220 0.0000000000
64331  -41.556  41.518  -7.947 0.0000000000
64332  -41.638  41.758  -8.580 0.0000000000
64333  -42.011  41.116  -8.966 0.0000000000
64334  -41.778  41.991  -9.197 0.0000000000
64336  -40.558  44.959  -8.449 0.0000000000
64337  -40.804  45.255  -8.956 0.0000000000
64338  -42.045  44.375  -10.523 0.0000000000
64339  -41.669  44.032  -9.982 0.0000000000
64340  -42.134  43.407  -10.440 0.0000000000
64341  -42.247  42.450  -10.333 0.0000000000
64342  -42.564  42.749  -10.941 0.0000000000
64343  -42.973  42.119  -11.403 0.0000000000
64344  -42.947  43.089  -11.506 0.0000000000
64345  -43.532  44.846  -12.742 0.0000000000
64346  -43.652  43.844  -12.695 0.0000000000
64347  -43.835  44.218  -13.308 0.0000000000
64348  -44.017  43.559  -13.834 0.0000000000
67725  -41.144  23.988  -9.837 0.0000000000
67727  -41.700  23.614  -10.509 0.0000000000
67728  -43.055  23.211  -11.905 0.0000000000
67733  -44.783  24.469  -12.240 0.0000000000
67734  -44.430  24.031  -12.133 0.0000000000
67735  -44.447  24.170  -12.670 0.0000000000
67736  -43.392  24.190  -14.019 0.0000000000
67737  -43.671  23.807  -13.636 0.0000000000
67738  -43.192  23.745  -14.101 0.0000000000
68093  -46.238  29.414  -9.481 0.0000000000
68094  -46.105  29.828  -9.247 0.0000000000
68095  -45.405  29.491  -8.955 0.0000000000
68115  -43.615  26.194  -8.766 0.0000000000
68116  -42.651  26.516  -8.119 0.0000000000
68117  -42.912  25.978  -8.441 0.0000000000
68118  -41.726  25.349  -8.163 0.0000000000
68119  -41.457  25.842  -7.766 0.0000000000
68120  -40.674  25.831  -7.415 0.0000000000
68122  -39.903  25.838  -7.104 0.0000000000
68123  -39.115  25.934  -6.861 0.0000000000
68124  -40.161  25.410  -7.573 0.0000000000
68125  -41.664  24.179  -9.423 0.0000000000
68126  -40.698  24.666  -8.654 0.0000000000
68127  -40.951  24.317  -9.248 0.0000000000
73125  -45.932  31.220  -13.252 0.0000000000
73126  -45.633  30.934  -13.347 0.0000000000
73127  -45.427  31.796  -13.739 0.0000000000
73128  -44.076  33.750  -14.577 0.0000000000
73129  -44.338  32.872  -14.316 0.0000000000
73130  -43.739  33.449  -14.278 0.0000000000
73131  -43.319  33.213  -13.759 0.0000000000
73132  -43.056  34.102  -13.900 0.0000000000
73133  -43.138  37.285  -15.443 0.0000000000
73134  -43.364  36.402  -15.238 0.0000000000
73135  -42.727  37.024  -14.981 0.0000000000
73136  -41.192  37.205  -13.238 0.0000000000
73137  -41.899  36.554  -13.728 0.0000000000
73138  -41.485  36.289  -13.039 0.0000000000
73139  -41.764  35.381  -12.876 0.0000000000
73140  -41.075  35.982  -12.324 0.0000000000
73141  -40.627  35.666  -11.631 0.0000000000
73142  -40.334  36.612  -11.788 0.0000000000
73143  -38.463  38.675  -11.057 0.0000000000
73144  -38.777  37.785  -10.785 0.0000000000
73145  -37.954  38.385  -10.348 0.0000000000
73146  -37.398  38.079  -9.714 0.0000000000
73147  -37.081  38.975  -9.997 0.0000000000
73148  -42.478  44.279  -15.264 0.0000000000
73149  -42.415  43.398  -15.534 0.0000000000
73150  -41.742  43.946  -15.434 0.0000000000
73151  -39.536  43.877  -14.997 0.0000000000
73152  -40.170  43.324  -15.315 0.0000000000
73153  -39.527  43.065  -14.982 0.0000000000
73154  -39.596  42.225  -14.810 0.0000000000
73155  -38.913  42.766  -14.495 0.0000000000
73156  -36.732  45.702  -13.528 0.0000000000
73157  -37.487  45.264  -13.907 0.0000000000
73158  -36.716  44.938  -13.604 0.0000000000
73159  -36.173  43.111  -12.659 0.0000000000
73160  -36.794  43.422  -13.246 0.0000000000
73161  -36.945  42.655  -12.910 0.0000000000
73162  -37.724  42.167  -13.204 0.0000000000
73163  -37.223  41.895  -12.509 0.0000000000
73164  -37.498  41.132  -12.116 0.0000000000
73165  -36.668  41.615  -11.844 0.0000000000
73166  -34.598  41.620  -10.348 0.0000000000
73167  -35.485  41.141  -10.498 0.0000000000
73168  -34.891  40.851  -9.924 0.0000000000
73169  -35.226  40.059  -9.496 0.0000000000
73170  -34.251  40.564  -9.397 0.0000000000
73171  -33.657  40.195  -8.966 0.0000000000
73172  -33.354  40.952  -9.480 0.0000000000
73173  -31.729  41.926  -10.733 0.0000000000
73174  -31.827  41.387  -10.049 0.0000000000
73178  -31.520  44.322  -12.961 0.0000000000
73179  -31.504  43.621  -12.569 0.0000000000
73493  -44.236  38.060  -11.195 0.0000000000
73494  -44.167  37.911  -10.462 0.0000000000
73495  -44.680  37.319  -10.655 0.0000000000
73510  -47.878  33.223  -10.760 0.0000000000
73511  -48.112  32.854  -10.207 0.0000000000
73512  -47.979  32.658  -10.601 0.0000000000
73513  -47.995  32.116  -10.430 0.0000000000
73514  -47.858  32.495  -10.998 0.0000000000
73515  -46.341  35.552  -13.456 0.0000000000
73516  -46.707  34.763  -12.688 0.0000000000
73517  -46.603  34.877  -13.237 0.0000000000
73518  -46.726  33.369  -13.025 0.0000000000
73519  -46.973  33.477  -12.678 0.0000000000
73520  -47.149  32.745  -12.336 0.0000000000
73521  -47.521  32.208  -11.727 0.0000000000
73522  -47.310  32.026  -12.017 0.0000000000
73523  -47.404  31.354  -11.734 0.0000000000
73524  -47.080  31.883  -12.310 0.0000000000
73525  -46.058  32.211  -13.446 0.0000000000
73526  -46.529  31.547  -12.833 0.0000000000
73527  -46.231  31.362  -13.043 0.0000000000
73528  -46.406  30.540  -12.676 0.0000000000
83723  -45.020  30.283  -13.502 0.0000000000
83724  -45.235  29.376  -13.191 0.0000000000
83725  -44.703  29.879  -13.440 0.0000000000
83726  -43.172  29.647  -12.945 0.0000000000
83727  -43.874  29.109  -13.208 0.0000000000
83728  -43.313  28.767  -13.038 0.0000000000
83729  -43.469  27.918  -13.212 0.0000000000
83730  -42.709  28.456  -12.897 0.0000000000
83731  -40.079  32.007  -10.851 0.0000000000
83732  -40.846  31.438  -11.379 0.0000000000
83733  -40.189  31.093  -11.135 0.0000000000
83734  -39.620  29.291  -11.878 0.0000000000
83735  -40.383  29.412  -11.890 0.0000000000
83736  -40.500  28.630  -12.312 0.0000000000
83737  -41.343  28.037  -12.694 0.0000000000
83738  -40.560  27.997  -12.740 0.0000000000
83739  -40.658  27.411  -13.153 0.0000000000
83740  -39.804  28.037  -12.896 0.0000000000
83904  -32.167  51.368  -13.039 0.0000000000
93033  -46.170  26.611  -11.418 0.0000000000
93034  -45.918  26.216  -11.657 0.0000000000
93035  -46.015  26.886  -11.837 0.0000000000
93036  -45.770  27.248  -12.281 0.0000000000
93037  -45.437  27.630  -12.692 0.0000000000
93105  -47.076  29.448  -11.545 0.0000000000
93106  -47.139  29.073  -11.025 0.0000000000
93107  -47.052  28.744  -11.215 0.0000000000
93108  -46.879  28.114  -10.952 0.0000000000
93109  -46.583  27.511  -10.669 0.0000000000
93110  -46.268  26.916  -10.390 0.0000000000
93111  -46.504  27.147  -10.898 0.0000000000
93112  -46.357  26.867  -11.151 0.0000000000
94113  -44.281  39.906  -15.890 0.0000000000
94114  -43.829  39.636  -16.090 0.0000000000
94115  -43.715  40.521  -16.033 0.0000000000
94116  -43.083  41.091  -16.052 0.0000000000
94117  -42.400  41.662  -15.953 0.0000000000
94118  -35.440  48.845  -12.653 0.0000000000
94119  -35.423  48.018  -12.778 0.0000000000
94120  -34.854  48.537  -12.883 0.0000000000
94121  -34.239  48.156  -13.028 0.0000000000
94122  -33.566  47.700  -13.054 0.0000000000
94123  -32.901  47.173  -13.039 0.0000000000
94124  -33.006  48.116  -13.112 0.0000000000
94125  -32.448  48.537  -13.145 0.0000000000
94126  -31.862  48.922  -13.042 0.0000000000
94185  -44.227  41.633  -13.604 0.0000000000
94186  -44.263  40.658  -13.334 0.0000000000
94187  -44.437  41.000  -13.978 0.0000000000
94188  -44.692  40.394  -14.354 0.0000000000
94189  -44.923  39.626  -14.595 0.0000000000
94190  -45.179  38.868  -14.762 0.0000000000
94191  -44.851  39.820  -15.163 0.0000000000
94192  -44.636  39.872  -15.563 0.0000000000
96233  -37.944  36.203  -9.448 0.0000000000
96234  -38.179  35.207  -9.481 0.0000000000
96235  -37.317  35.794  -8.986 0.0000000000
96236  -36.618  35.408  -8.631 0.0000000000
98433  -43.305  45.885  -12.764 0.0000000000
98434  -43.299  46.010  -13.422 0.0000000000
98435  -43.081  46.647  -12.872 0.0000000000
98436  -42.747  47.372  -12.925 0.0000000000
98437  -42.313  48.060  -12.932 0.0000000000
98439  -41.160  50.544  -11.586 0.0000000000
98441  -40.007  50.823  -11.671 0.0000000000
98442  -39.231  50.464  -11.828 0.0000000000
98443  -38.390  50.068  -11.944 0.0000000000
98444  -38.406  50.813  -11.506 0.0000000000
98503  -40.867  43.025  -7.824 0.0000000000
98504  -40.998  43.246  -8.384 0.0000000000
98505  -41.105  46.545  -9.407 0.0000000000
98506  -41.127  45.591  -9.534 0.0000000000
98507  -41.544  45.965  -9.989 0.0000000000
98508  -41.980  45.366  -10.546 0.0000000000
98509  -42.435  44.728  -11.076 0.0000000000
98510  -42.901  44.083  -11.578 0.0000000000
98511  -42.818  45.094  -11.623 0.0000000000
98512  -43.183  45.484  -12.180 0.0000000000
100539  -42.481  23.831  -10.148 0.0000000000
100540  -42.340  23.558  -10.649 0.0000000000
100541  -42.951  23.587  -10.782 0.0000000000
100542  -43.314  23.406  -11.392 0.0000000000
100543  -43.580  23.396  -11.990 0.0000000000
100544  -44.488  24.982  -13.166 0.0000000000
100545  -44.366  24.426  -13.181 0.0000000000
100546  -44.028  24.794  -13.563 0.0000000000
100547  -43.567  24.653  -13.953 0.0000000000
100548  -42.965  24.696  -14.255 0.0000000000
100760  -44.981  28.641  -8.880 0.0000000000
100761  -44.759  29.141  -8.650 0.0000000000
100773  -44.069  25.277  -9.412 0.0000000000
100774  -43.182  25.502  -8.775 0.0000000000
100775  -43.428  25.007  -9.154 0.0000000000
100776  -42.716  24.923  -8.893 0.0000000000
100777  -42.007  24.880  -8.617 0.0000000000
100778  -41.218  24.929  -8.335 0.0000000000
100779  -42.199  24.493  -9.111 0.0000000000
100780  -42.402  24.094  -9.643 0.0000000000
103779  -45.507  32.929  -14.092 0.0000000000
103780  -45.220  32.638  -14.132 0.0000000000
103781  -44.987  33.482  -14.526 0.0000000000
103782  -44.426  34.043  -14.795 0.0000000000
103783  -43.815  34.615  -14.862 0.0000000000
103784  -41.816  38.514  -14.862 0.0000000000
103785  -42.058  37.652  -14.619 0.0000000000
103786  -41.354  38.279  -14.184 0.0000000000
103787  -40.890  38.041  -13.445 0.0000000000
103788  -40.461  37.784  -12.700 0.0000000000
103789  -40.045  37.507  -11.977 0.0000000000
103790  -39.699  38.381  -12.203 0.0000000000
103791  -38.928  38.960  -11.754 0.0000000000
103792  -38.127  39.543  -11.362 0.0000000000
103793  -41.156  45.394  -15.057 0.0000000000
103794  -41.056  44.489  -15.301 0.0000000000
103795  -40.393  45.071  -15.104 0.0000000000
103796  -39.601  44.716  -14.905 0.0000000000
103797  -38.861  44.403  -14.642 0.0000000000
103798  -35.282  44.928  -13.032 0.0000000000
103799  -35.999  44.559  -13.249 0.0000000000
103800  -35.309  44.206  -12.806 0.0000000000
103801  -35.396  43.526  -12.436 0.0000000000
103802  -35.582  42.795  -12.052 0.0000000000
103803  -35.829  42.077  -11.607 0.0000000000
103804  -34.965  42.575  -11.421 0.0000000000
103805  -34.362  42.287  -10.897 0.0000000000
103806  -33.731  41.969  -10.416 0.0000000000
103807  -33.110  41.652  -9.986 0.0000000000
103808  -32.951  42.205  -10.623 0.0000000000
103809  -32.257  42.342  -10.951 0.0000000000
103810  -31.633  42.435  -11.412 0.0000000000
104000  -45.208  36.867  -11.571 0.0000000000
104001  -45.208  36.767  -10.795 0.0000000000
104002  -45.733  36.247  -10.900 0.0000000000
104003  -46.349  35.815  -10.303 0.0000000000
104004  -46.993  35.577  -9.830 0.0000000000
104006  -47.431  35.132  -9.905 0.0000000000
104007  -47.779  34.647  -9.971 0.0000000000
104008  -48.043  34.111  -9.963 0.0000000000
104009  -48.187  33.586  -9.916 0.0000000000
104010  -47.892  33.908  -10.412 0.0000000000
104011  -47.704  33.756  -10.867 0.0000000000
104012  -47.538  33.655  -11.351 0.0000000000
104013  -45.973  35.664  -14.394 0.0000000000
104014  -46.399  34.903  -13.690 0.0000000000
104015  -46.145  34.889  -14.088 0.0000000000
104016  -46.306  34.104  -13.742 0.0000000000
104017  -46.467  33.305  -13.342 0.0000000000
104018  -46.662  32.514  -12.920 0.0000000000
104019  -46.184  33.219  -13.617 0.0000000000
104020  -45.855  33.063  -13.872 0.0000000000
110138  -43.872  31.323  -13.575 0.0000000000
110139  -44.126  30.393  -13.491 0.0000000000
110140  -43.431  30.968  -13.256 0.0000000000
110141  -42.929  30.617  -12.834 0.0000000000
110142  -42.410  30.226  -12.468 0.0000000000
110143  -38.659  31.515  -10.501 0.0000000000
110144  -39.458  30.871  -11.005 0.0000000000
110145  -38.725  30.716  -10.998 0.0000000000
110146  -38.807  29.961  -11.484 0.0000000000
110147  -38.894  29.264  -12.017 0.0000000000
115599  -41.910  48.178  -10.433 0.0000000000
115600  -42.182  48.384  -11.135 0.0000000000
115601  -41.833  48.936  -10.503 0.0000000000
115602  -41.705  49.680  -10.548 0.0000000000
115660  -41.569  47.816  -9.883 0.0000000000
117237  -44.849  24.616  -10.759 0.0000000000
117238  -44.623  24.279  -11.148 0.0000000000
117239  -45.044  24.642  -11.271 0.0000000000
117240  -45.092  24.794  -11.800 0.0000000000
117241  -45.045  24.986  -12.303 0.0000000000
117242  -45.587  25.898  -11.981 0.0000000000
117243  -45.248  25.564  -12.349 0.0000000000
117244  -44.918  25.193  -12.742 0.0000000000
117245  -44.593  25.563  -13.152 0.0000000000
117246  -44.143  26.003  -13.368 0.0000000000
117247  -43.598  26.465  -13.414 0.0000000000
117405  -47.544  30.579  -10.598 0.0000000000
117406  -47.268  30.346  -10.037 0.0000000000
117407  -47.250  30.042  -10.308 0.0000000000
117408  -46.909  29.523  -10.036 0.0000000000
117409  -46.372  29.028  -9.738 0.0000000000
117410  -46.969  28.830  -10.497 0.0000000000
117411  -46.502  28.639  -9.970 0.0000000000
117412  -45.817  28.550  -9.428 0.0000000000
117413  -45.208  28.127  -9.105 0.0000000000
117414  -44.511  27.765  -8.801 0.0000000000
117415  -43.783  27.427  -8.495 0.0000000000
117416  -43.104  27.228  -8.160 0.0000000000
117417  -44.048  26.914  -8.775 0.0000000000
117418  -44.315  26.441  -9.074 0.0000000000
117419  -44.535  26.026  -9.365 0.0000000000
117420  -45.792  26.419  -10.142 0.0000000000
117421  -45.293  25.963  -9.913 0.0000000000
117422  -44.712  25.600  -9.679 0.0000000000
117423  -44.803  25.214  -10.009 0.0000000000
117424  -44.837  24.886  -10.365 0.0000000000
119757  -44.778  36.333  -15.485 0.0000000000
119758  -44.381  36.039  -15.486 0.0000000000
119759  -44.198  36.927  -15.719 0.0000000000
119760  -43.547  37.550  -15.781 0.0000000000
119761  -42.938  38.130  -15.658 0.0000000000
119762  -43.250  39.314  -16.079 0.0000000000
119763  -42.760  39.000  -15.859 0.0000000000
119764  -42.270  38.736  -15.415 0.0000000000
119765  -41.555  39.345  -15.064 0.0000000000
119766  -40.817  39.921  -14.631 0.0000000000
119767  -40.052  40.523  -14.237 0.0000000000
119768  -38.284  47.060  -13.534 0.0000000000
119769  -38.263  46.306  -13.864 0.0000000000
119770  -37.534  46.714  -13.407 0.0000000000
119771  -36.758  46.392  -13.347 0.0000000000
119772  -36.015  46.080  -13.259 0.0000000000
119773  -35.377  47.243  -12.916 0.0000000000
119774  -35.334  46.490  -13.072 0.0000000000
119775  -35.293  45.685  -13.080 0.0000000000
119776  -34.605  45.288  -12.876 0.0000000000
119777  -33.924  44.871  -12.618 0.0000000000
119778  -33.283  44.448  -12.399 0.0000000000
119779  -32.680  43.976  -12.261 0.0000000000
119780  -32.698  44.692  -12.622 0.0000000000
119781  -32.134  44.895  -12.898 0.0000000000
119782  -31.563  45.176  -13.140 0.0000000000
119783  -32.236  46.680  -13.055 0.0000000000
119784  -31.594  46.105  -13.162 0.0000000000
119925  -43.148  40.260  -10.983 0.0000000000
119926  -43.383  39.349  -10.627 0.0000000000
119927  -43.545  39.634  -11.348 0.0000000000
119928  -43.935  38.960  -11.655 0.0000000000
119929  -44.348  38.309  -11.947 0.0000000000
119930  -44.376  39.693  -13.066 0.0000000000
119931  -44.554  38.682  -12.674 0.0000000000
119932  -44.824  37.704  -12.177 0.0000000000
119933  -45.254  37.083  -12.307 0.0000000000
119934  -45.712  36.524  -12.347 0.0000000000
119935  -46.128  35.934  -12.327 0.0000000000
119936  -46.485  35.336  -12.274 0.0000000000
119937  -46.106  36.092  -13.020 0.0000000000
119938  -46.076  36.256  -13.623 0.0000000000
119939  -45.970  36.415  -14.187 0.0000000000
119940  -45.417  38.109  -14.849 0.0000000000
119941  -45.606  37.293  -14.794 0.0000000000
119942  -45.797  36.483  -14.676 0.0000000000
119943  -45.520  36.469  -15.012 0.0000000000
119944  -45.188  36.417  -15.342 0.0000000000
124703  -41.121  33.757  -11.503 0.0000000000
124704  -41.333  32.749  -11.546 0.0000000000
124705  -40.574  33.353  -10.989 0.0000000000
124706  -39.955  32.976  -10.615 0.0000000000
124707  -39.299  32.632  -10.332 0.0000000000
124708  -38.372  34.219  -9.583 0.0000000000
124709  -38.503  33.256  -9.823 0.0000000000
124710  -38.605  32.373  -10.128 0.0000000000
124711  -37.849  32.130  -10.027 0.0000000000
129723  -43.958  43.078  -14.825 0.0000000000
129724  -43.588  42.996  -15.307 0.0000000000
129725  -43.557  43.797  -14.909 0.0000000000
129726  -43.061  44.452  -14.925 0.0000000000
129727  -42.521  45.087  -14.922 0.0000000000
129728  -43.091  46.032  -14.036 0.0000000000
129729  -42.586  45.907  -14.545 0.0000000000
129730  -41.907  45.681  -14.862 0.0000000000
129731  -41.216  46.217  -14.742 0.0000000000
129732  -40.471  46.650  -14.486 0.0000000000
129733  -39.752  47.054  -14.091 0.0000000000
129734  -42.245  48.597  -11.747 0.0000000000
129735  -42.131  48.690  -12.345 0.0000000000
129736  -41.830  48.679  -12.914 0.0000000000
129737  -41.220  49.927  -12.180 0.0000000000
129738  -41.266  49.253  -12.766 0.0000000000
129739  -41.281  48.507  -13.360 0.0000000000
129740  -40.566  48.208  -13.611 0.0000000000
129741  -39.801  47.849  -13.691 0.0000000000
129742  -39.026  47.445  -13.636 0.0000000000
129743  -38.283  47.833  -13.183 0.0000000000
129744  -37.500  48.241  -12.794 0.0000000000
129745  -36.758  48.656  -12.523 0.0000000000
129746  -37.497  49.701  -12.064 0.0000000000
129747  -36.735  49.408  -12.190 0.0000000000
129748  -36.063  49.111  -12.398 0.0000000000
129749  -35.421  49.649  -12.479 0.0000000000
129750  -34.890  50.208  -12.693 0.0000000000
129751  -34.406  50.758  -12.917 0.0000000000
129874  -42.442  40.470  -9.319 0.0000000000
129875  -42.556  40.673  -9.965 0.0000000000
129876  -40.369  44.702  -7.937 0.0000000000
129877  -40.757  44.082  -8.449 0.0000000000
129878  -41.169  43.457  -8.912 0.0000000000
129879  -41.170  44.649  -9.509 0.0000000000
129880  -41.363  43.726  -9.437 0.0000000000
129881  -41.572  42.848  -9.341 0.0000000000
129882  -41.988  42.185  -9.771 0.0000000000
129883  -42.386  41.524  -10.190 0.0000000000
129884  -42.769  40.885  -10.578 0.0000000000
129885  -43.019  41.176  -11.249 0.0000000000
129886  -43.344  41.489  -11.863 0.0000000000
129887  -43.694  41.878  -12.493 0.0000000000
129888  -43.341  43.427  -12.056 0.0000000000
129889  -43.700  42.860  -12.616 0.0000000000
129890  -44.007  42.255  -13.153 0.0000000000
129891  -44.162  42.597  -13.757 0.0000000000
129892  -44.165  42.869  -14.319 0.0000000000
134174  -42.152  23.344  -11.183 0.0000000000
134180  -44.323  23.961  -11.591 0.0000000000
134181  -44.059  23.678  -12.075 0.0000000000
134182  -43.726  23.431  -12.579 0.0000000000
134183  -44.077  23.947  -13.145 0.0000000000
134184  -43.765  23.559  -13.150 0.0000000000
134185  -43.369  23.257  -13.108 0.0000000000
134636  -46.737  30.228  -9.524 0.0000000000
134637  -45.958  30.302  -9.074 0.0000000000
134664  -42.415  27.099  -7.808 0.0000000000
134665  -41.707  27.016  -7.428 0.0000000000
134667  -42.199  25.890  -8.105 0.0000000000
134668  -41.213  26.381  -7.422 0.0000000000
134676  -40.435  25.018  -8.086 0.0000000000
140895  -46.286  29.568  -12.566 0.0000000000
140896  -46.001  29.224  -12.696 0.0000000000
140897  -45.843  30.051  -13.029 0.0000000000
140898  -45.319  30.610  -13.458 0.0000000000
140899  -44.796  31.160  -13.775 0.0000000000
140900  -44.901  32.335  -14.114 0.0000000000
140901  -44.580  32.011  -14.085 0.0000000000
140902  -44.233  31.715  -13.877 0.0000000000
140903  -43.586  32.297  -13.695 0.0000000000
140904  -42.913  32.898  -13.213 0.0000000000
140905  -42.268  33.505  -12.664 0.0000000000
140906  -43.970  35.760  -15.366 0.0000000000
140907  -43.574  35.509  -15.045 0.0000000000
140908  -43.198  35.263  -14.611 0.0000000000
140909  -42.330  36.781  -14.409 0.0000000000
140910  -42.568  35.903  -14.212 0.0000000000
140911  -42.800  35.015  -14.063 0.0000000000
140912  -42.406  34.760  -13.417 0.0000000000
140913  -42.040  34.452  -12.744 0.0000000000
140914  -41.618  34.114  -12.092 0.0000000000
140915  -40.891  34.710  -11.524 0.0000000000
140916  -40.121  35.336  -10.979 0.0000000000
140917  -39.340  35.966  -10.461 0.0000000000
140918  -39.570  37.207  -11.273 0.0000000000
140919  -39.060  36.895  -10.593 0.0000000000
140920  -38.536  36.579  -9.980 0.0000000000
140921  -37.678  37.170  -9.507 0.0000000000
140922  -36.807  37.749  -9.127 0.0000000000
140923  -35.882  38.334  -8.830 0.0000000000
140924  -43.050  42.803  -15.636 0.0000000000
140925  -42.385  42.527  -15.791 0.0000000000
140926  -41.609  42.244  -15.793 0.0000000000
140927  -40.944  43.610  -15.469 0.0000000000
140928  -40.854  42.783  -15.596 0.0000000000
140929  -40.922  41.927  -15.540 0.0000000000
140930  -40.321  41.649  -15.127 0.0000000000
140931  -39.780  41.367  -14.558 0.0000000000
140932  -39.289  41.112  -13.878 0.0000000000
140933  -38.254  45.601  -14.146 0.0000000000
140934  -38.184  44.850  -14.276 0.0000000000
140935  -38.132  44.058  -14.312 0.0000000000
140936  -36.709  44.156  -13.508 0.0000000000
140937  -37.452  43.719  -13.826 0.0000000000
140938  -38.192  43.250  -14.164 0.0000000000
140939  -38.310  42.456  -13.905 0.0000000000
140940  -38.529  41.678  -13.552 0.0000000000
140941  -38.804  40.865  -13.180 0.0000000000
140942  -38.326  40.592  -12.438 0.0000000000
140943  -37.780  40.357  -11.716 0.0000000000
140944  -37.281  40.090  -11.020 0.0000000000
140945  -36.088  41.356  -11.154 0.0000000000
140946  -36.402  40.609  -10.720 0.0000000000
140947  -36.743  39.818  -10.324 0.0000000000
140948  -36.173  39.521  -9.702 0.0000000000
140949  -35.563  39.227  -9.131 0.0000000000
140950  -34.930  38.897  -8.623 0.0000000000
140951  -33.974  39.373  -8.499 0.0000000000
140954  -32.547  41.221  -9.702 0.0000000000
140960  -32.096  43.468  -12.167 0.0000000000
140961  -31.535  42.976  -12.036 0.0000000000
141345  -43.738  38.534  -10.205 0.0000000000
141346  -44.224  37.851  -9.742 0.0000000000
141348  -45.260  36.766  -10.071 0.0000000000
141366  -48.219  33.078  -9.808 0.0000000000
141369  -47.957  31.853  -9.870 0.0000000000
141370  -47.861  31.608  -10.227 0.0000000000
141371  -47.802  31.393  -10.553 0.0000000000
141372  -46.841  34.742  -12.149 0.0000000000
141373  -47.137  34.157  -11.992 0.0000000000
141374  -47.386  33.589  -11.829 0.0000000000
141375  -46.785  34.156  -12.951 0.0000000000
141376  -47.199  33.530  -12.249 0.0000000000
141377  -47.575  32.977  -11.602 0.0000000000
141378  -47.732  32.328  -11.366 0.0000000000
141379  -47.761  31.754  -11.144 0.0000000000
141380  -47.695  31.170  -10.872 0.0000000000
141381  -47.575  30.918  -11.165 0.0000000000
141382  -47.441  30.695  -11.426 0.0000000000
141383  -47.251  30.450  -11.662 0.0000000000
141384  -46.815  31.715  -12.573 0.0000000000
141385  -46.954  30.938  -12.232 0.0000000000
141386  -47.077  30.135  -11.858 0.0000000000
141387  -46.810  29.939  -12.095 0.0000000000
141388  -46.572  29.741  -12.351 0.0000000000
153715  -45.737  28.842  -12.782 0.0000000000
153716  -45.375  28.476  -12.904 0.0000000000
153717  -44.997  28.133  -13.034 0.0000000000
153718  -44.344  29.480  -13.354 0.0000000000
153719  -44.480  28.633  -13.221 0.0000000000
153720  -44.598  27.816  -13.186 0.0000000000
153721  -44.097  27.455  -13.250 0.0000000000
153722  -43.529  27.171  -13.296 0.0000000000
153723  -42.919  26.952  -13.329 0.0000000000
153724  -41.464  31.781  -11.709 0.0000000000
153725  -41.635  30.824  -11.934 0.0000000000
153726  -41.837  29.903  -12.197 0.0000000000
153727  -40.291  30.231  -11.499 0.0000000000
153728  -41.121  29.627  -11.996 0.0000000000
153729  -41.929  29.029  -12.475 0.0000000000
153730  -42.059  28.185  -12.780 0.0000000000
153731  -42.161  27.473  -13.042 0.0000000000
153732  -42.224  26.845  -13.334 0.0000000000
153733  -41.499  26.826  -13.414 0.0000000000
153734  -40.795  26.884  -13.605 0.0000000000
153902  -34.538  51.784  -12.893 0.0000000000
153903  -33.984  51.490  -13.094 0.0000000000
153929  -33.568  52.272  -13.158 0.0000000000
153930  -33.382  51.105  -13.168 0.0000000000
153931  -32.702  50.624  -13.156 0.0000000000
153932  -31.983  50.136  -13.018 0.0000000000
153933  -31.289  49.576  -12.888 0.0000000000
