#!ascii label  , from subject studyTemplate vox2ras=TkReg
1657
359  -18.981  -40.479  -9.434 0.0000000000
360  -23.147  -37.071  -14.113 0.0000000000
606  -28.238  -24.235  -26.670 0.0000000000
641  -25.409  -30.835  -19.908 0.0000000000
838  -16.102  -43.845  -9.225 0.0000000000
840  -23.483  -44.648  -6.239 0.0000000000
1347  -19.872  -18.714  -26.169 0.0000000000
1348  -25.475  -20.146  -29.476 0.0000000000
1349  -21.887  -23.158  -25.691 0.0000000000
1437  -29.639  -38.607  -11.719 0.0000000000
1438  -24.322  -33.885  -16.849 0.0000000000
1439  -30.474  -34.451  -14.972 0.0000000000
1440  -30.801  -30.351  -18.014 0.0000000000
1793  -14.982  -40.802  -4.952 0.0000000000
1795  -14.796  -38.255  -6.825 0.0000000000
1796  -15.638  -35.892  -8.926 0.0000000000
1797  -16.936  -33.702  -11.268 0.0000000000
1798  -18.000  -32.121  -13.672 0.0000000000
1799  -21.362  -38.754  -11.501 0.0000000000
1800  -27.118  -41.567  -8.323 0.0000000000
2452  -32.084  -19.664  -29.318 0.0000000000
2454  -33.270  -22.924  -25.491 0.0000000000
2557  -19.033  -30.397  -16.353 0.0000000000
2558  -20.074  -28.413  -19.282 0.0000000000
2559  -21.163  -26.121  -22.501 0.0000000000
2560  -26.709  -27.803  -23.563 0.0000000000
2561  -31.550  -26.332  -21.509 0.0000000000
3267  -19.940  -19.927  -23.717 0.0000000000
3268  -20.672  -20.886  -26.028 0.0000000000
3269  -19.979  -22.090  -23.707 0.0000000000
3357  -32.396  -38.963  -10.674 0.0000000000
3358  -30.189  -36.557  -13.447 0.0000000000
3359  -33.088  -36.866  -12.654 0.0000000000
3360  -33.347  -34.900  -14.375 0.0000000000
3947  -15.607  -42.530  -6.451 0.0000000000
3948  -14.810  -39.432  -5.889 0.0000000000
3949  -14.730  -41.091  -7.113 0.0000000000
3950  -17.691  -42.303  -9.531 0.0000000000
3951  -15.418  -39.216  -9.395 0.0000000000
3952  -16.326  -37.858  -10.253 0.0000000000
3953  -16.296  -34.736  -10.048 0.0000000000
3954  -17.383  -36.694  -11.168 0.0000000000
3955  -18.237  -35.983  -12.265 0.0000000000
3956  -20.187  -39.364  -10.259 0.0000000000
3958  -25.307  -43.058  -7.020 0.0000000000
3960  -29.669  -42.463  -7.090 0.0000000000
5485  -26.985  -22.190  -28.148 0.0000000000
5486  -29.127  -20.077  -29.409 0.0000000000
5487  -30.232  -22.095  -27.948 0.0000000000
5488  -32.795  -21.654  -27.725 0.0000000000
5489  -30.975  -23.711  -26.231 0.0000000000
5747  -19.797  -35.016  -14.874 0.0000000000
5748  -18.541  -31.244  -14.987 0.0000000000
5749  -20.461  -34.020  -16.204 0.0000000000
5750  -24.853  -32.453  -18.412 0.0000000000
5751  -21.885  -31.641  -18.980 0.0000000000
5752  -22.570  -30.310  -20.447 0.0000000000
5753  -20.613  -27.333  -20.836 0.0000000000
5754  -23.300  -28.932  -22.045 0.0000000000
5755  -23.962  -27.456  -23.630 0.0000000000
5756  -26.082  -29.302  -21.761 0.0000000000
5757  -33.421  -30.668  -17.532 0.0000000000
5758  -31.109  -28.337  -19.797 0.0000000000
5759  -33.735  -28.414  -19.154 0.0000000000
5760  -34.159  -26.135  -20.719 0.0000000000
6117  -19.851  -44.667  -7.952 0.0000000000
6118  -21.246  -42.828  -7.719 0.0000000000
7035  -21.985  -19.586  -28.315 0.0000000000
7036  -23.442  -21.853  -27.786 0.0000000000
7037  -24.962  -23.978  -26.702 0.0000000000
7193  -26.593  -38.009  -12.813 0.0000000000
7194  -23.636  -35.459  -15.288 0.0000000000
7195  -27.075  -36.009  -14.213 0.0000000000
7196  -27.459  -34.037  -15.721 0.0000000000
7197  -27.735  -32.357  -17.293 0.0000000000
7198  -28.103  -30.454  -18.833 0.0000000000
7199  -30.609  -32.472  -16.481 0.0000000000
7200  -33.348  -32.815  -15.997 0.0000000000
8021  -13.838  -40.042  -2.717 0.0000000000
8023  -14.722  -38.885  -3.471 0.0000000000
8026  -14.648  -40.243  -8.254 0.0000000000
8027  -15.025  -37.094  -7.890 0.0000000000
8033  -17.495  -32.880  -12.346 0.0000000000
8034  -19.066  -35.557  -13.530 0.0000000000
8035  -22.358  -38.123  -12.856 0.0000000000
8036  -22.805  -41.540  -8.567 0.0000000000
8037  -24.325  -40.519  -9.858 0.0000000000
8038  -25.695  -39.367  -11.265 0.0000000000
8039  -28.611  -40.150  -9.885 0.0000000000
8040  -31.264  -40.734  -8.785 0.0000000000
9915  -34.525  -18.925  -29.038 0.0000000000
9916  -34.971  -20.955  -27.297 0.0000000000
9918  -35.176  -22.553  -24.872 0.0000000000
10228  -21.181  -32.903  -17.585 0.0000000000
10229  -19.557  -29.473  -17.788 0.0000000000
10231  -20.460  -25.796  -18.644 0.0000000000
10232  -20.308  -24.743  -20.369 0.0000000000
10233  -20.157  -23.488  -22.025 0.0000000000
10234  -21.510  -24.685  -24.055 0.0000000000
10235  -24.363  -25.764  -25.118 0.0000000000
10236  -27.424  -26.102  -25.161 0.0000000000
10237  -28.616  -28.566  -20.654 0.0000000000
10238  -29.250  -26.895  -22.528 0.0000000000
10239  -29.990  -25.333  -24.349 0.0000000000
10240  -32.235  -24.401  -23.410 0.0000000000
10241  -34.595  -24.277  -22.404 0.0000000000
10948  -19.853  -20.988  -23.756 0.0000000000
10949  -20.098  -21.671  -22.630 0.0000000000
11037  -33.767  -39.282  -10.448 0.0000000000
11038  -32.778  -37.905  -11.691 0.0000000000
11039  -34.181  -38.305  -11.500 0.0000000000
11040  -34.457  -37.302  -12.573 0.0000000000
11628  -15.113  -41.770  -6.726 0.0000000000
11630  -18.336  -41.370  -9.374 0.0000000000
11631  -17.093  -40.019  -9.873 0.0000000000
11632  -17.636  -39.165  -10.099 0.0000000000
11633  -16.832  -37.230  -10.658 0.0000000000
11634  -18.274  -38.486  -10.422 0.0000000000
11635  -18.782  -37.999  -10.861 0.0000000000
11636  -19.591  -39.851  -9.725 0.0000000000
13165  -27.665  -23.205  -27.428 0.0000000000
13166  -28.662  -22.189  -28.075 0.0000000000
13167  -29.215  -23.143  -27.344 0.0000000000
13168  -30.574  -22.967  -27.254 0.0000000000
13169  -29.503  -24.075  -26.504 0.0000000000
13427  -21.452  -36.361  -14.741 0.0000000000
13428  -20.115  -34.541  -15.523 0.0000000000
13429  -21.727  -35.744  -15.313 0.0000000000
13430  -25.079  -31.649  -19.097 0.0000000000
13431  -23.754  -31.567  -19.611 0.0000000000
13432  -24.059  -30.789  -20.423 0.0000000000
13433  -22.926  -29.639  -21.223 0.0000000000
13434  -24.402  -30.085  -21.254 0.0000000000
13435  -24.680  -29.352  -22.069 0.0000000000
13436  -25.752  -30.040  -20.831 0.0000000000
13438  -33.573  -29.511  -18.295 0.0000000000
15558  -19.713  -18.405  -24.975 0.0000000000
15564  -20.664  -19.124  -27.248 0.0000000000
15565  -21.251  -22.031  -25.917 0.0000000000
15566  -21.940  -21.439  -27.097 0.0000000000
15567  -22.567  -22.536  -26.837 0.0000000000
15568  -24.264  -22.905  -27.299 0.0000000000
15569  -23.422  -23.629  -26.345 0.0000000000
15827  -28.162  -38.372  -12.289 0.0000000000
15828  -26.860  -37.059  -13.568 0.0000000000
15829  -28.469  -37.415  -13.136 0.0000000000
15830  -30.359  -35.487  -14.198 0.0000000000
15831  -28.842  -35.246  -14.576 0.0000000000
15832  -28.987  -34.293  -15.324 0.0000000000
15833  -27.615  -33.206  -16.544 0.0000000000
15834  -29.152  -33.332  -16.155 0.0000000000
15835  -29.170  -32.444  -16.847 0.0000000000
15836  -30.518  -33.490  -15.713 0.0000000000
15838  -33.309  -33.914  -15.115 0.0000000000
17597  -14.170  -40.310  -3.881 0.0000000000
17598  -14.237  -39.442  -3.066 0.0000000000
17599  -14.338  -39.622  -4.300 0.0000000000
17600  -14.780  -38.831  -6.371 0.0000000000
17601  -14.862  -38.436  -5.194 0.0000000000
17602  -15.140  -37.859  -5.725 0.0000000000
17604  -15.401  -37.287  -6.271 0.0000000000
17606  -14.516  -42.407  -8.227 0.0000000000
17607  -15.156  -42.072  -8.880 0.0000000000
17608  -15.238  -37.290  -9.314 0.0000000000
17609  -14.906  -37.874  -8.754 0.0000000000
17610  -15.297  -36.500  -8.439 0.0000000000
17611  -15.969  -36.121  -7.272 0.0000000000
17612  -16.308  -35.517  -7.822 0.0000000000
17615  -16.617  -34.212  -10.624 0.0000000000
17621  -17.201  -33.290  -11.796 0.0000000000
17622  -19.771  -37.432  -12.057 0.0000000000
17623  -18.650  -35.749  -12.859 0.0000000000
17624  -20.244  -37.250  -12.733 0.0000000000
17625  -20.697  -37.012  -13.447 0.0000000000
17626  -21.926  -38.489  -12.206 0.0000000000
17627  -22.359  -43.829  -6.918 0.0000000000
17628  -22.015  -42.136  -8.043 0.0000000000
17629  -23.203  -43.049  -7.259 0.0000000000
17630  -26.233  -42.290  -7.620 0.0000000000
17631  -24.913  -41.702  -8.347 0.0000000000
17632  -25.739  -41.083  -9.018 0.0000000000
17633  -25.030  -39.978  -10.528 0.0000000000
17634  -26.538  -40.445  -9.728 0.0000000000
17635  -27.190  -39.808  -10.519 0.0000000000
17636  -27.889  -40.873  -9.049 0.0000000000
17638  -30.506  -41.624  -7.862 0.0000000000
17639  -31.831  -42.081  -7.448 0.0000000000
17640  -32.600  -41.153  -8.371 0.0000000000
22218  -30.630  -19.945  -29.418 0.0000000000
22219  -30.199  -18.817  -29.878 0.0000000000
22220  -31.662  -18.697  -29.900 0.0000000000
22222  -32.913  -18.405  -29.888 0.0000000000
22224  -33.356  -19.411  -29.189 0.0000000000
22225  -33.086  -22.339  -26.698 0.0000000000
22226  -33.918  -21.234  -27.422 0.0000000000
22227  -34.104  -22.010  -26.429 0.0000000000
22228  -35.235  -21.852  -26.047 0.0000000000
22229  -34.326  -22.622  -25.039 0.0000000000
23000  -18.809  -30.839  -15.670 0.0000000000
23001  -19.259  -29.871  -14.521 0.0000000000
23002  -19.441  -29.408  -15.191 0.0000000000
23004  -19.548  -28.891  -15.875 0.0000000000
23005  -23.984  -34.641  -16.006 0.0000000000
23006  -22.403  -34.349  -16.673 0.0000000000
23007  -22.761  -33.683  -17.431 0.0000000000
23008  -20.815  -30.038  -19.267 0.0000000000
23009  -20.458  -30.597  -18.563 0.0000000000
23010  -19.821  -28.968  -18.520 0.0000000000
23011  -19.747  -27.918  -17.345 0.0000000000
23012  -19.871  -27.455  -18.154 0.0000000000
23013  -20.609  -26.326  -17.741 0.0000000000
23014  -19.940  -26.949  -18.998 0.0000000000
23015  -20.871  -26.728  -21.631 0.0000000000
23016  -20.152  -25.947  -20.717 0.0000000000
23017  -20.258  -25.396  -21.504 0.0000000000
23018  -20.214  -24.093  -21.216 0.0000000000
23019  -20.472  -24.781  -22.399 0.0000000000
23020  -20.568  -24.114  -23.201 0.0000000000
23021  -21.328  -25.432  -23.256 0.0000000000
23022  -25.408  -27.777  -23.753 0.0000000000
23023  -24.129  -26.632  -24.364 0.0000000000
23024  -25.759  -26.968  -24.540 0.0000000000
23025  -25.970  -26.101  -25.297 0.0000000000
23026  -26.993  -26.991  -24.372 0.0000000000
23027  -29.451  -30.391  -18.412 0.0000000000
23028  -28.354  -29.465  -19.732 0.0000000000
23029  -29.618  -29.402  -19.310 0.0000000000
23030  -31.356  -27.305  -20.668 0.0000000000
23031  -30.098  -27.471  -21.089 0.0000000000
23032  -30.423  -26.462  -22.027 0.0000000000
23033  -29.601  -26.087  -23.445 0.0000000000
23034  -30.752  -25.641  -22.927 0.0000000000
23035  -31.045  -24.821  -23.843 0.0000000000
23036  -31.893  -25.290  -22.420 0.0000000000
23038  -34.330  -25.163  -21.481 0.0000000000
24313  -19.725  -19.364  -24.965 0.0000000000
24314  -20.169  -19.749  -26.046 0.0000000000
24315  -19.885  -20.346  -24.900 0.0000000000
24316  -20.189  -21.490  -24.831 0.0000000000
24317  -20.721  -22.634  -24.800 0.0000000000
24473  -31.023  -38.781  -11.167 0.0000000000
24474  -29.964  -37.620  -12.631 0.0000000000
24475  -31.384  -37.752  -12.071 0.0000000000
24476  -31.626  -36.701  -12.976 0.0000000000
24477  -31.809  -35.643  -13.829 0.0000000000
24478  -31.919  -34.636  -14.580 0.0000000000
24479  -33.260  -35.866  -13.545 0.0000000000
25535  -15.705  -41.455  -5.887 0.0000000000
25536  -14.886  -40.102  -5.466 0.0000000000
25537  -15.256  -40.762  -6.262 0.0000000000
25538  -14.914  -40.107  -6.672 0.0000000000
25539  -14.632  -39.516  -7.081 0.0000000000
25540  -17.008  -43.187  -9.520 0.0000000000
25541  -15.837  -41.537  -9.351 0.0000000000
25542  -16.502  -40.846  -9.684 0.0000000000
25543  -15.848  -38.543  -9.834 0.0000000000
25544  -15.630  -36.675  -9.807 0.0000000000
25545  -15.949  -35.308  -9.510 0.0000000000
25546  -16.012  -36.100  -10.315 0.0000000000
25547  -16.418  -35.590  -10.887 0.0000000000
25548  -16.804  -35.114  -11.480 0.0000000000
25549  -17.133  -34.714  -12.008 0.0000000000
25550  -17.820  -36.285  -11.678 0.0000000000
25551  -19.258  -37.649  -11.410 0.0000000000
25552  -20.831  -39.018  -10.852 0.0000000000
25554  -24.426  -43.792  -6.554 0.0000000000
25556  -26.547  -43.635  -6.352 0.0000000000
25557  -27.499  -42.813  -6.969 0.0000000000
25558  -28.392  -42.030  -7.625 0.0000000000
25559  -28.764  -43.330  -6.433 0.0000000000
28305  -26.166  -21.179  -28.850 0.0000000000
28306  -27.329  -20.175  -29.459 0.0000000000
28307  -28.029  -21.174  -28.826 0.0000000000
28308  -29.769  -21.136  -28.742 0.0000000000
28309  -31.055  -20.823  -28.674 0.0000000000
28310  -32.366  -20.734  -28.633 0.0000000000
28311  -31.426  -21.787  -27.822 0.0000000000
28312  -31.932  -22.691  -26.908 0.0000000000
28313  -32.219  -23.240  -25.839 0.0000000000
28775  -18.453  -33.476  -14.487 0.0000000000
28776  -18.270  -31.694  -14.320 0.0000000000
28777  -18.812  -33.066  -15.172 0.0000000000
28778  -19.134  -32.600  -15.834 0.0000000000
28779  -19.442  -32.166  -16.520 0.0000000000
28780  -24.637  -33.188  -17.677 0.0000000000
28781  -23.099  -32.990  -18.212 0.0000000000
28782  -23.406  -32.284  -18.918 0.0000000000
28783  -22.208  -30.953  -19.661 0.0000000000
28784  -21.132  -29.429  -20.010 0.0000000000
28785  -20.374  -27.894  -20.062 0.0000000000
28786  -21.490  -28.799  -20.787 0.0000000000
28787  -21.844  -28.197  -21.570 0.0000000000
28788  -22.216  -27.537  -22.406 0.0000000000
28789  -22.401  -26.834  -23.167 0.0000000000
28790  -23.597  -28.213  -22.801 0.0000000000
28791  -25.095  -28.565  -22.924 0.0000000000
28792  -26.387  -28.542  -22.696 0.0000000000
28793  -32.141  -30.410  -17.670 0.0000000000
28794  -30.998  -29.281  -18.862 0.0000000000
28795  -32.232  -29.343  -18.441 0.0000000000
28796  -32.483  -28.253  -19.360 0.0000000000
28797  -32.646  -27.227  -20.217 0.0000000000
28798  -32.846  -26.180  -21.005 0.0000000000
28799  -33.893  -27.345  -19.791 0.0000000000
29629  -18.125  -44.598  -9.219 0.0000000000
29630  -18.793  -43.619  -8.879 0.0000000000
29631  -19.477  -42.596  -8.582 0.0000000000
29632  -20.140  -41.768  -8.607 0.0000000000
29633  -20.489  -43.705  -7.689 0.0000000000
29634  -21.508  -44.715  -6.826 0.0000000000
31775  -23.721  -20.025  -29.107 0.0000000000
31776  -21.308  -20.298  -27.249 0.0000000000
31777  -22.761  -20.733  -28.111 0.0000000000
31778  -24.480  -21.091  -28.664 0.0000000000
31779  -25.254  -22.115  -28.125 0.0000000000
31780  -26.013  -23.139  -27.481 0.0000000000
31781  -26.707  -24.164  -26.761 0.0000000000
32141  -24.893  -37.551  -13.414 0.0000000000
32142  -23.413  -36.274  -14.667 0.0000000000
32143  -25.155  -36.642  -14.072 0.0000000000
32144  -25.376  -35.674  -14.670 0.0000000000
32145  -25.636  -34.815  -15.390 0.0000000000
32146  -28.646  -36.337  -13.849 0.0000000000
32147  -27.271  -35.013  -14.909 0.0000000000
32148  -25.879  -33.964  -16.203 0.0000000000
32149  -26.114  -33.158  -17.052 0.0000000000
32150  -26.280  -32.380  -17.780 0.0000000000
32151  -26.485  -31.505  -18.477 0.0000000000
32152  -26.743  -30.607  -19.299 0.0000000000
32153  -27.908  -31.430  -18.052 0.0000000000
32154  -29.290  -31.413  -17.621 0.0000000000
32155  -30.657  -31.452  -17.195 0.0000000000
32156  -31.918  -33.610  -15.365 0.0000000000
32157  -31.979  -32.553  -16.153 0.0000000000
32158  -32.012  -31.532  -16.874 0.0000000000
32159  -33.347  -31.753  -16.773 0.0000000000
34390  -14.591  -38.983  -4.704 0.0000000000
34397  -14.559  -40.653  -7.634 0.0000000000
34398  -14.530  -38.933  -7.603 0.0000000000
34399  -14.969  -39.792  -8.855 0.0000000000
34400  -14.646  -38.413  -8.188 0.0000000000
34401  -14.866  -37.668  -7.328 0.0000000000
34402  -15.677  -36.719  -6.777 0.0000000000
34417  -17.744  -32.500  -13.005 0.0000000000
34418  -17.467  -34.367  -12.557 0.0000000000
34419  -17.839  -34.084  -13.167 0.0000000000
34420  -18.192  -33.810  -13.838 0.0000000000
34421  -19.443  -35.383  -14.226 0.0000000000
34422  -21.097  -36.772  -14.110 0.0000000000
34423  -22.821  -37.692  -13.500 0.0000000000
34424  -20.828  -41.129  -8.901 0.0000000000
34425  -21.561  -40.607  -9.398 0.0000000000
34426  -22.215  -40.163  -10.021 0.0000000000
34427  -24.066  -42.360  -7.757 0.0000000000
34428  -23.565  -41.049  -9.165 0.0000000000
34429  -22.948  -39.778  -10.695 0.0000000000
34430  -23.526  -39.356  -11.382 0.0000000000
34431  -24.047  -38.866  -12.043 0.0000000000
34432  -24.524  -38.282  -12.717 0.0000000000
34433  -26.222  -38.722  -12.052 0.0000000000
34434  -27.739  -39.129  -11.380 0.0000000000
34435  -29.181  -39.412  -10.814 0.0000000000
34436  -29.230  -41.223  -8.447 0.0000000000
34437  -29.944  -40.457  -9.317 0.0000000000
34438  -30.538  -39.685  -10.227 0.0000000000
34439  -31.876  -39.893  -9.712 0.0000000000
34440  -33.237  -40.242  -9.384 0.0000000000
36065  -13.513  -40.595  -2.425 0.0000000000
36066  -14.071  -40.965  -3.492 0.0000000000
36067  -15.131  -41.437  -4.538 0.0000000000
36070  -16.140  -42.006  -5.523 0.0000000000
39975  -28.474  -19.027  -29.963 0.0000000000
39984  -33.741  -20.398  -28.289 0.0000000000
39985  -34.847  -19.963  -28.197 0.0000000000
40918  -22.047  -35.036  -15.946 0.0000000000
40919  -20.832  -33.500  -16.926 0.0000000000
40920  -19.778  -31.693  -17.205 0.0000000000
40921  -21.524  -32.273  -18.283 0.0000000000
40922  -20.116  -31.143  -17.899 0.0000000000
40923  -19.293  -29.935  -17.036 0.0000000000
40924  -19.634  -28.423  -16.599 0.0000000000
40930  -20.019  -26.511  -19.888 0.0000000000
40931  -20.394  -25.238  -19.432 0.0000000000
40934  -20.669  -23.111  -21.022 0.0000000000
40935  -20.470  -22.415  -21.814 0.0000000000
40936  -20.099  -22.823  -22.895 0.0000000000
40937  -20.565  -23.356  -23.944 0.0000000000
40938  -21.712  -23.934  -24.851 0.0000000000
40939  -22.691  -26.077  -23.948 0.0000000000
40940  -22.866  -25.235  -24.712 0.0000000000
40941  -23.111  -24.422  -25.490 0.0000000000
40942  -24.691  -24.805  -25.869 0.0000000000
40943  -26.422  -25.142  -26.051 0.0000000000
40944  -27.813  -25.195  -25.930 0.0000000000
40945  -27.035  -29.708  -20.202 0.0000000000
40946  -27.298  -28.956  -21.175 0.0000000000
40947  -27.605  -28.212  -22.146 0.0000000000
40948  -29.837  -28.450  -20.217 0.0000000000
40949  -28.825  -27.777  -21.572 0.0000000000
40950  -27.948  -27.431  -23.075 0.0000000000
40951  -28.295  -26.640  -23.986 0.0000000000
40952  -28.739  -25.775  -24.778 0.0000000000
40953  -29.283  -24.887  -25.624 0.0000000000
40954  -30.295  -24.604  -25.343 0.0000000000
40955  -31.530  -24.054  -24.869 0.0000000000
40956  -32.799  -23.673  -24.509 0.0000000000
40957  -33.091  -25.131  -21.890 0.0000000000
40958  -33.543  -24.208  -22.850 0.0000000000
40959  -33.724  -23.403  -23.842 0.0000000000
40960  -34.637  -23.467  -23.558 0.0000000000
41668  -20.226  -21.205  -22.682 0.0000000000
41757  -34.412  -39.566  -10.436 0.0000000000
41758  -33.989  -38.801  -10.965 0.0000000000
41759  -34.648  -39.017  -11.076 0.0000000000
41760  -34.807  -38.552  -11.606 0.0000000000
42350  -18.649  -40.914  -9.379 0.0000000000
42351  -18.019  -40.290  -9.724 0.0000000000
42352  -18.333  -39.858  -9.791 0.0000000000
42353  -17.954  -38.814  -10.233 0.0000000000
42354  -18.667  -39.480  -9.920 0.0000000000
42355  -18.945  -39.168  -10.100 0.0000000000
42356  -19.271  -40.137  -9.539 0.0000000000
43885  -27.885  -23.700  -27.048 0.0000000000
43886  -28.379  -23.194  -27.374 0.0000000000
43887  -28.772  -23.703  -26.995 0.0000000000
43888  -29.547  -23.682  -26.965 0.0000000000
43889  -28.897  -24.190  -26.597 0.0000000000
44147  -22.283  -36.779  -14.444 0.0000000000
44148  -21.587  -36.089  -15.013 0.0000000000
44149  -22.417  -36.431  -14.739 0.0000000000
44150  -25.271  -31.267  -19.513 0.0000000000
44151  -24.536  -31.262  -19.767 0.0000000000
44152  -24.724  -30.886  -20.212 0.0000000000
44153  -24.280  -30.459  -20.865 0.0000000000
44154  -24.932  -30.495  -20.651 0.0000000000
44155  -25.067  -30.143  -21.092 0.0000000000
44156  -25.506  -30.480  -20.349 0.0000000000
46278  -19.688  -18.546  -25.568 0.0000000000
46279  -19.648  -18.091  -25.615 0.0000000000
46280  -19.680  -18.229  -26.129 0.0000000000
46282  -20.006  -18.440  -26.726 0.0000000000
46283  -20.444  -18.620  -27.291 0.0000000000
46284  -20.217  -18.927  -26.749 0.0000000000
46285  -21.548  -22.570  -25.845 0.0000000000
46286  -21.915  -22.311  -26.435 0.0000000000
46287  -22.273  -22.834  -26.276 0.0000000000
46288  -23.020  -23.059  -26.624 0.0000000000
46289  -22.698  -23.426  -26.090 0.0000000000
46547  -28.909  -38.484  -12.019 0.0000000000
46548  -28.340  -37.908  -12.747 0.0000000000
46549  -29.084  -38.048  -12.461 0.0000000000
46550  -30.412  -34.948  -14.581 0.0000000000
46551  -29.686  -34.873  -14.759 0.0000000000
46552  -29.780  -34.343  -15.160 0.0000000000
46553  -29.038  -33.815  -15.723 0.0000000000
46554  -29.820  -33.869  -15.558 0.0000000000
46555  -29.814  -33.440  -15.936 0.0000000000
46556  -30.522  -33.951  -15.342 0.0000000000
48317  -14.542  -40.541  -4.441 0.0000000000
48318  -14.252  -39.955  -4.084 0.0000000000
48319  -14.572  -40.184  -4.685 0.0000000000
48320  -14.772  -38.535  -6.603 0.0000000000
48321  -14.880  -38.306  -6.067 0.0000000000
48322  -14.953  -38.016  -6.318 0.0000000000
48323  -15.286  -37.574  -5.982 0.0000000000
48324  -15.051  -37.708  -6.569 0.0000000000
48325  -15.642  -44.125  -8.954 0.0000000000
48326  -15.161  -43.205  -8.775 0.0000000000
48327  -15.583  -42.994  -9.092 0.0000000000
48328  -15.375  -36.546  -9.155 0.0000000000
48329  -15.198  -36.840  -8.910 0.0000000000
48330  -15.470  -36.204  -8.679 0.0000000000
48331  -15.730  -35.966  -8.151 0.0000000000
48332  -15.888  -35.645  -8.404 0.0000000000
48334  -16.060  -35.349  -8.660 0.0000000000
48335  -16.771  -33.968  -10.963 0.0000000000
48336  -17.051  -33.666  -10.385 0.0000000000
48337  -17.195  -33.387  -10.733 0.0000000000
48339  -17.350  -33.133  -11.052 0.0000000000
48340  -17.482  -32.905  -11.317 0.0000000000
48341  -17.089  -33.500  -11.546 0.0000000000
48342  -20.565  -38.131  -11.811 0.0000000000
48343  -20.011  -37.341  -12.401 0.0000000000
48344  -20.862  -38.056  -12.175 0.0000000000
48345  -21.076  -37.929  -12.514 0.0000000000
48346  -21.652  -38.615  -11.844 0.0000000000
48347  -22.951  -44.237  -6.579 0.0000000000
48348  -22.778  -43.436  -7.068 0.0000000000
48349  -23.378  -43.819  -6.722 0.0000000000
48350  -26.690  -41.930  -7.958 0.0000000000
48351  -25.996  -41.663  -8.296 0.0000000000
48352  -26.416  -41.347  -8.635 0.0000000000
48353  -26.174  -40.770  -9.374 0.0000000000
48354  -26.844  -41.001  -9.004 0.0000000000
48355  -27.243  -40.657  -9.365 0.0000000000
48356  -27.512  -41.229  -8.669 0.0000000000
48358  -31.386  -42.553  -7.016 0.0000000000
52935  -25.176  -19.716  -29.720 0.0000000000
52937  -26.130  -19.700  -29.776 0.0000000000
52938  -31.396  -19.843  -29.314 0.0000000000
52939  -31.134  -19.237  -29.616 0.0000000000
52940  -31.865  -19.163  -29.598 0.0000000000
52941  -32.325  -18.602  -29.882 0.0000000000
52942  -32.496  -19.049  -29.652 0.0000000000
52943  -33.183  -18.918  -29.504 0.0000000000
52944  -32.665  -19.578  -29.332 0.0000000000
52945  -33.084  -22.628  -26.133 0.0000000000
52946  -33.718  -22.183  -26.491 0.0000000000
52947  -33.710  -22.545  -26.016 0.0000000000
52948  -34.196  -22.384  -25.848 0.0000000000
52949  -33.843  -22.789  -25.292 0.0000000000
53717  -18.201  -31.630  -13.068 0.0000000000
53719  -18.343  -31.388  -13.379 0.0000000000
53720  -18.918  -30.591  -15.989 0.0000000000
53721  -18.994  -30.074  -15.450 0.0000000000
53722  -19.105  -29.830  -15.789 0.0000000000
53723  -19.494  -29.170  -15.502 0.0000000000
53724  -19.170  -29.599  -16.114 0.0000000000
53725  -24.167  -34.275  -16.424 0.0000000000
53726  -23.368  -34.166  -16.771 0.0000000000
53727  -23.533  -33.868  -17.123 0.0000000000
53728  -20.369  -29.217  -19.289 0.0000000000
53729  -20.215  -29.451  -18.928 0.0000000000
53730  -19.923  -28.731  -18.890 0.0000000000
53731  -19.715  -28.156  -18.354 0.0000000000
53732  -19.809  -27.968  -18.769 0.0000000000
53733  -19.910  -27.213  -18.548 0.0000000000
53734  -19.949  -27.687  -19.160 0.0000000000
53735  -20.962  -26.411  -22.060 0.0000000000
53736  -20.530  -26.069  -21.647 0.0000000000
53737  -20.672  -25.775  -22.068 0.0000000000
53738  -20.332  -25.068  -21.928 0.0000000000
53739  -20.742  -25.451  -22.449 0.0000000000
53740  -20.845  -25.134  -22.873 0.0000000000
53741  -21.253  -25.802  -22.868 0.0000000000
53742  -26.090  -27.839  -23.699 0.0000000000
53743  -25.541  -27.459  -24.166 0.0000000000
53744  -26.223  -27.423  -24.066 0.0000000000
53745  -26.421  -26.997  -24.517 0.0000000000
53746  -26.888  -27.375  -23.952 0.0000000000
53747  -30.116  -30.409  -18.203 0.0000000000
53748  -29.541  -29.918  -18.869 0.0000000000
53749  -30.237  -29.846  -18.653 0.0000000000
53750  -31.531  -26.785  -21.082 0.0000000000
53751  -30.855  -26.866  -21.324 0.0000000000
53752  -31.021  -26.352  -21.801 0.0000000000
53753  -30.664  -26.007  -22.487 0.0000000000
53754  -31.120  -25.928  -22.196 0.0000000000
53755  -31.374  -25.470  -22.691 0.0000000000
53756  -31.789  -25.758  -21.978 0.0000000000
55882  -19.814  -19.653  -24.350 0.0000000000
55883  -19.798  -19.841  -24.922 0.0000000000
55884  -19.770  -20.092  -24.296 0.0000000000
55885  -19.861  -21.482  -23.650 0.0000000000
55886  -19.943  -21.230  -24.305 0.0000000000
55887  -20.110  -21.766  -24.294 0.0000000000
55888  -20.444  -22.018  -24.821 0.0000000000
55889  -20.239  -22.368  -24.256 0.0000000000
56147  -31.698  -38.879  -10.900 0.0000000000
56148  -31.234  -38.272  -11.629 0.0000000000
56149  -31.906  -38.370  -11.388 0.0000000000
56150  -32.941  -37.402  -12.156 0.0000000000
56151  -32.230  -37.292  -12.328 0.0000000000
56152  -32.369  -36.766  -12.784 0.0000000000
56153  -31.733  -36.134  -13.436 0.0000000000
56154  -32.466  -36.239  -13.246 0.0000000000
56155  -32.510  -35.728  -13.675 0.0000000000
56156  -33.185  -36.355  -13.124 0.0000000000
56158  -34.543  -36.796  -13.096 0.0000000000
57917  -15.783  -41.941  -6.264 0.0000000000
57918  -15.497  -41.105  -6.075 0.0000000000
57919  -15.534  -41.585  -6.423 0.0000000000
57920  -14.887  -41.415  -6.892 0.0000000000
57921  -15.022  -40.882  -6.700 0.0000000000
57922  -14.842  -40.524  -6.886 0.0000000000
57923  -14.735  -39.791  -6.862 0.0000000000
57924  -14.698  -40.250  -7.094 0.0000000000
57925  -17.370  -42.793  -9.551 0.0000000000
57926  -16.790  -42.022  -9.581 0.0000000000
57927  -17.120  -41.610  -9.648 0.0000000000
57928  -16.697  -38.887  -10.090 0.0000000000
57929  -16.435  -39.257  -9.919 0.0000000000
57930  -16.090  -38.202  -10.051 0.0000000000
57931  -15.661  -37.566  -9.858 0.0000000000
57932  -15.881  -37.234  -10.095 0.0000000000
57933  -15.834  -36.398  -10.053 0.0000000000
57934  -16.107  -36.947  -10.323 0.0000000000
57935  -17.111  -36.973  -10.892 0.0000000000
57936  -16.560  -36.381  -10.809 0.0000000000
57937  -16.816  -36.132  -11.102 0.0000000000
57938  -16.613  -35.354  -11.175 0.0000000000
57939  -17.041  -35.883  -11.389 0.0000000000
57940  -17.186  -35.656  -11.642 0.0000000000
57941  -17.612  -36.478  -11.420 0.0000000000
57942  -19.498  -38.683  -10.580 0.0000000000
57943  -18.997  -37.810  -11.123 0.0000000000
57944  -19.771  -38.489  -10.860 0.0000000000
57945  -20.031  -38.355  -11.162 0.0000000000
57946  -20.528  -39.187  -10.521 0.0000000000
57953  -27.027  -43.213  -6.665 0.0000000000
57954  -27.630  -43.510  -6.361 0.0000000000
57955  -28.127  -43.074  -6.680 0.0000000000
62535  -26.535  -21.659  -28.538 0.0000000000
62536  -27.200  -21.213  -28.892 0.0000000000
62537  -27.459  -21.707  -28.517 0.0000000000
62538  -29.450  -22.115  -27.976 0.0000000000
62539  -29.200  -21.609  -28.443 0.0000000000
62540  -29.868  -21.551  -28.361 0.0000000000
62541  -30.364  -21.012  -28.765 0.0000000000
62542  -30.726  -21.452  -28.260 0.0000000000
62543  -31.379  -21.356  -28.226 0.0000000000
62544  -30.701  -21.966  -27.952 0.0000000000
62545  -30.848  -23.373  -26.730 0.0000000000
62546  -31.179  -22.884  -27.111 0.0000000000
62547  -31.570  -23.169  -26.608 0.0000000000
62548  -31.965  -22.976  -26.454 0.0000000000
62549  -31.705  -23.468  -26.040 0.0000000000
63317  -19.060  -34.211  -14.720 0.0000000000
63318  -18.655  -33.273  -14.848 0.0000000000
63319  -19.213  -34.010  -15.067 0.0000000000
63320  -20.249  -34.284  -15.856 0.0000000000
63321  -19.578  -33.587  -15.732 0.0000000000
63322  -19.766  -33.362  -16.082 0.0000000000
63323  -19.296  -32.389  -16.188 0.0000000000
63324  -19.946  -33.108  -16.443 0.0000000000
63325  -24.748  -32.875  -18.024 0.0000000000
63326  -23.952  -32.798  -18.372 0.0000000000
63327  -24.100  -32.416  -18.710 0.0000000000
63328  -23.179  -30.941  -20.117 0.0000000000
63329  -22.967  -31.299  -19.713 0.0000000000
63330  -22.473  -30.633  -20.078 0.0000000000
63331  -21.679  -30.222  -19.916 0.0000000000
63332  -21.851  -29.891  -20.274 0.0000000000
63333  -21.322  -29.104  -20.396 0.0000000000
63334  -22.015  -29.590  -20.665 0.0000000000
63335  -23.106  -29.293  -21.640 0.0000000000
63336  -22.380  -28.952  -21.457 0.0000000000
63337  -22.560  -28.587  -21.849 0.0000000000
63338  -22.006  -27.861  -21.979 0.0000000000
63339  -22.681  -28.214  -22.232 0.0000000000
63340  -22.915  -27.919  -22.633 0.0000000000
63341  -23.517  -28.596  -22.440 0.0000000000
63342  -25.398  -29.379  -21.936 0.0000000000
63343  -24.890  -28.973  -22.503 0.0000000000
63344  -25.566  -28.994  -22.392 0.0000000000
63345  -25.776  -28.602  -22.818 0.0000000000
63346  -26.193  -28.922  -22.189 0.0000000000
63347  -32.765  -30.486  -17.567 0.0000000000
63348  -32.203  -29.824  -18.093 0.0000000000
63349  -32.827  -29.956  -17.939 0.0000000000
63350  -33.647  -28.984  -18.719 0.0000000000
63351  -33.013  -28.869  -18.797 0.0000000000
63352  -33.110  -28.383  -19.140 0.0000000000
63353  -32.570  -27.693  -19.783 0.0000000000
63354  -33.226  -27.741  -19.640 0.0000000000
63355  -33.247  -27.323  -19.921 0.0000000000
63356  -33.774  -27.900  -19.455 0.0000000000
65133  -17.719  -45.034  -9.307 0.0000000000
65135  -19.498  -45.213  -8.219 0.0000000000
65136  -18.998  -44.672  -8.666 0.0000000000
65137  -19.327  -44.129  -8.415 0.0000000000
65138  -19.116  -43.066  -8.683 0.0000000000
65139  -19.668  -43.603  -8.213 0.0000000000
65140  -19.957  -43.169  -8.121 0.0000000000
65141  -20.152  -44.161  -7.786 0.0000000000
69730  -21.743  -19.061  -28.464 0.0000000000
69732  -22.492  -19.252  -28.911 0.0000000000
69733  -23.255  -19.426  -29.288 0.0000000000
69734  -22.857  -19.827  -28.773 0.0000000000
69735  -20.399  -20.324  -26.089 0.0000000000
69736  -20.717  -20.068  -26.718 0.0000000000
69737  -20.907  -20.595  -26.619 0.0000000000
69738  -22.682  -21.675  -27.509 0.0000000000
69739  -22.314  -21.076  -27.622 0.0000000000
69740  -23.147  -21.310  -28.033 0.0000000000
69741  -23.604  -20.959  -28.480 0.0000000000
69742  -23.915  -21.477  -28.254 0.0000000000
69743  -24.742  -21.571  -28.412 0.0000000000
69744  -24.322  -21.997  -27.975 0.0000000000
69745  -24.594  -23.441  -27.035 0.0000000000
69746  -25.205  -23.075  -27.432 0.0000000000
69747  -25.413  -23.574  -27.116 0.0000000000
69748  -26.198  -23.658  -27.125 0.0000000000
69749  -25.824  -24.080  -26.760 0.0000000000
70517  -25.740  -37.751  -13.107 0.0000000000
70518  -25.058  -37.106  -13.753 0.0000000000
70519  -25.898  -37.292  -13.460 0.0000000000
70520  -26.956  -36.553  -13.899 0.0000000000
70521  -26.138  -36.361  -14.099 0.0000000000
70522  -26.242  -35.858  -14.408 0.0000000000
70523  -25.484  -35.220  -15.011 0.0000000000
70524  -26.310  -35.367  -14.747 0.0000000000
70525  -30.069  -37.097  -13.057 0.0000000000
70526  -29.331  -37.023  -13.296 0.0000000000
70527  -29.442  -36.487  -13.664 0.0000000000
70528  -28.140  -34.644  -15.135 0.0000000000
70529  -28.054  -35.148  -14.743 0.0000000000
70530  -27.353  -34.513  -15.304 0.0000000000
70531  -26.581  -34.434  -15.538 0.0000000000
70532  -26.632  -34.023  -15.932 0.0000000000
70533  -26.007  -33.558  -16.638 0.0000000000
70534  -26.733  -33.600  -16.342 0.0000000000
70535  -27.699  -32.762  -16.941 0.0000000000
70536  -26.911  -32.774  -17.139 0.0000000000
70537  -26.999  -32.341  -17.532 0.0000000000
70538  -26.372  -31.954  -18.123 0.0000000000
70539  -27.105  -31.909  -17.905 0.0000000000
70540  -27.168  -31.475  -18.251 0.0000000000
70541  -27.814  -31.915  -17.645 0.0000000000
70542  -29.876  -32.429  -16.643 0.0000000000
70543  -29.201  -31.956  -17.219 0.0000000000
70544  -29.932  -31.961  -17.021 0.0000000000
70545  -30.055  -31.366  -17.455 0.0000000000
70546  -30.643  -31.969  -16.845 0.0000000000
70547  -32.631  -34.737  -14.447 0.0000000000
70548  -31.905  -34.116  -14.955 0.0000000000
70549  -32.641  -34.249  -14.846 0.0000000000
70550  -33.329  -33.371  -15.552 0.0000000000
70551  -32.660  -33.250  -15.651 0.0000000000
70552  -32.667  -32.690  -16.061 0.0000000000
70553  -31.993  -32.021  -16.530 0.0000000000
70554  -32.670  -32.162  -16.432 0.0000000000
70555  -32.674  -31.619  -16.786 0.0000000000
70556  -33.384  -32.242  -16.422 0.0000000000
75830  -14.487  -39.149  -3.257 0.0000000000
75835  -14.845  -39.740  -5.661 0.0000000000
75836  -14.630  -39.478  -5.112 0.0000000000
75837  -14.691  -39.173  -5.321 0.0000000000
75838  -15.197  -38.081  -4.813 0.0000000000
75839  -14.964  -38.332  -4.556 0.0000000000
75853  -14.639  -41.307  -8.270 0.0000000000
75854  -14.516  -41.467  -7.949 0.0000000000
75855  -14.565  -40.438  -7.922 0.0000000000
75856  -14.524  -39.743  -7.613 0.0000000000
75857  -14.537  -39.481  -7.919 0.0000000000
75858  -15.648  -40.347  -9.369 0.0000000000
75859  -15.367  -40.642  -9.143 0.0000000000
75860  -15.175  -39.506  -9.138 0.0000000000
75861  -14.890  -37.420  -8.345 0.0000000000
75862  -14.767  -38.152  -8.472 0.0000000000
75863  -14.802  -37.705  -8.050 0.0000000000
75864  -14.691  -37.974  -7.788 0.0000000000
75865  -14.933  -37.387  -7.592 0.0000000000
75866  -15.183  -37.155  -7.084 0.0000000000
75867  -15.289  -36.857  -7.363 0.0000000000
75880  -16.130  -35.023  -9.793 0.0000000000
75881  -16.399  -34.775  -9.226 0.0000000000
75882  -16.558  -34.477  -9.510 0.0000000000
75897  -17.738  -32.468  -11.847 0.0000000000
75899  -17.861  -32.266  -12.139 0.0000000000
75900  -17.955  -32.033  -12.440 0.0000000000
75901  -17.617  -32.667  -12.631 0.0000000000
75902  -17.583  -35.316  -12.193 0.0000000000
75903  -17.303  -34.527  -12.271 0.0000000000
75904  -17.781  -35.157  -12.495 0.0000000000
75905  -18.837  -35.615  -13.179 0.0000000000
75906  -18.195  -34.914  -13.088 0.0000000000
75907  -18.363  -34.772  -13.415 0.0000000000
75908  -17.996  -33.925  -13.480 0.0000000000
75909  -18.568  -34.685  -13.747 0.0000000000
75910  -18.744  -34.561  -14.085 0.0000000000
75911  -19.263  -35.463  -13.873 0.0000000000
75912  -21.519  -37.666  -13.176 0.0000000000
75913  -20.882  -36.893  -13.786 0.0000000000
75914  -21.768  -37.489  -13.523 0.0000000000
75915  -21.958  -37.267  -13.848 0.0000000000
75916  -22.593  -37.941  -13.188 0.0000000000
75917  -20.648  -42.365  -8.178 0.0000000000
75918  -20.481  -41.438  -8.715 0.0000000000
75919  -21.023  -41.980  -8.290 0.0000000000
75920  -22.419  -41.831  -8.278 0.0000000000
75921  -21.802  -41.334  -8.727 0.0000000000
75922  -22.206  -41.085  -9.011 0.0000000000
75923  -21.892  -40.361  -9.704 0.0000000000
75924  -22.586  -40.856  -9.294 0.0000000000
75925  -24.867  -43.421  -6.773 0.0000000000
75926  -24.243  -43.064  -7.139 0.0000000000
75927  -24.691  -42.730  -7.372 0.0000000000
75928  -24.664  -41.082  -9.090 0.0000000000
75929  -24.252  -41.381  -8.753 0.0000000000
75930  -23.951  -40.796  -9.502 0.0000000000
75931  -23.292  -40.419  -9.943 0.0000000000
75932  -23.639  -40.195  -10.275 0.0000000000
75933  -23.261  -39.583  -11.035 0.0000000000
75934  -23.981  -39.946  -10.611 0.0000000000
75935  -25.361  -39.684  -10.885 0.0000000000
75936  -24.590  -39.440  -11.276 0.0000000000
75937  -24.880  -39.170  -11.635 0.0000000000
75938  -24.333  -38.596  -12.368 0.0000000000
75939  -25.140  -38.886  -11.988 0.0000000000
75940  -25.366  -38.547  -12.362 0.0000000000
75941  -25.970  -39.063  -11.644 0.0000000000
75942  -27.895  -39.991  -10.199 0.0000000000
75943  -27.476  -39.475  -10.932 0.0000000000
75944  -28.228  -39.630  -10.660 0.0000000000
75945  -28.495  -39.281  -11.104 0.0000000000
75946  -28.896  -39.795  -10.339 0.0000000000
75947  -29.027  -42.246  -7.356 0.0000000000
75948  -28.834  -41.620  -8.030 0.0000000000
75949  -29.462  -41.829  -7.737 0.0000000000
75950  -30.899  -41.165  -8.326 0.0000000000
75951  -30.240  -40.995  -8.604 0.0000000000
75952  -30.577  -40.612  -9.031 0.0000000000
75953  -30.256  -40.069  -9.777 0.0000000000
75954  -30.885  -40.223  -9.482 0.0000000000
75955  -31.165  -39.799  -9.946 0.0000000000
75956  -31.596  -40.310  -9.249 0.0000000000
75957  -33.211  -41.480  -8.218 0.0000000000
75958  -32.926  -40.705  -8.864 0.0000000000
75959  -33.572  -41.006  -8.757 0.0000000000
75960  -33.890  -40.531  -9.310 0.0000000000
79946  -13.414  -40.904  -2.251 0.0000000000
79948  -14.030  -41.298  -3.314 0.0000000000
79949  -14.594  -41.528  -3.812 0.0000000000
79950  -14.554  -41.178  -4.019 0.0000000000
79951  -15.218  -41.761  -4.310 0.0000000000
79960  -16.355  -42.478  -6.021 0.0000000000
89693  -28.249  -20.112  -29.383 0.0000000000
89694  -27.867  -19.627  -29.773 0.0000000000
89695  -28.907  -19.535  -29.601 0.0000000000
89696  -30.749  -18.278  -30.133 0.0000000000
89710  -34.344  -18.532  -29.497 0.0000000000
89714  -35.095  -18.874  -28.896 0.0000000000
89715  -32.683  -21.117  -28.201 0.0000000000
89716  -33.141  -20.595  -28.538 0.0000000000
89717  -33.090  -20.995  -28.133 0.0000000000
89718  -34.494  -21.039  -27.394 0.0000000000
89719  -34.477  -20.697  -27.779 0.0000000000
89720  -35.138  -20.554  -27.659 0.0000000000
89721  -35.384  -19.791  -27.890 0.0000000000
89725  -35.005  -22.042  -25.426 0.0000000000
92035  -18.411  -31.479  -14.679 0.0000000000
92036  -18.569  -30.933  -14.110 0.0000000000
92037  -18.661  -30.707  -14.390 0.0000000000
92050  -23.501  -35.873  -14.957 0.0000000000
92051  -22.668  -35.699  -15.299 0.0000000000
92052  -22.849  -35.286  -15.621 0.0000000000
92053  -21.781  -33.661  -17.208 0.0000000000
92054  -21.604  -34.007  -16.852 0.0000000000
92055  -21.012  -33.165  -17.242 0.0000000000
92056  -20.270  -32.596  -17.133 0.0000000000
92057  -20.396  -32.309  -17.454 0.0000000000
92058  -22.497  -32.376  -18.646 0.0000000000
92059  -22.293  -32.689  -18.316 0.0000000000
92060  -21.676  -31.963  -18.620 0.0000000000
92061  -19.929  -30.023  -18.253 0.0000000000
92062  -20.301  -30.896  -18.248 0.0000000000
92063  -19.773  -30.284  -17.889 0.0000000000
92064  -19.631  -30.564  -17.525 0.0000000000
92065  -19.442  -29.717  -17.438 0.0000000000
92066  -19.331  -29.136  -16.884 0.0000000000
92067  -19.461  -28.926  -17.191 0.0000000000
92068  -20.137  -27.290  -17.134 0.0000000000
92069  -20.180  -27.592  -16.746 0.0000000000
92075  -20.592  -26.039  -18.171 0.0000000000
92080  -20.412  -27.595  -20.422 0.0000000000
92081  -20.106  -27.179  -19.977 0.0000000000
92082  -20.194  -26.903  -20.411 0.0000000000
92083  -20.151  -25.282  -20.500 0.0000000000
92084  -20.140  -25.585  -20.114 0.0000000000
92085  -20.308  -24.951  -19.891 0.0000000000
92086  -20.741  -24.794  -19.398 0.0000000000
92087  -20.715  -24.486  -19.740 0.0000000000
92089  -20.595  -24.137  -20.161 0.0000000000
92090  -20.254  -23.836  -21.640 0.0000000000
92091  -20.442  -23.556  -21.014 0.0000000000
92092  -20.297  -23.273  -21.505 0.0000000000
92093  -20.521  -22.756  -21.455 0.0000000000
92094  -20.228  -22.938  -21.971 0.0000000000
92095  -20.155  -22.597  -22.291 0.0000000000
92096  -20.156  -23.202  -22.534 0.0000000000
92097  -20.977  -24.407  -23.662 0.0000000000
92098  -20.532  -23.756  -23.579 0.0000000000
92099  -21.027  -24.008  -24.015 0.0000000000
92100  -21.083  -23.646  -24.427 0.0000000000
92101  -21.619  -24.285  -24.436 0.0000000000
92102  -23.143  -27.173  -23.430 0.0000000000
92103  -22.465  -26.442  -23.510 0.0000000000
92104  -23.269  -26.784  -23.798 0.0000000000
92105  -24.379  -26.193  -24.792 0.0000000000
92106  -23.540  -25.939  -24.590 0.0000000000
92107  -23.644  -25.509  -24.963 0.0000000000
92108  -23.072  -24.834  -25.125 0.0000000000
92109  -23.813  -25.071  -25.362 0.0000000000
92110  -23.880  -24.607  -25.700 0.0000000000
92111  -24.626  -25.302  -25.533 0.0000000000
92112  -26.784  -26.149  -25.273 0.0000000000
92113  -26.250  -25.563  -25.626 0.0000000000
92114  -27.011  -25.662  -25.623 0.0000000000
92115  -27.132  -25.196  -26.014 0.0000000000
92116  -27.652  -25.652  -25.577 0.0000000000
92117  -27.377  -30.524  -19.012 0.0000000000
92118  -26.898  -30.126  -19.754 0.0000000000
92119  -27.579  -30.009  -19.491 0.0000000000
92120  -28.447  -29.036  -20.178 0.0000000000
92121  -27.801  -29.164  -20.407 0.0000000000
92122  -27.940  -28.748  -20.921 0.0000000000
92123  -27.445  -28.575  -21.656 0.0000000000
92124  -28.031  -28.369  -21.360 0.0000000000
92125  -31.052  -28.846  -19.331 0.0000000000
92126  -30.424  -28.837  -19.559 0.0000000000
92127  -30.513  -28.419  -19.996 0.0000000000
92128  -29.634  -27.140  -21.824 0.0000000000
92129  -29.530  -27.565  -21.383 0.0000000000
92130  -29.003  -27.327  -22.062 0.0000000000
92131  -28.386  -27.582  -22.341 0.0000000000
92132  -28.623  -27.136  -22.790 0.0000000000
92133  -28.188  -27.027  -23.521 0.0000000000
92134  -28.789  -26.763  -23.288 0.0000000000
92135  -29.695  -25.769  -23.920 0.0000000000
92136  -29.198  -25.975  -24.135 0.0000000000
92137  -29.392  -25.637  -24.611 0.0000000000
92138  -28.983  -25.407  -25.256 0.0000000000
92139  -29.514  -25.254  -25.062 0.0000000000
92140  -29.845  -24.711  -25.464 0.0000000000
92141  -30.146  -24.902  -24.836 0.0000000000
92142  -31.707  -24.598  -23.601 0.0000000000
92143  -31.284  -24.410  -24.336 0.0000000000
92144  -31.867  -24.174  -24.154 0.0000000000
92145  -32.223  -23.751  -24.628 0.0000000000
92146  -32.424  -24.038  -23.874 0.0000000000
92147  -33.447  -26.215  -20.732 0.0000000000
92148  -32.872  -25.776  -21.425 0.0000000000
92149  -33.694  -25.593  -21.277 0.0000000000
92150  -34.343  -24.719  -21.937 0.0000000000
92151  -33.885  -24.705  -22.160 0.0000000000
92152  -33.998  -24.257  -22.727 0.0000000000
92153  -33.485  -23.846  -23.492 0.0000000000
92154  -34.234  -23.680  -23.112 0.0000000000
92155  -34.429  -23.394  -23.714 0.0000000000
92156  -34.571  -23.761  -22.958 0.0000000000
93433  -20.182  -20.358  -23.271 0.0000000000
93434  -19.946  -20.473  -23.770 0.0000000000
93435  -19.983  -20.775  -23.189 0.0000000000
93436  -19.949  -21.326  -23.147 0.0000000000
93437  -19.945  -21.862  -23.166 0.0000000000
93593  -33.073  -39.072  -10.541 0.0000000000
93594  -32.594  -38.420  -11.201 0.0000000000
93595  -33.301  -38.552  -11.067 0.0000000000
93596  -33.525  -38.020  -11.589 0.0000000000
93597  -33.681  -37.506  -12.084 0.0000000000
93598  -33.814  -37.030  -12.558 0.0000000000
93599  -34.335  -37.803  -12.037 0.0000000000
94656  -15.375  -42.139  -6.587 0.0000000000
94658  -14.731  -42.362  -6.789 0.0000000000
94659  -14.577  -42.053  -7.022 0.0000000000
94660  -18.018  -41.833  -9.430 0.0000000000
94661  -17.428  -41.151  -9.679 0.0000000000
94662  -17.708  -40.714  -9.695 0.0000000000
94663  -17.362  -39.584  -9.987 0.0000000000
94664  -16.948  -38.509  -10.256 0.0000000000
94665  -16.580  -37.536  -10.446 0.0000000000
94666  -17.211  -38.171  -10.418 0.0000000000
94667  -17.543  -37.858  -10.600 0.0000000000
94668  -17.841  -37.598  -10.811 0.0000000000
94669  -18.054  -37.338  -11.065 0.0000000000
94670  -18.539  -38.221  -10.631 0.0000000000
94671  -19.213  -38.911  -10.332 0.0000000000
94672  -19.905  -39.594  -9.963 0.0000000000
97425  -27.286  -22.676  -27.803 0.0000000000
97426  -27.814  -22.204  -28.125 0.0000000000
97427  -28.067  -22.660  -27.814 0.0000000000
97428  -28.798  -22.684  -27.831 0.0000000000
97429  -29.732  -22.598  -27.739 0.0000000000
97430  -30.415  -22.508  -27.566 0.0000000000
97431  -29.883  -23.055  -27.299 0.0000000000
97432  -30.184  -23.549  -26.844 0.0000000000
97433  -30.231  -23.918  -26.381 0.0000000000
97895  -20.622  -35.784  -14.877 0.0000000000
97896  -19.951  -34.790  -15.169 0.0000000000
97897  -20.735  -35.525  -15.192 0.0000000000
97898  -20.926  -35.230  -15.514 0.0000000000
97899  -21.072  -34.871  -15.834 0.0000000000
97900  -24.957  -32.097  -18.748 0.0000000000
97901  -24.282  -32.046  -19.025 0.0000000000
97902  -24.400  -31.647  -19.400 0.0000000000
97903  -23.882  -31.118  -19.995 0.0000000000
97904  -23.317  -30.609  -20.487 0.0000000000
97905  -22.766  -29.977  -20.834 0.0000000000
97906  -23.474  -30.253  -20.901 0.0000000000
97907  -23.696  -29.937  -21.298 0.0000000000
97908  -23.825  -29.562  -21.712 0.0000000000
97909  -23.998  -29.212  -22.111 0.0000000000
97910  -24.523  -29.763  -21.642 0.0000000000
97911  -25.277  -29.738  -21.549 0.0000000000
97912  -25.886  -29.720  -21.278 0.0000000000
97914  -33.484  -30.047  -17.938 0.0000000000
97915  -34.091  -30.228  -18.019 0.0000000000
97916  -34.184  -29.686  -18.392 0.0000000000
97917  -34.285  -29.166  -18.770 0.0000000000
97918  -34.366  -28.636  -19.042 0.0000000000
101743  -20.978  -18.812  -27.864 0.0000000000
101744  -21.274  -19.376  -27.826 0.0000000000
101745  -20.913  -21.428  -25.961 0.0000000000
101746  -21.238  -21.154  -26.580 0.0000000000
101747  -21.471  -21.663  -26.418 0.0000000000
101748  -22.302  -21.984  -26.948 0.0000000000
101749  -23.084  -22.230  -27.351 0.0000000000
101750  -23.833  -22.402  -27.622 0.0000000000
101751  -23.434  -22.740  -27.119 0.0000000000
101752  -23.823  -23.269  -26.883 0.0000000000
101753  -24.167  -23.812  -26.545 0.0000000000
102215  -27.383  -38.202  -12.541 0.0000000000
102216  -26.754  -37.545  -13.202 0.0000000000
102217  -27.550  -37.755  -12.962 0.0000000000
102218  -27.696  -37.211  -13.394 0.0000000000
102219  -27.773  -36.728  -13.711 0.0000000000
102220  -30.274  -36.040  -13.800 0.0000000000
102221  -29.537  -35.926  -14.032 0.0000000000
102222  -29.613  -35.401  -14.374 0.0000000000
102223  -28.941  -34.770  -14.944 0.0000000000
102224  -28.214  -34.178  -15.499 0.0000000000
102225  -27.516  -33.649  -16.105 0.0000000000
102226  -28.323  -33.705  -15.925 0.0000000000
102227  -28.372  -33.254  -16.316 0.0000000000
102228  -28.440  -32.787  -16.696 0.0000000000
102229  -28.475  -32.343  -17.067 0.0000000000
102230  -29.166  -32.895  -16.496 0.0000000000
102231  -29.876  -32.915  -16.278 0.0000000000
102232  -30.537  -32.977  -16.117 0.0000000000
102233  -34.003  -35.035  -14.462 0.0000000000
102234  -33.325  -34.427  -14.730 0.0000000000
102235  -34.007  -34.545  -14.873 0.0000000000
102236  -34.000  -34.003  -15.272 0.0000000000
102237  -33.985  -33.515  -15.669 0.0000000000
102238  -33.988  -33.049  -16.048 0.0000000000
105401  -13.936  -40.141  -3.325 0.0000000000
105402  -13.999  -39.708  -2.918 0.0000000000
105403  -14.034  -39.801  -3.480 0.0000000000
105404  -14.205  -39.487  -3.671 0.0000000000
105405  -14.383  -39.162  -3.857 0.0000000000
105406  -14.783  -39.121  -6.145 0.0000000000
105407  -14.766  -38.872  -5.538 0.0000000000
105408  -14.828  -38.592  -5.812 0.0000000000
105409  -15.001  -38.152  -5.471 0.0000000000
105410  -15.382  -37.813  -5.054 0.0000000000
105412  -15.594  -37.574  -5.316 0.0000000000
105417  -14.747  -43.356  -8.418 0.0000000000
105418  -14.824  -42.261  -8.586 0.0000000000
105419  -14.850  -41.154  -8.613 0.0000000000
105420  -15.276  -38.182  -9.386 0.0000000000
105421  -15.079  -38.454  -9.132 0.0000000000
105422  -15.077  -37.582  -9.036 0.0000000000
105423  -15.051  -37.128  -8.622 0.0000000000
105424  -15.160  -36.806  -8.154 0.0000000000
105425  -15.422  -36.572  -7.620 0.0000000000
105426  -15.548  -36.266  -7.879 0.0000000000
105427  -16.150  -35.838  -7.540 0.0000000000
105433  -16.453  -34.463  -10.332 0.0000000000
105434  -16.733  -34.199  -9.795 0.0000000000
105435  -16.895  -33.946  -10.066 0.0000000000
105444  -17.603  -32.676  -11.563 0.0000000000
105445  -17.352  -33.090  -12.078 0.0000000000
105446  -18.992  -36.699  -12.213 0.0000000000
105447  -18.433  -35.863  -12.554 0.0000000000
105448  -19.212  -36.603  -12.518 0.0000000000
105449  -19.432  -36.504  -12.854 0.0000000000
105450  -19.641  -36.401  -13.192 0.0000000000
105451  -19.813  -36.291  -13.540 0.0000000000
105452  -20.457  -37.143  -13.074 0.0000000000
105453  -21.312  -37.807  -12.846 0.0000000000
105454  -22.123  -38.299  -12.522 0.0000000000
105455  -21.791  -43.394  -7.303 0.0000000000
105456  -21.624  -42.470  -7.866 0.0000000000
105457  -22.204  -42.963  -7.436 0.0000000000
105458  -22.602  -42.600  -7.659 0.0000000000
105459  -23.032  -42.268  -7.891 0.0000000000
105460  -25.747  -42.681  -7.294 0.0000000000
105461  -25.137  -42.370  -7.668 0.0000000000
105462  -25.568  -42.013  -7.970 0.0000000000
105463  -25.340  -41.390  -8.676 0.0000000000
105464  -25.050  -40.811  -9.425 0.0000000000
105465  -24.659  -40.254  -10.186 0.0000000000
105466  -25.419  -40.529  -9.743 0.0000000000
105467  -25.758  -40.228  -10.102 0.0000000000
105468  -26.097  -39.940  -10.456 0.0000000000
105469  -26.437  -39.606  -10.870 0.0000000000
105470  -26.866  -40.129  -10.114 0.0000000000
105471  -27.573  -40.326  -9.773 0.0000000000
105472  -28.255  -40.511  -9.456 0.0000000000
105473  -30.253  -42.759  -6.814 0.0000000000
105474  -30.098  -42.032  -7.468 0.0000000000
105475  -30.686  -42.305  -7.186 0.0000000000
105476  -31.113  -41.842  -7.608 0.0000000000
105477  -31.558  -41.355  -8.095 0.0000000000
105478  -31.910  -40.935  -8.532 0.0000000000
105479  -32.235  -41.613  -7.902 0.0000000000
105480  -32.846  -41.932  -7.725 0.0000000000
113720  -30.116  -20.018  -29.351 0.0000000000
113721  -29.618  -19.458  -29.613 0.0000000000
113722  -30.523  -19.377  -29.510 0.0000000000
113723  -30.984  -18.775  -29.867 0.0000000000
113724  -31.455  -18.073  -30.056 0.0000000000
113726  -32.035  -17.956  -29.992 0.0000000000
113727  -32.779  -17.942  -30.044 0.0000000000
113728  -33.371  -17.639  -30.176 0.0000000000
113730  -33.609  -18.183  -29.664 0.0000000000
113731  -33.774  -18.777  -29.453 0.0000000000
113732  -33.998  -19.310  -29.148 0.0000000000
113733  -32.928  -21.986  -27.166 0.0000000000
113734  -33.396  -21.422  -27.546 0.0000000000
113735  -33.435  -21.784  -27.023 0.0000000000
113736  -34.081  -21.696  -26.895 0.0000000000
113737  -34.519  -21.559  -26.878 0.0000000000
113738  -35.015  -21.349  -26.661 0.0000000000
113739  -34.654  -21.826  -26.127 0.0000000000
113740  -34.543  -22.347  -25.750 0.0000000000
113741  -34.797  -22.561  -24.935 0.0000000000
115126  -18.661  -31.029  -15.328 0.0000000000
115127  -18.796  -30.490  -14.747 0.0000000000
115128  -18.870  -30.251  -15.099 0.0000000000
115129  -19.348  -29.645  -14.852 0.0000000000
115135  -23.815  -35.029  -15.631 0.0000000000
115136  -23.007  -34.877  -15.975 0.0000000000
115137  -23.181  -34.515  -16.377 0.0000000000
115138  -22.574  -34.027  -17.020 0.0000000000
115139  -21.968  -33.355  -17.586 0.0000000000
115140  -21.306  -30.844  -19.157 0.0000000000
115141  -21.139  -31.162  -18.840 0.0000000000
115142  -20.612  -30.305  -18.927 0.0000000000
115143  -20.086  -29.793  -18.598 0.0000000000
115144  -19.669  -29.214  -18.152 0.0000000000
115145  -19.525  -28.681  -17.640 0.0000000000
115146  -19.660  -28.450  -17.984 0.0000000000
115147  -19.779  -27.710  -17.779 0.0000000000
115148  -20.233  -27.046  -17.440 0.0000000000
115150  -20.128  -26.840  -17.968 0.0000000000
115151  -20.153  -26.588  -18.358 0.0000000000
115152  -20.102  -26.327  -18.740 0.0000000000
115153  -20.719  -27.062  -21.253 0.0000000000
115154  -20.298  -26.604  -20.776 0.0000000000
115155  -20.387  -26.308  -21.166 0.0000000000
115156  -20.249  -25.693  -21.117 0.0000000000
115157  -20.147  -25.031  -20.921 0.0000000000
115158  -20.284  -24.390  -20.735 0.0000000000
115159  -20.221  -24.772  -21.438 0.0000000000
115160  -20.194  -24.379  -21.765 0.0000000000
115161  -20.271  -24.155  -22.280 0.0000000000
115162  -20.243  -23.781  -22.628 0.0000000000
115163  -20.504  -24.462  -22.792 0.0000000000
115164  -20.918  -24.778  -23.275 0.0000000000
115165  -21.437  -25.053  -23.656 0.0000000000
115166  -24.732  -27.647  -23.732 0.0000000000
115167  -24.082  -27.062  -24.013 0.0000000000
115168  -24.784  -27.302  -24.155 0.0000000000
115169  -25.026  -26.830  -24.497 0.0000000000
115170  -25.122  -26.416  -24.906 0.0000000000
115171  -25.218  -25.963  -25.237 0.0000000000
115172  -25.886  -26.499  -24.889 0.0000000000
115173  -26.581  -26.512  -24.801 0.0000000000
115174  -27.266  -26.496  -24.724 0.0000000000
115175  -28.730  -30.457  -18.601 0.0000000000
115176  -28.194  -29.972  -19.243 0.0000000000
115177  -28.887  -29.886  -19.031 0.0000000000
115178  -28.984  -29.414  -19.500 0.0000000000
115179  -29.099  -28.950  -19.971 0.0000000000
115180  -31.246  -27.836  -20.223 0.0000000000
115181  -30.568  -27.910  -20.425 0.0000000000
115182  -30.762  -27.363  -20.917 0.0000000000
115183  -30.285  -26.981  -21.585 0.0000000000
115184  -29.763  -26.747  -22.249 0.0000000000
115185  -29.389  -26.557  -22.999 0.0000000000
115186  -29.890  -26.303  -22.733 0.0000000000
115187  -30.184  -25.874  -23.204 0.0000000000
115188  -30.458  -25.411  -23.620 0.0000000000
115189  -30.524  -25.048  -24.097 0.0000000000
115190  -30.944  -25.214  -23.387 0.0000000000
115191  -31.457  -25.041  -23.199 0.0000000000
115192  -32.053  -24.933  -22.904 0.0000000000
115193  -34.671  -26.457  -20.472 0.0000000000
115194  -34.185  -25.754  -20.974 0.0000000000
115195  -34.831  -25.811  -20.919 0.0000000000
115196  -34.904  -25.273  -21.398 0.0000000000
115197  -34.965  -24.807  -21.786 0.0000000000
118170  -19.714  -18.834  -24.918 0.0000000000
118171  -19.742  -19.052  -25.511 0.0000000000
118172  -19.980  -19.278  -26.078 0.0000000000
118173  -19.887  -19.555  -25.516 0.0000000000
118174  -19.977  -20.053  -25.518 0.0000000000
118175  -20.160  -20.602  -25.424 0.0000000000
118176  -19.851  -20.648  -24.307 0.0000000000
118177  -20.016  -20.907  -24.843 0.0000000000
118178  -20.405  -21.157  -25.401 0.0000000000
118179  -20.619  -21.737  -25.336 0.0000000000
118180  -20.929  -22.296  -25.349 0.0000000000
118181  -21.277  -22.904  -25.284 0.0000000000
118541  -30.336  -38.711  -11.416 0.0000000000
118542  -29.822  -38.136  -12.181 0.0000000000
118543  -30.520  -38.233  -11.894 0.0000000000
118544  -30.663  -37.705  -12.361 0.0000000000
118545  -30.796  -37.188  -12.797 0.0000000000
118546  -32.078  -37.824  -11.887 0.0000000000
118547  -31.517  -37.238  -12.511 0.0000000000
118548  -30.923  -36.616  -13.209 0.0000000000
118549  -31.022  -36.052  -13.634 0.0000000000
118550  -31.070  -35.530  -14.053 0.0000000000
118551  -31.140  -35.042  -14.417 0.0000000000
118552  -31.193  -34.575  -14.761 0.0000000000
118553  -31.871  -35.130  -14.214 0.0000000000
118554  -32.604  -35.178  -14.094 0.0000000000
118555  -33.318  -35.401  -13.946 0.0000000000
118556  -33.914  -36.576  -13.010 0.0000000000
118557  -33.968  -36.086  -13.470 0.0000000000
118558  -33.980  -35.563  -13.978 0.0000000000
121019  -15.393  -41.082  -5.435 0.0000000000
121020  -14.927  -40.451  -5.211 0.0000000000
121021  -15.267  -40.749  -5.674 0.0000000000
121022  -15.117  -40.377  -5.923 0.0000000000
121023  -14.987  -40.063  -6.106 0.0000000000
121024  -15.269  -41.228  -6.552 0.0000000000
121025  -15.040  -40.439  -6.448 0.0000000000
121026  -14.889  -39.735  -6.343 0.0000000000
121027  -14.797  -39.412  -6.589 0.0000000000
121028  -14.714  -39.134  -6.790 0.0000000000
121029  -14.637  -38.846  -7.042 0.0000000000
121030  -16.577  -43.550  -9.411 0.0000000000
121031  -15.995  -42.730  -9.317 0.0000000000
121032  -16.420  -42.351  -9.486 0.0000000000
121033  -16.188  -41.189  -9.527 0.0000000000
121034  -15.950  -40.040  -9.589 0.0000000000
121035  -16.814  -40.440  -9.784 0.0000000000
121036  -16.212  -39.671  -9.765 0.0000000000
121037  -15.650  -38.902  -9.614 0.0000000000
121038  -15.458  -37.855  -9.634 0.0000000000
121039  -15.426  -36.995  -9.571 0.0000000000
121040  -15.555  -36.246  -9.404 0.0000000000
121041  -15.800  -35.599  -9.194 0.0000000000
121042  -15.733  -35.946  -9.684 0.0000000000
121043  -15.904  -35.658  -9.969 0.0000000000
121044  -16.073  -35.387  -10.234 0.0000000000
121045  -16.311  -36.621  -10.558 0.0000000000
121046  -16.205  -35.848  -10.586 0.0000000000
121047  -16.235  -35.108  -10.500 0.0000000000
121048  -16.406  -34.831  -10.803 0.0000000000
121049  -16.579  -34.603  -11.123 0.0000000000
121050  -16.751  -34.371  -11.421 0.0000000000
121051  -16.912  -34.169  -11.690 0.0000000000
121052  -16.958  -34.881  -11.750 0.0000000000
121053  -17.395  -35.481  -11.908 0.0000000000
121054  -18.005  -36.111  -11.954 0.0000000000
121055  -18.280  -37.101  -11.334 0.0000000000
121056  -18.486  -36.910  -11.603 0.0000000000
121057  -18.741  -36.786  -11.898 0.0000000000
121058  -19.500  -37.536  -11.713 0.0000000000
121059  -20.304  -38.239  -11.477 0.0000000000
121060  -21.105  -38.885  -11.165 0.0000000000
121062  -23.961  -44.195  -6.386 0.0000000000
121065  -25.491  -43.717  -6.447 0.0000000000
121068  -25.929  -43.358  -6.690 0.0000000000
121069  -26.400  -42.965  -6.978 0.0000000000
121070  -26.870  -42.569  -7.283 0.0000000000
121071  -27.352  -42.167  -7.635 0.0000000000
121072  -27.759  -41.796  -7.986 0.0000000000
121073  -27.963  -42.413  -7.289 0.0000000000
121074  -28.585  -42.663  -6.998 0.0000000000
121075  -29.225  -42.897  -6.742 0.0000000000
127485  -25.970  -20.727  -29.121 0.0000000000
127486  -26.382  -20.173  -29.516 0.0000000000
127487  -26.870  -20.666  -29.081 0.0000000000
127488  -27.681  -20.680  -29.110 0.0000000000
127489  -28.498  -20.642  -29.182 0.0000000000
127490  -28.314  -21.695  -28.494 0.0000000000
127491  -28.859  -21.136  -28.749 0.0000000000
127492  -29.279  -20.523  -29.090 0.0000000000
127493  -30.187  -20.460  -29.016 0.0000000000
127494  -31.024  -20.386  -29.014 0.0000000000
127495  -31.530  -20.317  -29.084 0.0000000000
127496  -32.268  -20.207  -28.951 0.0000000000
127497  -31.924  -20.837  -28.643 0.0000000000
127498  -32.012  -21.268  -28.154 0.0000000000
127499  -32.100  -21.674  -27.783 0.0000000000
127500  -31.114  -22.369  -27.466 0.0000000000
127501  -31.644  -22.227  -27.449 0.0000000000
127502  -32.339  -22.153  -27.318 0.0000000000
127503  -32.512  -22.434  -26.728 0.0000000000
127504  -32.432  -22.778  -26.310 0.0000000000
127505  -32.754  -23.063  -25.660 0.0000000000
128579  -18.117  -32.752  -14.131 0.0000000000
128580  -18.152  -31.913  -13.983 0.0000000000
128581  -18.244  -32.552  -14.485 0.0000000000
128582  -18.404  -32.351  -14.810 0.0000000000
128583  -18.563  -32.114  -15.155 0.0000000000
128584  -19.400  -33.808  -15.404 0.0000000000
128585  -18.955  -32.820  -15.497 0.0000000000
128586  -18.693  -31.911  -15.490 0.0000000000
128587  -18.842  -31.675  -15.817 0.0000000000
128588  -18.984  -31.458  -16.167 0.0000000000
128589  -19.135  -31.246  -16.471 0.0000000000
128590  -24.503  -33.518  -17.241 0.0000000000
128591  -23.752  -33.476  -17.582 0.0000000000
128592  -23.913  -33.139  -17.975 0.0000000000
128593  -23.283  -32.604  -18.586 0.0000000000
128594  -22.628  -31.996  -19.004 0.0000000000
128595  -23.517  -31.917  -19.256 0.0000000000
128596  -22.833  -31.650  -19.360 0.0000000000
128597  -22.028  -31.289  -19.327 0.0000000000
128598  -21.533  -30.503  -19.553 0.0000000000
128599  -21.005  -29.721  -19.658 0.0000000000
128600  -20.525  -28.912  -19.676 0.0000000000
128601  -20.207  -28.200  -19.681 0.0000000000
128602  -20.648  -28.620  -20.021 0.0000000000
128603  -20.877  -28.377  -20.458 0.0000000000
128604  -21.019  -28.063  -20.841 0.0000000000
128605  -22.186  -29.245  -21.055 0.0000000000
128606  -21.676  -28.497  -21.179 0.0000000000
128607  -21.138  -27.747  -21.197 0.0000000000
128608  -21.350  -27.472  -21.654 0.0000000000
128609  -21.484  -27.139  -22.047 0.0000000000
128610  -21.625  -26.819  -22.448 0.0000000000
128611  -21.757  -26.492  -22.874 0.0000000000
128612  -22.340  -27.198  -22.816 0.0000000000
128613  -23.054  -27.532  -23.067 0.0000000000
128614  -23.754  -27.811  -23.205 0.0000000000
128615  -24.202  -28.823  -22.527 0.0000000000
128616  -24.420  -28.443  -22.927 0.0000000000
128617  -24.494  -28.066  -23.313 0.0000000000
128618  -25.215  -28.249  -23.391 0.0000000000
128619  -25.887  -28.262  -23.290 0.0000000000
128620  -26.627  -28.123  -23.077 0.0000000000
128621  -31.422  -30.432  -17.801 0.0000000000
128622  -30.894  -29.822  -18.425 0.0000000000
128623  -31.510  -29.906  -18.175 0.0000000000
128624  -31.634  -29.325  -18.681 0.0000000000
128625  -31.717  -28.794  -19.147 0.0000000000
128626  -32.959  -29.333  -18.464 0.0000000000
128627  -32.337  -28.813  -18.947 0.0000000000
128628  -31.770  -28.283  -19.543 0.0000000000
128629  -31.860  -27.763  -19.965 0.0000000000
128630  -31.952  -27.295  -20.396 0.0000000000
128631  -32.107  -26.700  -20.869 0.0000000000
128632  -32.226  -26.235  -21.262 0.0000000000
128633  -32.737  -26.715  -20.565 0.0000000000
128634  -33.365  -26.753  -20.362 0.0000000000
128635  -34.075  -26.738  -20.328 0.0000000000
128636  -34.492  -28.070  -19.432 0.0000000000
128637  -34.538  -27.489  -19.793 0.0000000000
128638  -34.623  -26.927  -20.164 0.0000000000
130884  -16.693  -44.636  -9.288 0.0000000000
130885  -17.181  -44.323  -9.438 0.0000000000
130886  -17.604  -43.891  -9.449 0.0000000000
130887  -17.968  -43.448  -9.356 0.0000000000
130888  -18.647  -45.226  -8.957 0.0000000000
130889  -18.467  -44.143  -9.062 0.0000000000
130890  -18.265  -42.968  -9.243 0.0000000000
130891  -18.582  -42.481  -9.114 0.0000000000
130892  -18.908  -41.991  -9.013 0.0000000000
130893  -19.265  -41.532  -8.979 0.0000000000
130894  -19.558  -41.178  -9.047 0.0000000000
130895  -19.803  -42.181  -8.565 0.0000000000
130896  -20.259  -42.748  -8.110 0.0000000000
130897  -20.851  -43.272  -7.665 0.0000000000
130899  -21.003  -44.234  -7.239 0.0000000000
130900  -21.390  -43.800  -7.238 0.0000000000
130901  -21.915  -44.243  -6.825 0.0000000000
136714  -24.216  -19.584  -29.585 0.0000000000
136715  -24.534  -20.104  -29.325 0.0000000000
136716  -20.428  -19.511  -26.689 0.0000000000
136717  -20.985  -19.716  -27.260 0.0000000000
136718  -21.677  -19.963  -27.851 0.0000000000
136719  -21.512  -20.824  -27.108 0.0000000000
136720  -21.924  -20.485  -27.676 0.0000000000
136721  -22.397  -20.187  -28.266 0.0000000000
136722  -23.138  -20.362  -28.631 0.0000000000
136723  -24.115  -20.547  -28.939 0.0000000000
136724  -25.090  -20.657  -29.042 0.0000000000
136725  -25.339  -21.152  -28.793 0.0000000000
136726  -25.647  -21.635  -28.492 0.0000000000
136727  -26.177  -22.166  -28.162 0.0000000000
136728  -24.701  -22.511  -27.731 0.0000000000
136729  -25.582  -22.612  -27.807 0.0000000000
136730  -26.372  -22.651  -27.830 0.0000000000
136731  -26.834  -23.174  -27.453 0.0000000000
136732  -27.051  -23.716  -27.114 0.0000000000
136733  -27.519  -24.222  -26.708 0.0000000000
137705  -24.027  -37.308  -13.748 0.0000000000
137706  -23.313  -36.660  -14.393 0.0000000000
137707  -24.158  -36.885  -14.075 0.0000000000
137708  -24.262  -36.431  -14.352 0.0000000000
137709  -24.377  -36.004  -14.639 0.0000000000
137710  -26.049  -36.827  -13.805 0.0000000000
137711  -25.232  -36.155  -14.362 0.0000000000
137712  -24.494  -35.560  -14.948 0.0000000000
137713  -24.637  -35.095  -15.299 0.0000000000
137714  -24.769  -34.688  -15.679 0.0000000000
137715  -24.938  -34.296  -16.071 0.0000000000
137716  -29.240  -37.532  -12.905 0.0000000000
137717  -28.559  -36.897  -13.494 0.0000000000
137718  -27.854  -36.191  -14.022 0.0000000000
137719  -28.752  -35.785  -14.213 0.0000000000
137720  -28.012  -35.630  -14.385 0.0000000000
137721  -27.152  -35.494  -14.539 0.0000000000
137722  -26.451  -34.884  -15.136 0.0000000000
137723  -25.746  -34.352  -15.781 0.0000000000
137724  -25.108  -33.901  -16.506 0.0000000000
137725  -25.226  -33.537  -16.945 0.0000000000
137726  -25.351  -33.160  -17.305 0.0000000000
137727  -25.439  -32.814  -17.714 0.0000000000
137728  -26.863  -33.170  -16.747 0.0000000000
137729  -26.152  -32.785  -17.392 0.0000000000
137730  -25.554  -32.427  -18.059 0.0000000000
137731  -25.711  -31.974  -18.411 0.0000000000
137732  -25.775  -31.621  -18.754 0.0000000000
137733  -25.923  -31.138  -19.171 0.0000000000
137734  -26.070  -30.717  -19.604 0.0000000000
137735  -26.577  -31.089  -18.858 0.0000000000
137736  -27.291  -31.004  -18.611 0.0000000000
137737  -28.029  -30.923  -18.430 0.0000000000
137738  -28.518  -31.910  -17.435 0.0000000000
137739  -28.603  -31.465  -17.848 0.0000000000
137740  -28.693  -30.918  -18.217 0.0000000000
137741  -29.365  -30.915  -18.020 0.0000000000
137742  -30.085  -30.878  -17.817 0.0000000000
137743  -30.715  -30.892  -17.619 0.0000000000
137744  -31.239  -34.059  -15.146 0.0000000000
137745  -31.230  -33.595  -15.502 0.0000000000
137746  -31.237  -33.076  -15.889 0.0000000000
137747  -32.629  -33.759  -15.237 0.0000000000
137748  -31.958  -33.094  -15.752 0.0000000000
137749  -31.278  -32.517  -16.277 0.0000000000
137750  -31.264  -32.024  -16.638 0.0000000000
137751  -31.325  -31.491  -17.018 0.0000000000
137752  -31.413  -30.945  -17.399 0.0000000000
137753  -32.045  -31.013  -17.256 0.0000000000
137754  -32.723  -31.065  -17.171 0.0000000000
137755  -33.388  -31.186  -17.158 0.0000000000
137756  -33.984  -32.487  -16.459 0.0000000000
137757  -33.973  -31.911  -16.907 0.0000000000
144208  -14.593  -39.828  -4.909 0.0000000000
144209  -14.447  -39.274  -4.511 0.0000000000
144210  -14.583  -38.877  -4.052 0.0000000000
144211  -14.725  -38.703  -4.937 0.0000000000
144212  -14.784  -38.612  -4.316 0.0000000000
144228  -14.461  -41.823  -7.327 0.0000000000
144229  -14.292  -42.514  -7.875 0.0000000000
144230  -14.448  -41.628  -7.639 0.0000000000
144231  -14.602  -40.869  -7.354 0.0000000000
144232  -14.592  -40.005  -7.340 0.0000000000
144233  -14.559  -39.222  -7.338 0.0000000000
144234  -14.618  -38.540  -7.268 0.0000000000
144235  -15.494  -41.833  -9.132 0.0000000000
144236  -15.095  -40.904  -8.885 0.0000000000
144237  -14.800  -40.025  -8.577 0.0000000000
144238  -14.871  -38.750  -8.839 0.0000000000
144239  -14.727  -39.032  -8.539 0.0000000000
144240  -14.626  -39.272  -8.246 0.0000000000
144241  -14.575  -38.670  -7.887 0.0000000000
144242  -14.647  -38.242  -7.526 0.0000000000
144243  -14.833  -37.949  -7.085 0.0000000000
144244  -15.130  -37.421  -6.844 0.0000000000
144245  -15.548  -37.027  -6.519 0.0000000000
144247  -15.817  -36.422  -7.044 0.0000000000
144262  -16.224  -35.049  -8.951 0.0000000000
144288  -18.098  -31.822  -12.737 0.0000000000
144289  -17.885  -32.303  -13.323 0.0000000000
144290  -17.063  -33.977  -11.961 0.0000000000
144291  -17.231  -33.792  -12.266 0.0000000000
144292  -17.383  -33.607  -12.527 0.0000000000
144293  -17.996  -35.029  -12.776 0.0000000000
144294  -17.666  -34.218  -12.865 0.0000000000
144295  -17.514  -33.415  -12.816 0.0000000000
144296  -17.679  -33.264  -13.150 0.0000000000
144297  -17.832  -33.088  -13.453 0.0000000000
144298  -17.978  -32.942  -13.802 0.0000000000
144299  -18.343  -33.669  -14.173 0.0000000000
144300  -18.897  -34.393  -14.412 0.0000000000
144301  -19.634  -35.246  -14.559 0.0000000000
144302  -20.058  -36.220  -13.904 0.0000000000
144303  -20.250  -36.101  -14.236 0.0000000000
144304  -20.439  -35.979  -14.574 0.0000000000
144305  -21.286  -36.629  -14.435 0.0000000000
144306  -22.125  -37.074  -14.172 0.0000000000
144307  -22.987  -37.397  -13.805 0.0000000000
144308  -19.878  -40.818  -9.155 0.0000000000
144309  -20.221  -40.508  -9.319 0.0000000000
144310  -20.539  -40.238  -9.552 0.0000000000
144311  -21.413  -41.618  -8.459 0.0000000000
144312  -21.211  -40.880  -9.124 0.0000000000
144313  -20.885  -40.003  -9.819 0.0000000000
144314  -21.198  -39.790  -10.120 0.0000000000
144315  -21.558  -39.631  -10.457 0.0000000000
144316  -21.862  -39.457  -10.802 0.0000000000
144317  -23.810  -43.428  -6.922 0.0000000000
144318  -23.644  -42.680  -7.503 0.0000000000
144319  -23.446  -41.964  -8.140 0.0000000000
144320  -24.492  -42.015  -8.047 0.0000000000
144321  -23.837  -41.665  -8.444 0.0000000000
144322  -23.193  -41.288  -8.866 0.0000000000
144323  -22.939  -40.637  -9.611 0.0000000000
144324  -22.575  -39.982  -10.357 0.0000000000
144325  -22.145  -39.302  -11.129 0.0000000000
144326  -22.407  -39.135  -11.450 0.0000000000
144327  -22.692  -38.959  -11.802 0.0000000000
144328  -22.956  -38.774  -12.137 0.0000000000
144329  -24.293  -39.697  -10.947 0.0000000000
144330  -23.787  -39.118  -11.712 0.0000000000
144331  -23.219  -38.517  -12.465 0.0000000000
144332  -23.454  -38.270  -12.790 0.0000000000
144333  -23.655  -38.011  -13.128 0.0000000000
144334  -23.847  -37.695  -13.442 0.0000000000
144335  -24.689  -37.941  -13.057 0.0000000000
144336  -25.572  -38.174  -12.734 0.0000000000
144337  -26.427  -38.385  -12.432 0.0000000000
144338  -26.714  -39.279  -11.279 0.0000000000
144339  -26.980  -38.954  -11.700 0.0000000000
144340  -27.208  -38.586  -12.128 0.0000000000
144341  -27.964  -38.779  -11.818 0.0000000000
144342  -28.719  -38.889  -11.566 0.0000000000
144343  -29.441  -38.999  -11.291 0.0000000000
144344  -28.164  -41.432  -8.343 0.0000000000
144345  -28.520  -41.073  -8.706 0.0000000000
144346  -28.896  -40.707  -9.131 0.0000000000
144347  -29.874  -41.397  -8.175 0.0000000000
144348  -29.584  -40.842  -8.866 0.0000000000
144349  -29.256  -40.330  -9.578 0.0000000000
144350  -29.578  -39.945  -10.041 0.0000000000
144351  -29.861  -39.547  -10.508 0.0000000000
144352  -30.120  -39.131  -10.970 0.0000000000
144353  -30.808  -39.245  -10.706 0.0000000000
144354  -31.463  -39.324  -10.452 0.0000000000
144355  -32.160  -39.442  -10.188 0.0000000000
144356  -32.257  -40.503  -9.008 0.0000000000
144357  -32.582  -40.046  -9.519 0.0000000000
144358  -32.848  -39.576  -10.024 0.0000000000
144359  -33.507  -39.773  -9.911 0.0000000000
144360  -34.167  -40.051  -9.871 0.0000000000
149173  -13.680  -40.321  -2.556 0.0000000000
149174  -13.604  -41.079  -2.784 0.0000000000
149175  -13.707  -40.765  -2.950 0.0000000000
149176  -13.826  -40.450  -3.123 0.0000000000
149177  -14.116  -40.630  -3.687 0.0000000000
149178  -14.531  -40.846  -4.230 0.0000000000
149179  -15.050  -41.105  -4.772 0.0000000000
149186  -15.833  -42.003  -4.817 0.0000000000
149187  -15.686  -41.671  -5.045 0.0000000000
149188  -15.523  -41.365  -5.248 0.0000000000
149189  -15.881  -41.725  -5.717 0.0000000000
149190  -16.042  -42.215  -6.144 0.0000000000
160881  -27.040  -19.687  -29.747 0.0000000000
160882  -27.573  -19.091  -30.027 0.0000000000
160884  -29.473  -18.966  -29.910 0.0000000000
160908  -32.857  -20.084  -28.930 0.0000000000
160909  -33.502  -19.908  -28.912 0.0000000000
160910  -34.111  -19.724  -28.696 0.0000000000
160911  -33.829  -20.882  -28.103 0.0000000000
160912  -34.384  -20.165  -28.194 0.0000000000
160913  -34.605  -19.445  -28.548 0.0000000000
160914  -35.272  -19.246  -28.411 0.0000000000
163690  -18.483  -31.166  -13.729 0.0000000000
163693  -19.187  -30.071  -14.162 0.0000000000
163708  -22.539  -36.086  -15.016 0.0000000000
163709  -21.890  -35.382  -15.646 0.0000000000
163710  -21.218  -34.591  -16.157 0.0000000000
163711  -22.210  -34.664  -16.295 0.0000000000
163712  -21.437  -34.310  -16.507 0.0000000000
163713  -20.648  -33.753  -16.559 0.0000000000
163714  -20.107  -32.862  -16.786 0.0000000000
163715  -19.615  -31.900  -16.876 0.0000000000
163716  -19.317  -31.019  -16.825 0.0000000000
163717  -22.960  -33.345  -17.831 0.0000000000
163718  -22.129  -33.021  -17.949 0.0000000000
163719  -21.281  -32.591  -17.915 0.0000000000
163720  -20.970  -31.447  -18.502 0.0000000000
163721  -20.743  -31.759  -18.157 0.0000000000
163722  -20.580  -32.051  -17.796 0.0000000000
163723  -19.949  -31.400  -17.540 0.0000000000
163724  -19.432  -30.776  -17.191 0.0000000000
163725  -19.198  -30.177  -16.689 0.0000000000
163726  -19.287  -29.406  -16.524 0.0000000000
163727  -19.605  -28.679  -16.199 0.0000000000
163728  -20.145  -28.112  -16.004 0.0000000000
163729  -19.704  -28.197  -16.981 0.0000000000
163730  -20.151  -27.828  -16.342 0.0000000000
163744  -19.994  -27.416  -19.560 0.0000000000
163745  -19.988  -26.741  -19.381 0.0000000000
163746  -20.117  -26.075  -19.241 0.0000000000
163747  -20.075  -26.213  -20.245 0.0000000000
163748  -20.095  -25.824  -19.679 0.0000000000
163749  -20.419  -25.505  -19.066 0.0000000000
163750  -20.839  -25.040  -18.941 0.0000000000
163756  -20.466  -23.890  -20.717 0.0000000000
163757  -20.865  -23.399  -20.562 0.0000000000
163760  -20.909  -22.322  -21.394 0.0000000000
163762  -20.228  -22.043  -22.257 0.0000000000
163763  -19.963  -22.228  -22.775 0.0000000000
163764  -19.931  -22.456  -23.285 0.0000000000
163765  -20.233  -23.485  -23.095 0.0000000000
163766  -20.248  -23.084  -23.436 0.0000000000
163767  -20.248  -22.732  -23.878 0.0000000000
163768  -20.620  -22.985  -24.354 0.0000000000
163769  -21.110  -23.241  -24.806 0.0000000000
163770  -21.715  -23.478  -25.219 0.0000000000
163771  -21.880  -26.145  -23.254 0.0000000000
163772  -21.973  -25.760  -23.635 0.0000000000
163773  -22.042  -25.342  -24.012 0.0000000000
163774  -23.337  -26.365  -24.150 0.0000000000
163775  -22.820  -25.671  -24.374 0.0000000000
163776  -22.176  -24.973  -24.418 0.0000000000
163777  -22.307  -24.577  -24.798 0.0000000000
163778  -22.395  -24.193  -25.212 0.0000000000
163779  -22.516  -23.777  -25.618 0.0000000000
163780  -23.353  -24.050  -25.943 0.0000000000
163781  -24.111  -24.254  -26.161 0.0000000000
163782  -24.830  -24.406  -26.273 0.0000000000
163783  -25.450  -25.459  -25.611 0.0000000000
163784  -25.605  -24.988  -26.004 0.0000000000
163785  -25.614  -24.537  -26.355 0.0000000000
163786  -26.462  -24.650  -26.399 0.0000000000
163787  -27.322  -24.752  -26.390 0.0000000000
163788  -28.016  -24.734  -26.312 0.0000000000
163789  -26.257  -30.293  -20.046 0.0000000000
163790  -26.354  -29.931  -20.546 0.0000000000
163791  -26.504  -29.547  -20.984 0.0000000000
163792  -27.678  -29.597  -19.959 0.0000000000
163793  -27.137  -29.344  -20.712 0.0000000000
163794  -26.714  -29.146  -21.479 0.0000000000
163795  -26.873  -28.763  -21.922 0.0000000000
163796  -27.007  -28.370  -22.431 0.0000000000
163797  -27.311  -27.980  -22.870 0.0000000000
163798  -30.278  -29.391  -19.115 0.0000000000
163799  -29.701  -28.948  -19.746 0.0000000000
163800  -29.214  -28.507  -20.403 0.0000000000
163801  -30.001  -27.928  -20.692 0.0000000000
163802  -29.373  -28.030  -20.878 0.0000000000
163803  -28.742  -28.159  -21.139 0.0000000000
163804  -28.273  -27.952  -21.840 0.0000000000
163805  -27.868  -27.771  -22.604 0.0000000000
163806  -27.406  -27.635  -23.351 0.0000000000
163807  -27.460  -27.277  -23.794 0.0000000000
163808  -27.799  -26.786  -24.155 0.0000000000
163809  -27.809  -26.451  -24.655 0.0000000000
163810  -28.963  -26.385  -23.740 0.0000000000
163811  -28.492  -26.269  -24.396 0.0000000000
163812  -28.077  -25.995  -24.996 0.0000000000
163813  -28.341  -25.542  -25.446 0.0000000000
163814  -28.514  -25.119  -25.812 0.0000000000
163815  -28.686  -24.652  -26.207 0.0000000000
163816  -29.349  -24.534  -26.095 0.0000000000
163817  -29.947  -24.340  -25.937 0.0000000000
163818  -30.647  -24.076  -25.761 0.0000000000
163819  -30.673  -24.678  -24.616 0.0000000000
163820  -30.944  -24.353  -25.141 0.0000000000
163821  -31.348  -23.896  -25.636 0.0000000000
163822  -31.793  -23.719  -25.493 0.0000000000
163823  -32.323  -23.502  -25.226 0.0000000000
163824  -33.034  -23.201  -24.942 0.0000000000
163825  -32.210  -25.765  -21.704 0.0000000000
163826  -32.522  -25.209  -22.189 0.0000000000
163827  -32.573  -24.703  -22.655 0.0000000000
163828  -33.693  -25.194  -21.682 0.0000000000
163829  -33.254  -24.662  -22.399 0.0000000000
163830  -32.851  -24.268  -23.130 0.0000000000
163831  -32.908  -23.946  -23.639 0.0000000000
163832  -33.256  -23.528  -24.128 0.0000000000
163833  -33.541  -23.094  -24.714 0.0000000000
163834  -33.967  -23.061  -24.602 0.0000000000
163835  -34.410  -23.025  -24.504 0.0000000000
163836  -34.692  -23.020  -24.187 0.0000000000
