#!ascii label  , from subject studyTemplate vox2ras=TkReg
1884
34  -14.141  -92.097  4.230 0.0000000000
138  -13.494  -77.737  14.412 0.0000000000
346  -11.084  -86.248  8.905 0.0000000000
347  -5.359  -79.342  5.849 0.0000000000
570  -20.888  -70.397  9.228 0.0000000000
572  -3.592  -74.218  14.158 0.0000000000
625  -15.540  -71.266  4.929 0.0000000000
826  -11.986  -89.100  5.602 0.0000000000
827  -10.601  -85.392  0.901 0.0000000000
828  -10.439  -89.587  -1.485 0.0000000000
1396  -17.184  -73.847  11.603 0.0000000000
1397  -20.692  -73.248  6.506 0.0000000000
1398  -15.659  -76.076  8.553 0.0000000000
1774  -11.346  -82.640  12.467 0.0000000000
1775  -11.850  -78.653  8.697 0.0000000000
1776  -10.884  -81.885  4.732 0.0000000000
1777  -4.525  -84.022  1.131 0.0000000000
1990  -15.431  -96.199  0.644 0.0000000000
1991  -11.579  -94.762  -3.772 0.0000000000
2348  -17.184  -69.615  8.655 0.0000000000
2349  -12.863  -71.353  12.762 0.0000000000
2351  -8.540  -68.701  12.508 0.0000000000
2352  -8.409  -75.964  15.507 0.0000000000
2353  -6.674  -82.105  13.107 0.0000000000
2354  -6.098  -87.721  9.135 0.0000000000
2355  -7.015  -92.311  5.904 0.0000000000
2364  -9.149  -97.008  5.627 0.0000000000
2509  -25.150  -68.023  6.700 0.0000000000
2512  -9.259  -73.981  7.903 0.0000000000
2746  -12.982  -90.330  5.239 0.0000000000
2747  -12.800  -88.435  2.070 0.0000000000
2748  -13.546  -89.967  1.097 0.0000000000
3316  -15.352  -75.515  13.295 0.0000000000
3317  -17.303  -75.817  10.370 0.0000000000
3318  -15.191  -77.346  11.555 0.0000000000
3916  -10.985  -84.548  10.908 0.0000000000
3917  -12.345  -82.492  8.547 0.0000000000
3918  -12.271  -83.981  6.757 0.0000000000
3919  -7.092  -86.940  -1.405 0.0000000000
3920  -7.577  -84.727  0.656 0.0000000000
4366  -15.845  -98.012  -1.580 0.0000000000
4367  -15.629  -96.224  -4.090 0.0000000000
4368  -16.212  -97.527  -6.260 0.0000000000
5224  -15.465  -68.251  9.300 0.0000000000
5225  -15.075  -70.370  10.341 0.0000000000
5226  -13.078  -69.142  10.011 0.0000000000
5232  -5.701  -70.765  13.680 0.0000000000
5233  -7.972  -71.983  14.303 0.0000000000
5234  -5.912  -75.032  14.642 0.0000000000
5235  -7.135  -79.242  14.583 0.0000000000
5236  -4.840  -78.465  13.972 0.0000000000
5238  -4.056  -84.773  10.544 0.0000000000
5240  -6.165  -90.009  6.841 0.0000000000
5265  -9.633  -99.159  4.310 0.0000000000
5626  -22.396  -68.198  8.799 0.0000000000
5627  -24.341  -66.786  8.390 0.0000000000
5628  -23.327  -69.800  8.199 0.0000000000
5629  -18.577  -72.593  5.162 0.0000000000
5630  -21.561  -70.871  4.584 0.0000000000
5634  -8.811  -78.466  6.706 0.0000000000
5635  -10.325  -76.382  8.423 0.0000000000
5636  -6.906  -76.643  7.813 0.0000000000
6094  -11.331  -87.638  6.767 0.0000000000
6095  -12.345  -85.367  4.906 0.0000000000
6096  -12.374  -86.991  3.072 0.0000000000
6097  -10.208  -87.468  -0.668 0.0000000000
6098  -6.876  -89.344  -2.701 0.0000000000
7120  -19.075  -72.225  10.309 0.0000000000
7121  -21.412  -72.268  8.392 0.0000000000
7122  -19.310  -74.133  9.122 0.0000000000
7123  -18.257  -74.908  7.279 0.0000000000
7124  -15.695  -73.913  6.251 0.0000000000
7978  -12.042  -80.458  13.729 0.0000000000
7979  -13.455  -79.195  11.519 0.0000000000
7980  -12.681  -80.915  10.262 0.0000000000
7981  -11.311  -80.280  6.743 0.0000000000
7982  -7.984  -80.500  4.568 0.0000000000
7983  -10.884  -83.722  2.789 0.0000000000
7984  -7.721  -82.770  2.433 0.0000000000
7985  -4.627  -81.832  3.543 0.0000000000
8554  -14.990  -94.138  2.632 0.0000000000
8555  -14.356  -92.380  -0.562 0.0000000000
8556  -15.078  -94.338  -2.142 0.0000000000
8557  -12.434  -96.673  -5.305 0.0000000000
9597  -20.845  -68.427  8.475 0.0000000000
9599  -19.222  -68.509  8.278 0.0000000000
9600  -18.931  -69.954  9.109 0.0000000000
9601  -17.000  -71.159  10.732 0.0000000000
9602  -15.050  -72.534  12.779 0.0000000000
9603  -13.067  -74.256  14.570 0.0000000000
9610  -10.597  -70.225  12.346 0.0000000000
9611  -10.480  -73.168  14.791 0.0000000000
9612  -11.063  -76.841  15.702 0.0000000000
9613  -9.557  -80.027  14.933 0.0000000000
9614  -8.868  -82.535  13.565 0.0000000000
9615  -8.590  -85.174  12.205 0.0000000000
9616  -4.407  -81.719  12.441 0.0000000000
9617  -6.273  -85.063  11.634 0.0000000000
9618  -8.454  -87.493  9.869 0.0000000000
9619  -8.777  -89.090  7.296 0.0000000000
9620  -9.718  -90.838  6.407 0.0000000000
9621  -10.599  -92.417  6.192 0.0000000000
9647  -7.970  -94.584  5.707 0.0000000000
9648  -11.967  -94.927  5.538 0.0000000000
9649  -12.668  -97.127  4.003 0.0000000000
9650  -13.002  -99.227  1.889 0.0000000000
10083  -26.097  -65.246  5.367 0.0000000000
10084  -23.256  -70.967  6.294 0.0000000000
10085  -24.417  -68.443  4.694 0.0000000000
10090  -13.290  -77.073  9.602 0.0000000000
10091  -12.831  -74.805  7.908 0.0000000000
10092  -12.259  -72.480  6.423 0.0000000000
10094  -8.450  -71.387  7.105 0.0000000000
10095  -11.603  -69.802  5.270 0.0000000000
10108  -10.752  -92.170  -2.412 0.0000000000
10426  -13.540  -91.156  4.731 0.0000000000
10427  -13.769  -89.981  3.326 0.0000000000
10428  -14.264  -90.846  2.701 0.0000000000
10996  -14.426  -76.559  13.995 0.0000000000
10997  -15.478  -76.642  12.663 0.0000000000
10998  -14.490  -77.632  13.046 0.0000000000
11596  -11.046  -85.441  9.980 0.0000000000
11597  -11.911  -84.431  8.934 0.0000000000
11598  -12.017  -85.144  7.923 0.0000000000
11599  -5.426  -87.955  -2.074 0.0000000000
11600  -5.575  -86.689  -0.972 0.0000000000
12046  -15.912  -98.766  -2.696 0.0000000000
12047  -16.708  -97.585  -4.018 0.0000000000
12904  -14.859  -67.730  10.648 0.0000000000
12905  -14.318  -68.682  9.275 0.0000000000
12906  -13.636  -67.883  10.417 0.0000000000
12910  -3.629  -72.083  14.682 0.0000000000
12911  -4.817  -70.383  14.286 0.0000000000
12912  -4.552  -72.396  13.947 0.0000000000
12913  -5.691  -72.892  14.101 0.0000000000
12914  -4.764  -74.602  14.181 0.0000000000
12915  -5.233  -76.739  14.419 0.0000000000
12916  -4.058  -76.398  14.056 0.0000000000
13306  -21.696  -69.364  8.938 0.0000000000
13307  -22.864  -68.955  8.663 0.0000000000
13308  -22.114  -70.256  8.789 0.0000000000
13309  -17.182  -71.943  4.920 0.0000000000
13310  -18.680  -71.206  4.482 0.0000000000
13311  -17.144  -70.574  4.408 0.0000000000
13313  -15.353  -69.855  4.429 0.0000000000
13314  -7.089  -78.832  6.243 0.0000000000
13315  -7.798  -77.628  7.238 0.0000000000
13316  -6.013  -77.987  6.974 0.0000000000
13996  -11.619  -88.380  5.975 0.0000000000
13997  -12.253  -87.308  5.091 0.0000000000
13998  -12.469  -88.089  4.435 0.0000000000
13999  -11.914  -88.742  0.040 0.0000000000
14000  -11.659  -87.902  0.477 0.0000000000
14001  -10.275  -88.524  -1.153 0.0000000000
14002  -8.546  -88.298  -1.894 0.0000000000
14003  -8.587  -89.496  -2.304 0.0000000000
15706  -18.099  -73.045  10.929 0.0000000000
15707  -19.363  -73.273  9.907 0.0000000000
15708  -18.311  -74.099  10.399 0.0000000000
15709  -16.704  -76.264  9.410 0.0000000000
15710  -17.861  -75.561  8.759 0.0000000000
15711  -16.983  -75.619  7.871 0.0000000000
15712  -17.129  -74.559  6.566 0.0000000000
15713  -15.725  -75.111  7.263 0.0000000000
17506  -11.611  -81.679  13.037 0.0000000000
17507  -12.579  -81.034  12.035 0.0000000000
17508  -12.241  -81.908  11.397 0.0000000000
17509  -11.953  -82.128  6.511 0.0000000000
17510  -12.130  -81.358  7.464 0.0000000000
17511  -11.055  -81.072  5.717 0.0000000000
17512  -9.740  -80.162  5.438 0.0000000000
17513  -9.495  -81.051  4.315 0.0000000000
17514  -11.941  -85.166  2.740 0.0000000000
17515  -11.907  -84.417  3.742 0.0000000000
17516  -10.828  -84.473  1.941 0.0000000000
17517  -6.028  -84.507  0.843 0.0000000000
17518  -7.744  -83.815  1.485 0.0000000000
17519  -6.051  -83.515  1.735 0.0000000000
17520  -6.099  -82.340  2.832 0.0000000000
17521  -4.537  -82.947  2.291 0.0000000000
18856  -15.258  -95.135  1.631 0.0000000000
18857  -15.570  -93.977  0.156 0.0000000000
18858  -15.823  -94.975  -0.778 0.0000000000
18859  -14.450  -97.000  -5.829 0.0000000000
18860  -14.178  -96.265  -4.822 0.0000000000
21425  -21.581  -67.463  8.400 0.0000000000
21426  -20.906  -67.646  8.292 0.0000000000
21430  -17.329  -68.662  8.652 0.0000000000
21431  -18.371  -68.205  8.771 0.0000000000
21432  -18.194  -69.108  8.399 0.0000000000
21433  -19.075  -69.264  8.469 0.0000000000
21434  -18.009  -69.841  8.849 0.0000000000
21435  -17.956  -70.556  9.803 0.0000000000
21436  -17.031  -70.293  9.560 0.0000000000
21437  -13.967  -70.770  11.538 0.0000000000
21438  -14.962  -71.243  11.716 0.0000000000
21439  -13.936  -71.902  12.865 0.0000000000
21440  -14.081  -73.338  13.718 0.0000000000
21441  -12.850  -72.712  13.889 0.0000000000
21457  -10.140  -68.040  12.001 0.0000000000
21458  -10.831  -68.805  11.200 0.0000000000
21459  -9.431  -69.498  12.132 0.0000000000
21460  -8.058  -73.950  15.062 0.0000000000
21461  -9.199  -72.555  14.641 0.0000000000
21462  -9.314  -74.457  15.349 0.0000000000
21463  -10.701  -74.923  15.470 0.0000000000
21464  -9.726  -76.405  15.740 0.0000000000
21465  -10.173  -78.455  15.561 0.0000000000
21466  -8.884  -78.006  15.484 0.0000000000
21467  -6.866  -80.708  13.836 0.0000000000
21468  -7.989  -81.074  14.088 0.0000000000
21469  -7.768  -82.299  13.457 0.0000000000
21470  -8.674  -83.789  12.932 0.0000000000
21471  -7.553  -83.673  12.832 0.0000000000
21473  -3.474  -79.909  13.294 0.0000000000
21474  -3.206  -81.607  12.594 0.0000000000
21475  -5.045  -86.307  9.862 0.0000000000
21476  -5.194  -84.969  10.957 0.0000000000
21477  -6.214  -86.480  10.508 0.0000000000
21478  -7.328  -86.567  10.983 0.0000000000
21479  -7.217  -87.721  9.577 0.0000000000
21480  -8.470  -88.263  8.382 0.0000000000
21481  -7.213  -88.651  8.184 0.0000000000
21482  -6.603  -91.166  6.218 0.0000000000
21483  -7.937  -90.670  6.534 0.0000000000
21484  -8.412  -91.650  6.299 0.0000000000
21485  -10.102  -91.559  6.382 0.0000000000
21486  -8.736  -92.503  6.143 0.0000000000
21550  -7.346  -96.658  5.595 0.0000000000
21551  -6.734  -95.531  5.484 0.0000000000
21552  -8.572  -95.723  5.799 0.0000000000
21553  -9.898  -94.697  5.998 0.0000000000
21554  -10.528  -96.046  5.732 0.0000000000
21555  -12.376  -96.069  4.915 0.0000000000
21556  -10.940  -97.184  5.125 0.0000000000
21558  -11.400  -99.421  3.306 0.0000000000
21559  -11.436  -100.383  2.153 0.0000000000
21560  -13.085  -99.929  0.728 0.0000000000
22639  -24.859  -67.436  7.671 0.0000000000
22640  -25.132  -65.790  7.975 0.0000000000
22641  -25.588  -66.279  7.092 0.0000000000
22642  -26.110  -64.943  6.559 0.0000000000
22643  -25.757  -66.696  5.995 0.0000000000
22644  -21.272  -72.976  7.464 0.0000000000
22645  -22.407  -71.833  7.330 0.0000000000
22646  -21.991  -72.201  6.312 0.0000000000
22647  -21.816  -69.393  3.942 0.0000000000
22648  -23.052  -69.724  4.525 0.0000000000
22649  -23.337  -68.212  3.919 0.0000000000
22650  -24.635  -66.888  4.010 0.0000000000
22659  -12.802  -78.983  10.066 0.0000000000
22660  -13.498  -78.186  10.478 0.0000000000
22661  -12.392  -77.807  9.464 0.0000000000
22662  -9.742  -75.189  8.317 0.0000000000
22663  -11.544  -75.388  8.492 0.0000000000
22664  -11.192  -74.265  7.843 0.0000000000
22665  -12.537  -73.724  7.106 0.0000000000
22666  -10.723  -73.121  7.202 0.0000000000
22673  -9.993  -70.552  6.210 0.0000000000
22704  -13.080  -93.357  -2.386 0.0000000000
22705  -12.603  -92.147  -1.568 0.0000000000
22706  -11.096  -93.515  -3.013 0.0000000000
23374  -12.515  -89.689  5.475 0.0000000000
23375  -12.827  -88.727  4.117 0.0000000000
23376  -13.294  -89.270  3.830 0.0000000000
23377  -13.195  -89.138  1.592 0.0000000000
23378  -12.123  -89.657  -0.339 0.0000000000
24400  -16.264  -74.623  12.388 0.0000000000
24401  -17.364  -74.891  11.084 0.0000000000
24402  -16.479  -75.748  11.896 0.0000000000
24403  -16.283  -76.588  11.054 0.0000000000
24404  -15.543  -76.843  10.049 0.0000000000
25480  -11.080  -83.539  11.764 0.0000000000
25481  -12.053  -82.741  10.657 0.0000000000
25482  -11.930  -83.577  9.810 0.0000000000
25483  -12.267  -83.278  7.664 0.0000000000
25484  -11.884  -82.889  5.610 0.0000000000
25485  -8.879  -85.989  -0.434 0.0000000000
25486  -9.124  -84.953  0.599 0.0000000000
25487  -7.260  -85.736  -0.352 0.0000000000
25488  -5.792  -85.528  -0.003 0.0000000000
26290  -15.663  -97.161  -0.506 0.0000000000
26291  -16.117  -95.955  -1.836 0.0000000000
26292  -16.430  -96.814  -2.926 0.0000000000
26293  -15.966  -96.958  -5.175 0.0000000000
27835  -16.539  -68.086  9.569 0.0000000000
27836  -16.328  -69.078  8.700 0.0000000000
27837  -16.168  -70.013  9.335 0.0000000000
27838  -15.259  -69.512  9.161 0.0000000000
27839  -14.109  -69.901  10.101 0.0000000000
27840  -12.999  -70.291  11.318 0.0000000000
27850  -7.015  -69.530  13.158 0.0000000000
27851  -8.046  -70.259  13.144 0.0000000000
27852  -6.792  -71.373  13.798 0.0000000000
27853  -6.847  -73.388  14.621 0.0000000000
27854  -7.126  -75.509  15.130 0.0000000000
27855  -7.613  -77.563  15.243 0.0000000000
27856  -6.401  -77.156  14.861 0.0000000000
27857  -5.974  -78.850  14.295 0.0000000000
27858  -5.687  -80.403  13.528 0.0000000000
27860  -3.132  -83.210  11.726 0.0000000000
27862  -3.870  -86.105  9.541 0.0000000000
27863  -4.937  -87.614  8.608 0.0000000000
27864  -5.995  -88.857  7.826 0.0000000000
27865  -4.780  -88.900  7.419 0.0000000000
27866  -4.923  -90.179  6.404 0.0000000000
27867  -5.254  -91.446  5.845 0.0000000000
27908  -7.794  -97.832  5.453 0.0000000000
27909  -9.454  -98.079  5.102 0.0000000000
27910  -8.023  -98.758  4.916 0.0000000000
28558  -22.922  -66.929  8.722 0.0000000000
28559  -23.713  -66.135  8.680 0.0000000000
28560  -23.430  -67.575  8.658 0.0000000000
28561  -23.941  -68.314  8.223 0.0000000000
28562  -24.333  -69.017  7.478 0.0000000000
28563  -19.815  -73.102  5.668 0.0000000000
28564  -21.175  -72.172  5.415 0.0000000000
28565  -20.001  -71.812  4.771 0.0000000000
28566  -20.216  -70.399  4.142 0.0000000000
28572  -10.495  -78.429  7.437 0.0000000000
28573  -11.039  -77.530  8.420 0.0000000000
28574  -9.468  -77.436  7.680 0.0000000000
28575  -8.661  -76.415  8.036 0.0000000000
28576  -7.946  -75.304  8.198 0.0000000000
29578  -11.140  -86.919  7.787 0.0000000000
29579  -12.027  -85.837  6.999 0.0000000000
29580  -12.118  -86.554  6.049 0.0000000000
29581  -12.420  -86.159  3.939 0.0000000000
29582  -11.792  -86.036  1.734 0.0000000000
29583  -12.505  -87.835  2.457 0.0000000000
29584  -11.618  -86.996  0.965 0.0000000000
29585  -10.367  -86.387  -0.026 0.0000000000
29586  -8.697  -87.139  -1.339 0.0000000000
29587  -6.984  -88.143  -2.237 0.0000000000
29588  -5.329  -89.239  -2.853 0.0000000000
31424  -2.882  -74.096  15.004 0.0000000000
31425  -3.015  -76.179  14.242 0.0000000000
31426  -2.461  -76.150  15.236 0.0000000000
31972  -20.010  -71.329  9.707 0.0000000000
31973  -21.252  -71.345  9.028 0.0000000000
31974  -20.328  -72.361  9.418 0.0000000000
31975  -20.372  -73.316  8.689 0.0000000000
31976  -20.082  -73.881  7.773 0.0000000000
31977  -18.264  -74.978  9.687 0.0000000000
31978  -18.981  -74.724  8.206 0.0000000000
31979  -19.441  -74.118  6.834 0.0000000000
31980  -18.434  -73.875  6.068 0.0000000000
31981  -17.113  -73.315  5.591 0.0000000000
31982  -15.625  -72.576  5.495 0.0000000000
34270  -12.642  -79.109  14.290 0.0000000000
34271  -13.630  -78.802  13.097 0.0000000000
34272  -12.975  -79.938  12.725 0.0000000000
34273  -12.970  -80.071  11.003 0.0000000000
34274  -12.479  -79.816  9.352 0.0000000000
34275  -12.474  -81.733  9.496 0.0000000000
34276  -12.328  -80.605  8.345 0.0000000000
34277  -11.590  -79.463  7.686 0.0000000000
34278  -10.105  -79.292  6.498 0.0000000000
34279  -8.266  -79.472  5.690 0.0000000000
34280  -6.565  -79.976  5.160 0.0000000000
34281  -12.275  -84.674  5.804 0.0000000000
34282  -11.882  -83.707  4.611 0.0000000000
34283  -10.829  -82.831  3.791 0.0000000000
34284  -9.361  -84.100  1.580 0.0000000000
34285  -9.395  -83.215  2.416 0.0000000000
34286  -9.416  -82.092  3.412 0.0000000000
34287  -7.761  -81.581  3.459 0.0000000000
34288  -6.231  -81.170  3.997 0.0000000000
34289  -4.946  -80.576  4.719 0.0000000000
35926  -14.637  -93.099  3.485 0.0000000000
35927  -14.824  -91.998  1.879 0.0000000000
35928  -15.235  -92.985  1.023 0.0000000000
35929  -14.717  -93.333  -1.368 0.0000000000
35930  -13.445  -94.371  -3.135 0.0000000000
35931  -15.391  -95.340  -3.077 0.0000000000
35932  -13.846  -95.347  -3.967 0.0000000000
35933  -12.058  -95.713  -4.507 0.0000000000
39025  -22.247  -67.189  8.596 0.0000000000
39026  -21.602  -68.310  8.708 0.0000000000
39027  -20.790  -69.276  8.934 0.0000000000
39032  -19.521  -67.712  9.111 0.0000000000
39033  -20.184  -67.691  8.475 0.0000000000
39034  -20.049  -68.562  8.246 0.0000000000
39035  -19.897  -69.256  8.694 0.0000000000
39036  -19.855  -70.122  9.252 0.0000000000
39037  -18.984  -70.921  9.910 0.0000000000
39038  -18.069  -71.700  10.673 0.0000000000
39039  -17.088  -72.465  11.504 0.0000000000
39040  -15.968  -70.736  10.549 0.0000000000
39041  -16.041  -71.809  11.754 0.0000000000
39042  -16.161  -73.208  12.345 0.0000000000
39043  -15.234  -74.006  13.211 0.0000000000
39044  -14.289  -74.874  14.068 0.0000000000
39045  -13.336  -75.965  14.835 0.0000000000
39064  -12.206  -68.222  10.499 0.0000000000
39065  -11.851  -69.658  11.094 0.0000000000
39066  -11.754  -70.806  12.613 0.0000000000
39067  -9.248  -70.917  13.459 0.0000000000
39068  -10.467  -71.518  13.752 0.0000000000
39069  -11.656  -72.117  13.901 0.0000000000
39070  -11.764  -73.719  14.799 0.0000000000
39071  -12.060  -75.424  15.317 0.0000000000
39072  -12.378  -77.330  15.321 0.0000000000
39073  -11.489  -78.878  15.161 0.0000000000
39074  -10.839  -80.349  14.569 0.0000000000
39075  -10.432  -81.638  13.866 0.0000000000
39076  -8.282  -79.627  14.851 0.0000000000
39077  -9.157  -81.359  14.195 0.0000000000
39078  -10.132  -82.707  13.283 0.0000000000
39079  -9.853  -83.792  12.695 0.0000000000
39080  -9.796  -85.028  11.862 0.0000000000
39081  -9.802  -86.105  10.895 0.0000000000
39082  -3.693  -78.199  13.781 0.0000000000
39083  -4.564  -80.128  13.220 0.0000000000
39084  -5.556  -81.905  12.707 0.0000000000
39085  -4.252  -83.332  11.588 0.0000000000
39086  -5.400  -83.427  11.924 0.0000000000
39087  -6.463  -83.515  12.419 0.0000000000
39088  -7.421  -85.163  12.093 0.0000000000
39089  -8.496  -86.460  11.241 0.0000000000
39090  -9.827  -87.031  9.623 0.0000000000
39091  -9.864  -87.666  8.292 0.0000000000
39092  -10.129  -88.453  7.192 0.0000000000
39093  -10.535  -89.246  6.455 0.0000000000
39094  -7.438  -89.656  7.159 0.0000000000
39095  -9.284  -89.998  6.623 0.0000000000
39096  -10.984  -89.969  6.191 0.0000000000
39097  -11.395  -90.619  6.203 0.0000000000
39098  -11.942  -91.415  6.036 0.0000000000
39099  -12.569  -92.340  5.686 0.0000000000
39176  -6.156  -94.333  5.369 0.0000000000
39177  -7.454  -93.482  5.741 0.0000000000
39178  -9.302  -93.530  6.031 0.0000000000
39179  -11.301  -93.592  5.997 0.0000000000
39180  -13.258  -93.551  5.139 0.0000000000
39181  -13.675  -94.660  4.450 0.0000000000
39182  -13.951  -95.712  3.511 0.0000000000
39183  -14.142  -96.769  2.453 0.0000000000
39184  -11.205  -98.308  4.320 0.0000000000
39185  -12.861  -98.221  3.001 0.0000000000
39186  -14.320  -97.781  1.385 0.0000000000
39187  -14.445  -98.631  0.292 0.0000000000
39188  -14.501  -99.323  -0.819 0.0000000000
40486  -22.439  -71.101  8.182 0.0000000000
40487  -23.435  -70.512  7.323 0.0000000000
40488  -24.330  -69.570  6.442 0.0000000000
40489  -22.619  -71.082  5.356 0.0000000000
40490  -23.928  -69.836  5.435 0.0000000000
40491  -25.005  -68.368  5.635 0.0000000000
40492  -25.409  -66.900  4.898 0.0000000000
40493  -25.643  -65.320  4.304 0.0000000000
40504  -14.222  -78.238  11.743 0.0000000000
40505  -14.469  -77.516  10.380 0.0000000000
40506  -14.435  -76.522  9.197 0.0000000000
40507  -11.940  -76.599  8.968 0.0000000000
40508  -13.078  -75.897  8.776 0.0000000000
40509  -14.318  -75.431  8.100 0.0000000000
40510  -14.189  -74.348  7.108 0.0000000000
40511  -14.018  -73.179  6.286 0.0000000000
40512  -13.833  -71.871  5.601 0.0000000000
40515  -7.324  -74.050  8.014 0.0000000000
40518  -8.782  -72.769  7.452 0.0000000000
40519  -10.351  -71.887  6.668 0.0000000000
40520  -11.944  -71.212  5.796 0.0000000000
40521  -13.608  -70.520  5.005 0.0000000000
40522  -13.370  -69.176  4.558 0.0000000000
40558  -13.921  -91.156  0.334 0.0000000000
40559  -12.321  -90.889  -0.907 0.0000000000
40560  -10.592  -90.863  -1.888 0.0000000000
40562  -8.926  -92.328  -3.160 0.0000000000
40563  -8.782  -90.894  -2.681 0.0000000000
40564  -6.917  -90.845  -3.111 0.0000000000
41146  -13.849  -91.618  4.484 0.0000000000
41147  -14.014  -90.974  3.794 0.0000000000
41148  -14.321  -91.439  3.480 0.0000000000
41716  -13.961  -77.133  14.236 0.0000000000
41717  -14.484  -77.137  13.565 0.0000000000
41718  -14.039  -77.717  13.748 0.0000000000
42316  -11.071  -85.860  9.463 0.0000000000
42317  -11.591  -85.355  8.991 0.0000000000
42318  -11.600  -85.719  8.467 0.0000000000
42767  -16.471  -98.505  -3.901 0.0000000000
43625  -14.264  -67.780  10.505 0.0000000000
43630  -3.539  -73.132  14.384 0.0000000000
43631  -4.025  -72.204  14.212 0.0000000000
43632  -4.039  -73.288  14.061 0.0000000000
43633  -4.638  -73.503  14.046 0.0000000000
43634  -4.179  -74.396  14.077 0.0000000000
43635  -4.372  -75.480  14.120 0.0000000000
43636  -3.779  -75.297  14.054 0.0000000000
44026  -21.298  -69.892  9.056 0.0000000000
44027  -21.918  -69.789  8.904 0.0000000000
44028  -21.513  -70.351  9.004 0.0000000000
44029  -16.393  -71.605  4.909 0.0000000000
44030  -17.167  -71.249  4.645 0.0000000000
44031  -16.355  -70.911  4.650 0.0000000000
44032  -16.259  -70.211  4.413 0.0000000000
44033  -15.479  -70.577  4.667 0.0000000000
44034  -6.198  -79.097  6.061 0.0000000000
44035  -6.538  -78.444  6.612 0.0000000000
44036  -5.662  -78.671  6.440 0.0000000000
44716  -11.786  -88.735  5.697 0.0000000000
44717  -12.115  -88.237  5.270 0.0000000000
44718  -12.291  -88.592  5.024 0.0000000000
44719  -11.235  -89.110  -0.781 0.0000000000
44720  -11.104  -88.644  -0.623 0.0000000000
44721  -10.346  -89.050  -1.341 0.0000000000
44722  -9.452  -88.975  -1.817 0.0000000000
44723  -9.535  -89.534  -1.952 0.0000000000
46426  -17.686  -73.504  11.241 0.0000000000
46427  -18.226  -73.592  10.699 0.0000000000
46428  -17.759  -73.993  11.002 0.0000000000
46429  -16.230  -76.271  8.964 0.0000000000
46430  -16.883  -76.029  8.629 0.0000000000
46431  -16.304  -75.856  8.224 0.0000000000
46432  -16.389  -75.433  7.523 0.0000000000
46433  -15.668  -75.592  7.905 0.0000000000
48226  -11.441  -82.197  12.733 0.0000000000
48227  -11.959  -81.863  12.262 0.0000000000
48228  -11.816  -82.287  11.913 0.0000000000
48229  -11.520  -81.999  5.580 0.0000000000
48230  -11.608  -81.614  6.078 0.0000000000
48231  -10.967  -81.488  5.231 0.0000000000
48232  -10.325  -81.012  4.961 0.0000000000
48233  -10.255  -81.445  4.484 0.0000000000
48234  -11.335  -85.231  1.763 0.0000000000
48235  -11.441  -84.792  2.317 0.0000000000
48236  -10.741  -84.916  1.424 0.0000000000
48237  -5.262  -84.325  0.981 0.0000000000
48238  -6.053  -84.018  1.250 0.0000000000
48239  -5.296  -83.812  1.456 0.0000000000
48240  -5.290  -83.239  1.971 0.0000000000
48241  -4.546  -83.488  1.680 0.0000000000
49576  -15.346  -95.672  1.137 0.0000000000
49577  -15.672  -95.020  0.416 0.0000000000
49578  -15.737  -95.529  -0.058 0.0000000000
49580  -13.611  -97.195  -6.044 0.0000000000
52145  -21.255  -67.084  8.383 0.0000000000
52146  -20.955  -67.162  8.518 0.0000000000
52150  -17.262  -69.177  8.545 0.0000000000
52151  -17.772  -68.931  8.434 0.0000000000
52152  -17.694  -69.372  8.538 0.0000000000
52153  -18.098  -69.487  8.574 0.0000000000
52154  -17.583  -69.740  8.765 0.0000000000
52155  -17.533  -70.083  9.156 0.0000000000
52156  -17.078  -69.973  9.030 0.0000000000
52157  -13.423  -71.026  12.145 0.0000000000
52158  -13.936  -71.278  12.244 0.0000000000
52159  -13.379  -71.603  12.832 0.0000000000
52160  -13.391  -72.290  13.385 0.0000000000
52161  -12.804  -71.980  13.404 0.0000000000
52173  -8.242  -68.496  13.004 0.0000000000
52177  -9.334  -68.354  12.213 0.0000000000
52178  -9.700  -68.726  11.798 0.0000000000
52179  -8.958  -69.063  12.170 0.0000000000
52180  -8.211  -74.964  15.327 0.0000000000
52181  -8.693  -74.197  15.233 0.0000000000
52182  -8.860  -75.183  15.483 0.0000000000
52183  -9.522  -75.382  15.577 0.0000000000
52184  -9.093  -76.184  15.701 0.0000000000
52185  -9.292  -77.204  15.683 0.0000000000
52186  -8.638  -76.958  15.604 0.0000000000
52187  -6.773  -81.401  13.463 0.0000000000
52188  -7.323  -81.532  13.628 0.0000000000
52189  -7.223  -82.194  13.299 0.0000000000
52190  -7.644  -82.947  13.146 0.0000000000
52191  -7.107  -82.876  12.970 0.0000000000
52195  -5.592  -87.042  9.554 0.0000000000
52196  -5.628  -86.416  10.200 0.0000000000
52197  -6.157  -87.130  9.832 0.0000000000
52198  -6.705  -87.217  10.079 0.0000000000
52199  -6.644  -87.763  9.356 0.0000000000
52200  -7.183  -88.185  8.861 0.0000000000
52201  -6.609  -88.313  8.657 0.0000000000
52202  -6.803  -91.766  6.050 0.0000000000
52203  -7.500  -91.494  6.251 0.0000000000
52204  -7.686  -92.002  6.123 0.0000000000
52205  -8.556  -92.083  6.215 0.0000000000
52206  -7.875  -92.478  6.016 0.0000000000
52270  -8.242  -96.839  5.664 0.0000000000
52271  -7.957  -96.207  5.692 0.0000000000
52272  -8.899  -96.335  5.775 0.0000000000
52273  -9.569  -95.844  5.856 0.0000000000
52274  -9.846  -96.531  5.696 0.0000000000
52275  -10.765  -96.635  5.479 0.0000000000
52276  -10.019  -97.096  5.434 0.0000000000
53359  -25.042  -67.723  7.212 0.0000000000
53360  -25.252  -66.888  7.393 0.0000000000
53361  -25.413  -67.162  6.900 0.0000000000
53362  -25.707  -66.508  6.561 0.0000000000
53363  -25.465  -67.378  6.354 0.0000000000
53364  -21.030  -73.165  6.979 0.0000000000
53365  -21.624  -72.637  6.877 0.0000000000
53366  -21.326  -72.757  6.396 0.0000000000
53368  -22.587  -68.808  3.913 0.0000000000
53379  -12.352  -78.824  9.371 0.0000000000
53380  -12.636  -78.409  9.707 0.0000000000
53381  -12.063  -78.230  9.146 0.0000000000
53382  -9.504  -74.580  8.158 0.0000000000
53383  -10.442  -74.657  8.163 0.0000000000
53384  -10.241  -74.076  7.881 0.0000000000
53385  -10.980  -73.698  7.499 0.0000000000
53386  -10.024  -73.495  7.559 0.0000000000
53424  -12.318  -94.059  -3.102 0.0000000000
53425  -12.058  -93.437  -2.717 0.0000000000
53426  -11.333  -94.153  -3.379 0.0000000000
54316  -12.733  -89.997  5.401 0.0000000000
54317  -12.987  -89.462  4.740 0.0000000000
54318  -13.244  -89.764  4.543 0.0000000000
54319  -13.842  -89.885  2.224 0.0000000000
54320  -13.606  -89.475  2.465 0.0000000000
54321  -13.379  -89.531  1.357 0.0000000000
54322  -12.739  -89.324  0.569 0.0000000000
54323  -12.874  -89.765  0.366 0.0000000000
56026  -15.820  -75.056  12.851 0.0000000000
56027  -16.415  -75.204  12.196 0.0000000000
56028  -15.942  -75.627  12.624 0.0000000000
56029  -15.395  -77.060  12.125 0.0000000000
56030  -15.920  -76.637  11.843 0.0000000000
56031  -15.728  -76.956  11.343 0.0000000000
56032  -16.018  -76.812  10.540 0.0000000000
56033  -15.426  -77.155  10.800 0.0000000000
57826  -11.003  -84.027  11.356 0.0000000000
57827  -11.585  -83.620  10.831 0.0000000000
57828  -11.526  -84.119  10.426 0.0000000000
57829  -12.162  -84.217  7.862 0.0000000000
57830  -12.138  -83.843  8.338 0.0000000000
57831  -12.266  -83.624  7.284 0.0000000000
57832  -12.163  -83.067  6.602 0.0000000000
57833  -12.206  -83.435  6.175 0.0000000000
57834  -7.990  -86.423  -0.951 0.0000000000
57835  -8.057  -85.840  -0.415 0.0000000000
57836  -7.159  -86.320  -0.885 0.0000000000
57838  -5.669  -86.092  -0.465 0.0000000000
57839  -4.951  -85.916  -0.291 0.0000000000
57840  -5.040  -85.342  0.140 0.0000000000
59176  -15.767  -97.601  -1.048 0.0000000000
59177  -16.148  -96.946  -1.722 0.0000000000
59178  -16.266  -97.394  -2.244 0.0000000000
59179  -16.632  -97.492  -5.216 0.0000000000
59180  -16.494  -97.176  -4.690 0.0000000000
59181  -16.112  -97.260  -5.724 0.0000000000
61750  -15.657  -67.821  10.027 0.0000000000
61751  -16.229  -67.873  10.218 0.0000000000
61752  -16.005  -68.130  9.420 0.0000000000
61753  -16.385  -68.475  8.902 0.0000000000
61754  -15.881  -68.632  8.893 0.0000000000
61755  -15.814  -69.297  8.838 0.0000000000
61756  -15.355  -68.863  8.982 0.0000000000
61757  -13.647  -68.900  9.565 0.0000000000
61758  -14.181  -69.363  9.547 0.0000000000
61759  -13.610  -69.576  9.988 0.0000000000
61760  -13.555  -70.088  10.700 0.0000000000
61761  -13.027  -69.783  10.558 0.0000000000
61773  -5.170  -70.490  13.869 0.0000000000
61775  -5.856  -69.816  13.627 0.0000000000
61776  -6.599  -69.278  13.395 0.0000000000
61777  -6.349  -70.103  13.451 0.0000000000
61778  -6.837  -70.415  13.400 0.0000000000
61779  -6.240  -71.040  13.679 0.0000000000
61780  -5.814  -73.926  14.382 0.0000000000
61781  -6.261  -73.122  14.361 0.0000000000
61782  -6.362  -74.192  14.654 0.0000000000
61783  -6.953  -74.437  14.918 0.0000000000
61784  -6.493  -75.276  14.891 0.0000000000
61785  -6.729  -76.285  15.021 0.0000000000
61786  -6.126  -76.104  14.797 0.0000000000
61787  -5.009  -77.588  14.227 0.0000000000
61788  -5.565  -77.795  14.434 0.0000000000
61789  -5.421  -78.671  14.125 0.0000000000
61790  -5.841  -79.656  13.920 0.0000000000
61791  -5.260  -79.481  13.775 0.0000000000
61797  -3.751  -86.758  8.956 0.0000000000
61798  -4.381  -86.852  9.065 0.0000000000
61799  -4.298  -87.525  8.448 0.0000000000
61800  -4.846  -88.267  7.993 0.0000000000
61801  -4.209  -88.200  7.874 0.0000000000
61805  -5.026  -90.803  6.072 0.0000000000
61873  -6.965  -97.682  5.533 0.0000000000
61874  -7.141  -98.213  5.350 0.0000000000
61875  -7.922  -98.284  5.193 0.0000000000
61876  -7.257  -98.650  5.144 0.0000000000
62956  -22.680  -67.564  8.766 0.0000000000
62957  -23.168  -67.236  8.718 0.0000000000
62958  -22.932  -67.908  8.742 0.0000000000
62959  -23.099  -69.372  8.468 0.0000000000
62960  -23.410  -68.666  8.466 0.0000000000
62961  -23.659  -69.075  8.190 0.0000000000
62962  -24.162  -68.669  7.882 0.0000000000
62963  -23.822  -69.436  7.828 0.0000000000
62964  -19.219  -72.860  5.378 0.0000000000
62965  -19.907  -72.460  5.197 0.0000000000
62966  -19.280  -72.208  4.955 0.0000000000
62967  -18.733  -70.491  4.226 0.0000000000
62968  -19.438  -70.840  4.301 0.0000000000
62969  -19.518  -70.095  4.037 0.0000000000
62970  -20.331  -69.662  3.893 0.0000000000
62979  -9.695  -78.391  6.979 0.0000000000
62980  -9.991  -77.918  7.496 0.0000000000
62981  -9.123  -77.934  7.201 0.0000000000
62982  -7.299  -77.144  7.540 0.0000000000
62983  -8.145  -77.011  7.687 0.0000000000
62984  -7.780  -76.509  7.913 0.0000000000
62985  -8.299  -75.857  8.164 0.0000000000
62986  -7.403  -75.996  8.085 0.0000000000
65026  -11.236  -87.258  7.254 0.0000000000
65027  -11.672  -86.751  6.952 0.0000000000
65028  -11.786  -87.095  6.431 0.0000000000
65029  -12.469  -87.093  4.116 0.0000000000
65030  -12.451  -86.699  4.556 0.0000000000
65031  -12.394  -86.563  3.450 0.0000000000
65032  -12.213  -86.056  2.824 0.0000000000
65033  -12.153  -86.497  2.371 0.0000000000
65034  -12.989  -88.540  3.130 0.0000000000
65035  -12.827  -88.272  3.293 0.0000000000
65036  -12.643  -88.182  2.253 0.0000000000
65037  -10.962  -87.669  -0.150 0.0000000000
65038  -11.620  -87.460  0.737 0.0000000000
65039  -10.954  -87.178  0.126 0.0000000000
65040  -11.017  -86.679  0.428 0.0000000000
65041  -10.251  -86.939  -0.374 0.0000000000
65042  -9.539  -86.710  -0.732 0.0000000000
65043  -9.431  -87.288  -1.119 0.0000000000
65044  -7.707  -88.794  -2.332 0.0000000000
65045  -7.767  -88.210  -2.108 0.0000000000
65046  -6.954  -88.734  -2.506 0.0000000000
65047  -6.127  -88.715  -2.590 0.0000000000
65048  -6.095  -89.320  -2.828 0.0000000000
68985  -2.647  -75.116  15.129 0.0000000000
70156  -19.538  -71.782  10.009 0.0000000000
70157  -20.162  -71.838  9.684 0.0000000000
70158  -19.698  -72.311  9.927 0.0000000000
70159  -19.358  -73.739  9.535 0.0000000000
70160  -19.876  -73.328  9.289 0.0000000000
70161  -19.815  -73.764  8.877 0.0000000000
70162  -20.279  -73.638  8.224 0.0000000000
70163  -19.723  -74.074  8.430 0.0000000000
70164  -17.371  -75.368  10.752 0.0000000000
70165  -17.853  -74.972  10.388 0.0000000000
70166  -17.778  -75.393  10.017 0.0000000000
70167  -18.100  -75.280  7.987 0.0000000000
70168  -18.436  -75.155  8.472 0.0000000000
70169  -18.656  -74.867  7.727 0.0000000000
70170  -19.227  -74.463  7.512 0.0000000000
70171  -18.859  -74.523  7.022 0.0000000000
70172  -18.972  -74.040  6.428 0.0000000000
70173  -18.362  -74.431  6.633 0.0000000000
70174  -16.452  -74.260  6.357 0.0000000000
70175  -17.160  -73.938  6.033 0.0000000000
70176  -16.438  -73.637  5.899 0.0000000000
70177  -16.385  -72.959  5.516 0.0000000000
70178  -15.658  -73.257  5.834 0.0000000000
75556  -12.304  -79.793  14.051 0.0000000000
75557  -12.831  -79.635  13.559 0.0000000000
75558  -12.563  -80.229  13.280 0.0000000000
75559  -12.674  -80.998  11.149 0.0000000000
75560  -12.835  -80.552  11.546 0.0000000000
75561  -12.811  -80.499  10.673 0.0000000000
75562  -12.813  -79.958  10.186 0.0000000000
75563  -12.703  -80.381  9.804 0.0000000000
75564  -12.273  -82.669  9.644 0.0000000000
75565  -12.342  -82.268  10.083 0.0000000000
75566  -12.397  -82.107  9.024 0.0000000000
75567  -11.757  -80.792  7.025 0.0000000000
75568  -12.238  -80.987  7.892 0.0000000000
75569  -11.881  -80.426  7.524 0.0000000000
75570  -11.991  -80.025  7.997 0.0000000000
75571  -11.436  -79.859  7.223 0.0000000000
75572  -10.924  -79.327  7.036 0.0000000000
75573  -10.756  -79.741  6.531 0.0000000000
75574  -8.861  -80.279  4.977 0.0000000000
75575  -9.008  -79.809  5.516 0.0000000000
75576  -8.093  -79.973  5.143 0.0000000000
75577  -7.412  -79.683  5.417 0.0000000000
75578  -7.255  -80.226  4.857 0.0000000000
75579  -12.261  -85.571  5.966 0.0000000000
75580  -12.211  -85.232  6.404 0.0000000000
75581  -12.293  -85.008  5.347 0.0000000000
75582  -11.437  -84.026  3.221 0.0000000000
75583  -11.885  -84.051  4.149 0.0000000000
75584  -11.445  -83.657  3.655 0.0000000000
75585  -11.445  -83.258  4.156 0.0000000000
75586  -10.869  -83.320  3.262 0.0000000000
75587  -8.349  -84.820  0.589 0.0000000000
75588  -9.269  -84.523  1.112 0.0000000000
75589  -8.505  -84.375  1.070 0.0000000000
75590  -7.747  -83.304  1.925 0.0000000000
75591  -8.583  -83.493  1.859 0.0000000000
75592  -8.575  -82.985  2.332 0.0000000000
75593  -9.408  -82.685  2.896 0.0000000000
75594  -8.553  -82.442  2.865 0.0000000000
75595  -8.582  -81.835  3.375 0.0000000000
75596  -7.730  -82.186  2.948 0.0000000000
75597  -5.360  -82.100  3.179 0.0000000000
75598  -6.167  -81.742  3.409 0.0000000000
75599  -5.420  -81.511  3.764 0.0000000000
75600  -5.525  -80.910  4.357 0.0000000000
75601  -4.693  -81.199  4.131 0.0000000000
79606  -14.829  -93.621  3.098 0.0000000000
79607  -15.070  -92.999  2.312 0.0000000000
79608  -15.255  -93.496  1.864 0.0000000000
79609  -15.509  -94.043  -1.050 0.0000000000
79610  -15.361  -93.568  -0.629 0.0000000000
79611  -14.907  -93.800  -1.697 0.0000000000
79612  -14.132  -93.779  -2.281 0.0000000000
79613  -14.320  -94.287  -2.675 0.0000000000
79614  -16.107  -95.945  -3.043 0.0000000000
79615  -15.987  -95.514  -2.516 0.0000000000
79616  -15.529  -95.799  -3.563 0.0000000000
79617  -13.319  -96.459  -5.057 0.0000000000
79618  -14.046  -95.817  -4.376 0.0000000000
79619  -13.172  -96.015  -4.639 0.0000000000
79620  -12.990  -95.525  -4.231 0.0000000000
79621  -12.257  -96.231  -4.918 0.0000000000
79622  -11.313  -96.439  -5.186 0.0000000000
79623  -11.520  -96.882  -5.586 0.0000000000
87315  -22.487  -66.546  8.584 0.0000000000
87316  -22.168  -66.705  8.485 0.0000000000
87317  -21.240  -67.967  8.428 0.0000000000
87318  -21.594  -67.882  8.534 0.0000000000
87319  -21.209  -68.375  8.597 0.0000000000
87320  -21.188  -68.821  8.790 0.0000000000
87321  -20.794  -68.831  8.697 0.0000000000
87333  -18.799  -68.378  8.438 0.0000000000
87334  -18.944  -68.005  8.886 0.0000000000
87335  -19.333  -68.076  8.557 0.0000000000
87336  -19.850  -67.695  8.771 0.0000000000
87337  -19.724  -68.139  8.305 0.0000000000
87338  -20.092  -68.182  8.213 0.0000000000
87339  -19.621  -68.583  8.171 0.0000000000
87340  -18.993  -69.597  8.761 0.0000000000
87341  -19.486  -69.286  8.589 0.0000000000
87342  -19.405  -69.631  8.878 0.0000000000
87343  -19.833  -69.666  8.959 0.0000000000
87344  -19.367  -70.014  9.201 0.0000000000
87345  -19.413  -70.526  9.540 0.0000000000
87346  -18.923  -70.371  9.504 0.0000000000
87347  -17.467  -70.854  10.272 0.0000000000
87348  -18.004  -71.082  10.294 0.0000000000
87349  -17.535  -71.432  10.741 0.0000000000
87350  -17.571  -72.079  11.082 0.0000000000
87351  -17.044  -71.765  11.220 0.0000000000
87352  -15.625  -70.186  9.801 0.0000000000
87353  -16.059  -70.347  9.895 0.0000000000
87354  -15.531  -70.556  10.446 0.0000000000
87355  -14.972  -71.819  12.358 0.0000000000
87356  -15.491  -71.512  11.792 0.0000000000
87357  -15.549  -72.171  12.277 0.0000000000
87358  -16.119  -72.495  12.145 0.0000000000
87359  -15.620  -72.886  12.593 0.0000000000
87360  -15.697  -73.600  12.764 0.0000000000
87361  -15.134  -73.247  13.045 0.0000000000
87362  -13.555  -73.781  14.147 0.0000000000
87363  -14.183  -74.096  13.933 0.0000000000
87364  -13.697  -74.559  14.358 0.0000000000
87365  -13.807  -75.389  14.476 0.0000000000
87366  -13.227  -75.050  14.783 0.0000000000
87413  -12.686  -67.811  11.143 0.0000000000
87414  -11.952  -67.955  11.206 0.0000000000
87415  -10.612  -69.606  11.562 0.0000000000
87416  -11.304  -69.290  11.056 0.0000000000
87417  -11.238  -69.900  11.702 0.0000000000
87418  -11.800  -70.231  11.816 0.0000000000
87419  -11.192  -70.505  12.471 0.0000000000
87420  -7.992  -71.102  13.728 0.0000000000
87421  -8.625  -70.612  13.289 0.0000000000
87422  -8.596  -71.386  13.947 0.0000000000
87423  -9.817  -72.860  14.754 0.0000000000
87424  -9.812  -71.984  14.234 0.0000000000
87425  -10.413  -72.268  14.349 0.0000000000
87426  -11.089  -71.800  13.845 0.0000000000
87427  -11.050  -72.594  14.380 0.0000000000
87428  -11.639  -72.856  14.418 0.0000000000
87429  -11.123  -73.460  14.814 0.0000000000
87430  -10.869  -75.865  15.646 0.0000000000
87431  -11.384  -75.181  15.425 0.0000000000
87432  -11.528  -76.069  15.586 0.0000000000
87433  -12.207  -76.334  15.398 0.0000000000
87434  -11.711  -77.073  15.547 0.0000000000
87435  -11.889  -78.070  15.340 0.0000000000
87436  -11.264  -77.851  15.553 0.0000000000
87437  -9.805  -79.263  15.289 0.0000000000
87438  -10.458  -79.457  15.163 0.0000000000
87439  -10.196  -80.188  14.831 0.0000000000
87440  -10.611  -81.022  14.201 0.0000000000
87441  -9.971  -80.891  14.456 0.0000000000
87442  -7.335  -78.449  14.947 0.0000000000
87443  -7.937  -78.630  15.099 0.0000000000
87444  -7.706  -79.456  14.737 0.0000000000
87445  -8.400  -81.801  13.841 0.0000000000
87446  -8.558  -81.213  14.177 0.0000000000
87447  -9.001  -81.941  13.870 0.0000000000
87448  -9.625  -82.095  13.805 0.0000000000
87449  -9.476  -82.652  13.519 0.0000000000
87450  -10.001  -83.254  13.002 0.0000000000
87451  -9.352  -83.212  13.201 0.0000000000
87452  -8.624  -84.485  12.578 0.0000000000
87453  -9.218  -84.467  12.453 0.0000000000
87454  -9.183  -85.116  12.077 0.0000000000
87455  -9.800  -85.588  11.393 0.0000000000
87456  -9.183  -85.735  11.631 0.0000000000
87457  -2.860  -77.178  14.277 0.0000000000
87458  -3.288  -77.229  13.978 0.0000000000
87459  -3.173  -78.161  13.878 0.0000000000
87460  -3.924  -80.835  12.855 0.0000000000
87461  -4.025  -79.998  13.190 0.0000000000
87462  -4.490  -80.938  12.834 0.0000000000
87463  -5.061  -81.060  12.958 0.0000000000
87464  -5.000  -81.845  12.524 0.0000000000
87465  -3.589  -84.005  11.034 0.0000000000
87466  -3.683  -83.272  11.581 0.0000000000
87467  -4.160  -84.065  11.070 0.0000000000
87468  -5.743  -85.019  11.303 0.0000000000
87469  -5.278  -84.256  11.486 0.0000000000
87470  -5.822  -84.261  11.774 0.0000000000
87471  -5.936  -83.457  12.180 0.0000000000
87472  -6.363  -84.274  12.087 0.0000000000
87473  -6.910  -84.356  12.321 0.0000000000
87474  -6.847  -85.117  11.905 0.0000000000
87475  -7.846  -87.141  10.461 0.0000000000
87476  -7.894  -86.547  11.130 0.0000000000
87477  -8.449  -87.068  10.584 0.0000000000
87478  -9.137  -86.836  10.504 0.0000000000
87479  -9.143  -87.290  9.785 0.0000000000
87480  -9.832  -87.339  8.941 0.0000000000
87481  -9.135  -87.626  9.089 0.0000000000
87482  -8.625  -88.663  7.811 0.0000000000
87483  -9.301  -88.367  7.793 0.0000000000
87484  -9.478  -88.802  7.291 0.0000000000
87485  -10.312  -88.874  6.784 0.0000000000
87486  -9.687  -89.227  6.877 0.0000000000
87487  -6.033  -89.425  7.293 0.0000000000
87488  -6.622  -89.318  7.449 0.0000000000
87489  -6.783  -89.857  7.008 0.0000000000
87490  -8.859  -90.811  6.454 0.0000000000
87491  -8.616  -90.340  6.585 0.0000000000
87492  -9.523  -90.427  6.462 0.0000000000
87493  -10.183  -90.032  6.386 0.0000000000
87494  -10.349  -90.409  6.368 0.0000000000
87495  -11.180  -90.299  6.208 0.0000000000
87496  -10.541  -90.734  6.379 0.0000000000
87497  -10.341  -91.977  6.288 0.0000000000
87498  -11.014  -91.476  6.336 0.0000000000
87499  -11.286  -91.933  6.224 0.0000000000
87500  -12.258  -91.860  5.855 0.0000000000
87501  -11.599  -92.402  6.088 0.0000000000
87693  -7.357  -95.050  5.555 0.0000000000
87694  -6.428  -94.956  5.392 0.0000000000
87695  -7.063  -94.530  5.487 0.0000000000
87696  -6.779  -93.963  5.495 0.0000000000
87697  -7.705  -94.039  5.704 0.0000000000
87698  -8.368  -93.518  5.903 0.0000000000
87699  -8.636  -94.080  5.872 0.0000000000
87700  -10.976  -94.819  5.871 0.0000000000
87701  -10.564  -94.177  6.012 0.0000000000
87702  -11.636  -94.254  5.798 0.0000000000
87703  -12.341  -93.625  5.709 0.0000000000
87704  -12.649  -94.307  5.409 0.0000000000
87705  -13.508  -94.105  4.810 0.0000000000
87706  -12.860  -94.879  5.106 0.0000000000
87707  -12.525  -96.596  4.488 0.0000000000
87708  -13.220  -95.935  4.315 0.0000000000
87709  -13.309  -96.467  3.861 0.0000000000
87710  -14.057  -96.246  2.978 0.0000000000
87711  -13.446  -96.986  3.276 0.0000000000
87712  -9.546  -98.610  4.721 0.0000000000
87713  -10.314  -98.224  4.772 0.0000000000
87714  -10.391  -98.764  4.323 0.0000000000
87715  -12.221  -99.365  2.601 0.0000000000
87716  -12.164  -98.838  3.157 0.0000000000
87717  -12.991  -98.743  2.414 0.0000000000
87718  -13.654  -98.059  2.206 0.0000000000
87719  -13.724  -98.531  1.666 0.0000000000
87720  -14.389  -98.231  0.836 0.0000000000
87721  -13.752  -98.945  1.121 0.0000000000
87722  -13.093  -100.217  0.162 0.0000000000
87723  -13.777  -99.628  0.001 0.0000000000
90954  -24.036  -66.452  8.580 0.0000000000
90955  -24.087  -65.701  8.608 0.0000000000
90956  -24.434  -66.002  8.470 0.0000000000
90964  -26.148  -65.106  5.971 0.0000000000
90969  -21.383  -71.803  8.782 0.0000000000
90970  -21.870  -71.261  8.624 0.0000000000
90971  -21.945  -71.688  8.277 0.0000000000
90972  -22.834  -71.439  6.803 0.0000000000
90973  -22.937  -71.192  7.300 0.0000000000
90974  -23.392  -70.790  6.823 0.0000000000
90975  -23.899  -70.100  6.890 0.0000000000
90976  -23.807  -70.315  6.360 0.0000000000
90977  -21.399  -71.525  4.962 0.0000000000
90978  -21.896  -71.642  5.367 0.0000000000
90979  -22.184  -71.016  4.918 0.0000000000
90980  -23.770  -69.121  4.595 0.0000000000
90981  -23.541  -69.810  4.950 0.0000000000
90982  -24.186  -69.152  5.032 0.0000000000
90983  -24.509  -69.121  5.506 0.0000000000
90984  -24.782  -68.426  5.131 0.0000000000
90985  -25.274  -67.659  5.252 0.0000000000
90986  -24.978  -67.676  4.798 0.0000000000
90988  -25.178  -66.118  4.122 0.0000000000
91014  -13.584  -79.068  12.316 0.0000000000
91015  -13.970  -78.546  12.443 0.0000000000
91016  -13.818  -78.723  11.684 0.0000000000
91017  -13.414  -77.633  10.018 0.0000000000
91018  -13.955  -77.835  10.492 0.0000000000
91019  -13.903  -77.310  9.963 0.0000000000
91020  -14.459  -77.003  9.780 0.0000000000
91021  -13.870  -76.766  9.445 0.0000000000
91022  -10.655  -76.962  8.418 0.0000000000
91023  -11.454  -77.025  8.788 0.0000000000
91024  -11.138  -76.453  8.685 0.0000000000
91025  -12.189  -75.051  8.258 0.0000000000
91026  -12.316  -75.621  8.626 0.0000000000
91027  -12.971  -75.334  8.327 0.0000000000
91028  -13.718  -75.648  8.453 0.0000000000
91029  -13.624  -75.093  7.959 0.0000000000
91030  -14.248  -74.884  7.576 0.0000000000
91031  -13.479  -74.555  7.512 0.0000000000
91032  -12.380  -73.124  6.750 0.0000000000
91033  -13.267  -73.444  6.711 0.0000000000
91034  -13.158  -72.823  6.355 0.0000000000
91035  -13.955  -72.544  5.924 0.0000000000
91036  -13.033  -72.188  6.005 0.0000000000
91043  -6.630  -74.749  8.196 0.0000000000
91048  -7.534  -71.196  7.427 0.0000000000
91050  -7.672  -71.944  7.508 0.0000000000
91051  -7.837  -72.671  7.653 0.0000000000
91052  -8.600  -72.111  7.269 0.0000000000
91053  -9.559  -72.301  7.075 0.0000000000
91054  -9.384  -71.638  6.845 0.0000000000
91055  -10.756  -70.211  5.753 0.0000000000
91056  -10.953  -70.869  5.968 0.0000000000
91057  -11.746  -70.520  5.534 0.0000000000
91058  -12.736  -70.825  5.384 0.0000000000
91059  -12.602  -70.150  5.105 0.0000000000
91060  -13.486  -69.872  4.770 0.0000000000
91061  -12.445  -69.485  4.886 0.0000000000
91149  -14.760  -92.088  0.554 0.0000000000
91150  -14.546  -91.490  1.123 0.0000000000
91151  -14.133  -91.768  -0.102 0.0000000000
91152  -11.652  -92.124  -1.998 0.0000000000
91153  -12.472  -91.520  -1.193 0.0000000000
91154  -11.530  -91.475  -1.694 0.0000000000
91155  -11.439  -90.849  -1.385 0.0000000000
91156  -10.654  -91.521  -2.119 0.0000000000
91162  -8.035  -92.377  -3.401 0.0000000000
91163  -8.836  -91.592  -2.909 0.0000000000
91164  -7.953  -91.617  -3.165 0.0000000000
91165  -7.840  -90.892  -2.934 0.0000000000
91166  -7.033  -91.616  -3.356 0.0000000000
92494  -13.231  -90.721  5.016 0.0000000000
92495  -13.500  -90.127  4.332 0.0000000000
92496  -13.745  -90.551  4.119 0.0000000000
92497  -14.009  -90.402  3.018 0.0000000000
92498  -14.058  -90.326  1.840 0.0000000000
93520  -14.873  -76.009  13.680 0.0000000000
93521  -15.458  -76.097  13.034 0.0000000000
93522  -14.957  -76.588  13.342 0.0000000000
93523  -14.967  -77.085  12.889 0.0000000000
93524  -14.892  -77.509  12.316 0.0000000000
94600  -11.011  -85.012  10.459 0.0000000000
94601  -11.506  -84.582  9.966 0.0000000000
94602  -11.557  -84.949  9.493 0.0000000000
94603  -11.966  -84.809  8.459 0.0000000000
94604  -12.192  -84.560  7.364 0.0000000000
94605  -6.258  -87.445  -1.771 0.0000000000
94606  -6.334  -86.816  -1.206 0.0000000000
94607  -5.501  -87.305  -1.513 0.0000000000
95410  -15.926  -98.376  -2.150 0.0000000000
95411  -16.396  -97.771  -2.781 0.0000000000
95412  -16.420  -98.161  -3.356 0.0000000000
95413  -16.782  -97.929  -4.570 0.0000000000
95414  -16.657  -97.795  -5.724 0.0000000000
96956  -15.092  -67.856  9.905 0.0000000000
96957  -14.910  -68.432  9.246 0.0000000000
96958  -14.528  -68.020  9.837 0.0000000000
96959  -13.926  -68.219  9.836 0.0000000000
96960  -13.282  -68.441  9.940 0.0000000000
96968  -4.188  -71.185  14.492 0.0000000000
96969  -4.583  -71.319  14.037 0.0000000000
96970  -5.092  -71.534  13.836 0.0000000000
96971  -5.635  -71.792  13.852 0.0000000000
96972  -5.128  -72.636  13.966 0.0000000000
96973  -5.231  -73.711  14.161 0.0000000000
96974  -5.359  -74.828  14.378 0.0000000000
96975  -5.539  -75.914  14.571 0.0000000000
96976  -4.958  -75.721  14.320 0.0000000000
96977  -4.625  -76.552  14.181 0.0000000000
96978  -4.413  -77.449  14.051 0.0000000000
97678  -22.065  -68.820  8.839 0.0000000000
97679  -22.629  -68.573  8.784 0.0000000000
97680  -22.286  -69.209  8.847 0.0000000000
97681  -22.519  -69.624  8.720 0.0000000000
97682  -22.732  -70.051  8.495 0.0000000000
97683  -17.883  -72.304  5.018 0.0000000000
97684  -18.612  -71.914  4.787 0.0000000000
97685  -17.925  -71.587  4.692 0.0000000000
97686  -17.956  -70.881  4.420 0.0000000000
97687  -17.959  -70.201  4.196 0.0000000000
97689  -17.144  -69.898  4.188 0.0000000000
97690  -16.277  -69.560  4.188 0.0000000000
97691  -15.320  -69.190  4.191 0.0000000000
97692  -7.949  -78.620  6.470 0.0000000000
97693  -8.252  -78.044  6.974 0.0000000000
97694  -7.383  -78.225  6.805 0.0000000000
97695  -6.901  -77.801  7.099 0.0000000000
97696  -6.426  -77.301  7.431 0.0000000000
98920  -11.446  -88.030  6.340 0.0000000000
98921  -11.855  -87.489  5.979 0.0000000000
98922  -11.964  -87.869  5.599 0.0000000000
98923  -12.330  -87.705  4.761 0.0000000000
98924  -12.526  -87.521  3.801 0.0000000000
98925  -12.434  -88.527  1.021 0.0000000000
98926  -12.282  -88.183  1.237 0.0000000000
98927  -11.781  -88.337  0.251 0.0000000000
98928  -11.031  -88.159  -0.400 0.0000000000
98929  -10.218  -87.997  -0.928 0.0000000000
98930  -9.412  -87.852  -1.367 0.0000000000
98931  -9.401  -88.407  -1.592 0.0000000000
98932  -8.537  -88.872  -2.112 0.0000000000
98933  -7.688  -89.426  -2.524 0.0000000000
101998  -18.592  -72.642  10.621 0.0000000000
101999  -19.229  -72.749  10.181 0.0000000000
102000  -18.727  -73.166  10.436 0.0000000000
102001  -18.831  -73.689  10.144 0.0000000000
102002  -18.844  -74.157  9.771 0.0000000000
102003  -17.056  -76.118  9.884 0.0000000000
102004  -17.584  -75.714  9.552 0.0000000000
102005  -17.288  -75.941  9.085 0.0000000000
102006  -17.487  -75.679  8.290 0.0000000000
102007  -17.640  -75.280  7.544 0.0000000000
102008  -17.731  -74.814  6.879 0.0000000000
102009  -17.059  -75.157  7.160 0.0000000000
102010  -16.432  -74.876  6.887 0.0000000000
102011  -15.713  -74.519  6.735 0.0000000000
105238  -11.825  -81.095  13.351 0.0000000000
105239  -12.344  -80.819  12.910 0.0000000000
105240  -12.141  -81.377  12.560 0.0000000000
105241  -12.394  -81.498  11.734 0.0000000000
105242  -12.531  -81.423  10.847 0.0000000000
105243  -12.229  -82.298  7.506 0.0000000000
105244  -12.295  -81.922  7.974 0.0000000000
105245  -12.060  -81.750  6.995 0.0000000000
105246  -11.675  -81.190  6.546 0.0000000000
105247  -11.168  -80.639  6.216 0.0000000000
105248  -10.620  -80.155  5.986 0.0000000000
105249  -10.466  -80.551  5.494 0.0000000000
105250  -9.596  -80.597  4.886 0.0000000000
105251  -8.739  -80.761  4.406 0.0000000000
105252  -12.271  -85.231  3.825 0.0000000000
105253  -12.234  -84.840  4.312 0.0000000000
105254  -11.944  -84.753  3.269 0.0000000000
105255  -11.442  -84.397  2.805 0.0000000000
105256  -10.829  -84.074  2.378 0.0000000000
105257  -6.798  -84.635  0.730 0.0000000000
105258  -7.681  -84.278  1.077 0.0000000000
105259  -6.877  -84.155  1.140 0.0000000000
105260  -6.907  -83.656  1.574 0.0000000000
105261  -6.894  -83.114  2.058 0.0000000000
105262  -6.894  -82.540  2.589 0.0000000000
105263  -6.071  -82.901  2.222 0.0000000000
105264  -5.308  -82.679  2.570 0.0000000000
105265  -4.566  -82.405  2.935 0.0000000000
107668  -15.139  -94.630  2.131 0.0000000000
107669  -15.405  -94.001  1.399 0.0000000000
107670  -15.547  -94.485  0.906 0.0000000000
107671  -15.707  -94.472  -0.315 0.0000000000
107672  -15.634  -94.527  -1.531 0.0000000000
107673  -15.086  -96.581  -5.024 0.0000000000
107674  -14.932  -96.202  -4.512 0.0000000000
107675  -14.296  -96.659  -5.312 0.0000000000
107676  -13.465  -96.849  -5.525 0.0000000000
107677  -12.611  -97.058  -5.750 0.0000000000
112293  -21.874  -66.881  8.419 0.0000000000
112294  -21.578  -67.004  8.392 0.0000000000
112295  -21.259  -67.589  8.308 0.0000000000
112296  -20.890  -68.042  8.325 0.0000000000
112302  -17.428  -68.189  9.086 0.0000000000
112304  -17.839  -68.413  8.691 0.0000000000
112305  -18.293  -68.592  8.386 0.0000000000
112306  -18.717  -68.809  8.313 0.0000000000
112307  -19.165  -68.933  8.270 0.0000000000
112308  -18.622  -69.225  8.395 0.0000000000
112309  -18.539  -69.556  8.633 0.0000000000
112310  -18.477  -69.886  8.978 0.0000000000
112311  -18.450  -70.249  9.395 0.0000000000
112312  -17.991  -70.164  9.282 0.0000000000
112313  -17.512  -70.438  9.684 0.0000000000
112314  -16.979  -70.674  10.156 0.0000000000
112315  -14.518  -70.561  10.930 0.0000000000
112316  -15.007  -70.776  11.034 0.0000000000
112317  -14.463  -70.999  11.620 0.0000000000
112318  -14.450  -71.550  12.297 0.0000000000
112319  -14.478  -72.205  12.883 0.0000000000
112320  -14.560  -72.905  13.260 0.0000000000
112321  -13.968  -72.611  13.361 0.0000000000
112322  -13.454  -73.028  13.818 0.0000000000
112323  -12.932  -73.467  14.269 0.0000000000
112351  -10.957  -67.864  11.920 0.0000000000
112352  -11.213  -68.160  11.346 0.0000000000
112353  -10.462  -68.417  11.542 0.0000000000
112354  -10.127  -69.148  11.629 0.0000000000
112355  -9.937  -69.927  12.186 0.0000000000
112356  -7.984  -72.943  14.739 0.0000000000
112357  -8.582  -72.276  14.475 0.0000000000
112358  -8.606  -73.208  14.924 0.0000000000
112359  -9.245  -73.499  15.050 0.0000000000
112360  -9.911  -73.790  15.138 0.0000000000
112361  -10.577  -74.052  15.160 0.0000000000
112362  -10.024  -74.688  15.412 0.0000000000
112363  -10.186  -75.592  15.625 0.0000000000
112364  -10.385  -76.623  15.756 0.0000000000
112365  -10.605  -77.644  15.703 0.0000000000
112366  -9.930  -77.429  15.751 0.0000000000
112367  -9.513  -78.233  15.553 0.0000000000
112368  -9.183  -79.032  15.247 0.0000000000
112369  -6.989  -80.000  14.205 0.0000000000
112370  -7.573  -80.218  14.330 0.0000000000
112371  -7.422  -80.875  13.970 0.0000000000
112372  -7.857  -81.677  13.753 0.0000000000
112373  -8.315  -82.431  13.553 0.0000000000
112374  -8.780  -83.152  13.262 0.0000000000
112375  -8.203  -83.072  13.269 0.0000000000
112376  -8.087  -83.731  12.971 0.0000000000
112377  -8.032  -84.475  12.615 0.0000000000
112381  -3.340  -80.747  12.978 0.0000000000
112382  -3.802  -81.629  12.459 0.0000000000
112383  -4.527  -85.543  10.166 0.0000000000
112384  -4.635  -84.851  10.697 0.0000000000
112385  -5.106  -85.646  10.425 0.0000000000
112386  -5.692  -85.718  10.778 0.0000000000
112387  -6.264  -85.765  11.127 0.0000000000
112388  -6.830  -85.855  11.397 0.0000000000
112389  -6.799  -86.550  10.782 0.0000000000
112390  -7.274  -87.191  10.300 0.0000000000
112391  -7.826  -87.634  9.761 0.0000000000
112392  -8.428  -87.875  9.094 0.0000000000
112393  -7.772  -88.044  8.989 0.0000000000
112394  -7.852  -88.467  8.319 0.0000000000
112395  -7.953  -88.902  7.743 0.0000000000
112396  -6.382  -90.602  6.471 0.0000000000
112397  -7.025  -90.430  6.650 0.0000000000
112398  -7.279  -90.968  6.416 0.0000000000
112399  -8.180  -91.170  6.373 0.0000000000
112400  -9.066  -91.239  6.379 0.0000000000
112401  -9.899  -91.185  6.381 0.0000000000
112402  -9.243  -91.635  6.337 0.0000000000
112403  -9.432  -92.031  6.293 0.0000000000
112404  -9.651  -92.453  6.188 0.0000000000
112520  -7.039  -96.105  5.572 0.0000000000
112521  -7.604  -95.659  5.658 0.0000000000
112522  -8.265  -95.135  5.754 0.0000000000
112523  -8.900  -94.624  5.884 0.0000000000
112524  -9.252  -95.208  5.890 0.0000000000
112525  -10.263  -95.347  5.909 0.0000000000
112526  -11.265  -95.505  5.636 0.0000000000
112527  -12.182  -95.501  5.251 0.0000000000
112528  -11.481  -96.096  5.371 0.0000000000
112529  -11.666  -96.658  5.028 0.0000000000
112530  -11.831  -97.194  4.618 0.0000000000
112531  -9.735  -99.717  3.872 0.0000000000
112532  -10.514  -99.347  3.874 0.0000000000
112533  -10.574  -99.904  3.358 0.0000000000
112534  -11.435  -99.947  2.714 0.0000000000
112535  -12.244  -99.828  2.036 0.0000000000
112536  -13.053  -99.602  1.309 0.0000000000
112537  -12.274  -100.204  1.456 0.0000000000
112538  -12.315  -100.504  0.866 0.0000000000
114477  -24.618  -67.141  8.075 0.0000000000
114478  -24.745  -66.344  8.178 0.0000000000
114479  -25.017  -66.621  7.819 0.0000000000
114480  -25.413  -66.024  7.569 0.0000000000
114481  -25.707  -65.438  7.314 0.0000000000
114483  -25.896  -65.623  6.814 0.0000000000
114484  -25.969  -65.834  6.233 0.0000000000
114485  -25.921  -65.993  5.658 0.0000000000
114486  -21.378  -72.659  7.947 0.0000000000
114487  -21.941  -72.096  7.862 0.0000000000
114488  -21.848  -72.446  7.380 0.0000000000
114489  -22.239  -72.058  6.818 0.0000000000
114490  -22.653  -71.604  6.266 0.0000000000
114491  -21.672  -70.156  4.227 0.0000000000
114492  -22.294  -70.309  4.518 0.0000000000
114493  -22.442  -69.601  4.170 0.0000000000
114494  -23.202  -68.990  4.194 0.0000000000
114495  -23.910  -68.360  4.268 0.0000000000
114496  -24.561  -67.656  4.353 0.0000000000
114497  -24.045  -67.581  3.936 0.0000000000
114513  -13.173  -79.124  10.784 0.0000000000
114514  -13.510  -78.695  10.985 0.0000000000
114515  -13.117  -78.581  10.334 0.0000000000
114516  -12.996  -78.020  9.937 0.0000000000
114517  -12.832  -77.442  9.616 0.0000000000
114518  -10.022  -75.789  8.389 0.0000000000
114519  -10.886  -75.849  8.572 0.0000000000
114520  -10.644  -75.248  8.400 0.0000000000
114521  -11.346  -74.818  8.194 0.0000000000
114522  -12.026  -74.524  7.866 0.0000000000
114523  -12.680  -74.260  7.482 0.0000000000
114524  -11.877  -73.992  7.474 0.0000000000
114525  -11.648  -73.419  7.142 0.0000000000
114526  -11.473  -72.820  6.801 0.0000000000
114536  -8.288  -70.678  7.002 0.0000000000
114537  -9.228  -70.927  6.673 0.0000000000
114538  -9.017  -70.252  6.516 0.0000000000
114539  -9.775  -69.868  6.041 0.0000000000
114594  -13.753  -92.815  -1.547 0.0000000000
114595  -13.493  -92.229  -1.103 0.0000000000
114596  -12.788  -92.767  -1.999 0.0000000000
114597  -11.802  -92.806  -2.353 0.0000000000
114598  -10.910  -92.840  -2.683 0.0000000000
115978  -12.264  -89.400  5.527 0.0000000000
115979  -12.473  -88.922  4.934 0.0000000000
115980  -12.758  -89.191  4.842 0.0000000000
115981  -13.057  -88.990  3.982 0.0000000000
115982  -13.199  -88.827  2.977 0.0000000000
115983  -13.531  -89.579  3.542 0.0000000000
115984  -13.411  -89.136  2.756 0.0000000000
115985  -13.006  -88.777  1.864 0.0000000000
115986  -12.602  -88.905  0.810 0.0000000000
115987  -12.023  -89.180  -0.151 0.0000000000
115988  -11.289  -89.632  -0.961 0.0000000000
118372  -16.711  -74.211  11.972 0.0000000000
118373  -17.304  -74.378  11.371 0.0000000000
118374  -16.872  -74.793  11.775 0.0000000000
118375  -16.928  -75.328  11.491 0.0000000000
118376  -16.908  -75.820  11.142 0.0000000000
118377  -16.003  -76.195  12.302 0.0000000000
118378  -16.434  -76.224  11.497 0.0000000000
118379  -16.799  -76.246  10.718 0.0000000000
118380  -16.525  -76.476  10.199 0.0000000000
118381  -16.100  -76.542  9.729 0.0000000000
118382  -15.603  -76.493  9.288 0.0000000000
120892  -11.223  -83.075  12.134 0.0000000000
120893  -11.749  -82.728  11.599 0.0000000000
120894  -11.669  -83.159  11.210 0.0000000000
120895  -12.000  -83.156  10.234 0.0000000000
120896  -12.226  -83.076  9.189 0.0000000000
120897  -11.892  -84.011  9.385 0.0000000000
120898  -12.156  -83.457  8.741 0.0000000000
120899  -12.309  -82.891  8.095 0.0000000000
120900  -12.166  -82.687  7.035 0.0000000000
120901  -11.873  -82.505  6.015 0.0000000000
120902  -11.443  -82.340  5.068 0.0000000000
120903  -9.781  -85.629  0.153 0.0000000000
120904  -9.896  -85.133  0.651 0.0000000000
120905  -8.973  -85.443  0.090 0.0000000000
120906  -8.181  -85.303  0.096 0.0000000000
120907  -7.436  -85.196  0.173 0.0000000000
120908  -6.390  -86.215  -0.679 0.0000000000
120909  -6.522  -85.643  -0.161 0.0000000000
120910  -6.685  -85.117  0.309 0.0000000000
120911  -5.936  -84.999  0.433 0.0000000000
120912  -5.193  -84.847  0.576 0.0000000000
120913  -4.471  -84.559  0.651 0.0000000000
122782  -15.507  -96.714  0.089 0.0000000000
122783  -15.854  -96.033  -0.596 0.0000000000
122784  -16.000  -96.508  -1.162 0.0000000000
122785  -16.268  -96.371  -2.388 0.0000000000
122786  -16.230  -96.371  -3.563 0.0000000000
122787  -16.591  -97.215  -3.458 0.0000000000
122788  -16.362  -96.793  -4.111 0.0000000000
122789  -15.794  -96.619  -4.603 0.0000000000
122790  -15.278  -96.897  -5.555 0.0000000000
126388  -16.828  -67.934  10.386 0.0000000000
126389  -17.084  -68.034  9.696 0.0000000000
126390  -16.895  -68.314  8.956 0.0000000000
126391  -16.820  -68.886  8.686 0.0000000000
126392  -16.757  -69.387  8.678 0.0000000000
126393  -16.684  -69.827  8.948 0.0000000000
126394  -16.266  -69.591  8.880 0.0000000000
126395  -15.736  -69.808  9.254 0.0000000000
126396  -15.161  -69.989  9.701 0.0000000000
126397  -14.775  -69.122  9.209 0.0000000000
126398  -14.668  -69.720  9.576 0.0000000000
126399  -14.594  -70.158  10.223 0.0000000000
126400  -14.035  -70.354  10.823 0.0000000000
126401  -13.505  -70.543  11.436 0.0000000000
126402  -12.922  -70.804  12.056 0.0000000000
126423  -7.398  -68.843  13.191 0.0000000000
126424  -7.770  -69.080  12.839 0.0000000000
126425  -8.210  -69.438  12.573 0.0000000000
126426  -7.495  -69.881  13.019 0.0000000000
126427  -7.396  -70.775  13.545 0.0000000000
126428  -7.373  -71.697  14.061 0.0000000000
126429  -6.217  -72.090  13.980 0.0000000000
126430  -6.780  -72.365  14.275 0.0000000000
126431  -7.378  -72.652  14.517 0.0000000000
126432  -7.431  -73.651  14.871 0.0000000000
126433  -7.568  -74.723  15.135 0.0000000000
126434  -7.750  -75.729  15.337 0.0000000000
126435  -7.991  -76.739  15.422 0.0000000000
126436  -7.351  -76.515  15.235 0.0000000000
126437  -7.024  -77.377  15.048 0.0000000000
126438  -6.753  -78.246  14.775 0.0000000000
126439  -5.815  -76.958  14.644 0.0000000000
126440  -6.145  -78.003  14.620 0.0000000000
126441  -6.513  -79.035  14.440 0.0000000000
126442  -6.414  -79.830  14.066 0.0000000000
126443  -6.284  -80.550  13.673 0.0000000000
126444  -6.181  -81.282  13.282 0.0000000000
126449  -3.497  -84.717  10.501 0.0000000000
126452  -3.958  -85.457  10.031 0.0000000000
126453  -4.457  -86.201  9.652 0.0000000000
126454  -5.016  -86.967  9.245 0.0000000000
126455  -5.522  -87.682  8.880 0.0000000000
126456  -6.036  -88.334  8.436 0.0000000000
126457  -5.458  -88.303  8.231 0.0000000000
126458  -5.412  -88.889  7.639 0.0000000000
126459  -5.395  -89.498  7.095 0.0000000000
126460  -4.142  -88.854  7.333 0.0000000000
126461  -4.801  -89.530  6.889 0.0000000000
126462  -5.551  -90.122  6.618 0.0000000000
126463  -5.708  -90.719  6.260 0.0000000000
126464  -5.908  -91.350  6.002 0.0000000000
126465  -6.146  -92.009  5.820 0.0000000000
126558  -6.747  -97.117  5.580 0.0000000000
126559  -7.599  -97.264  5.577 0.0000000000
126560  -8.472  -97.453  5.541 0.0000000000
126561  -9.307  -97.549  5.392 0.0000000000
126562  -8.617  -97.944  5.330 0.0000000000
126563  -8.720  -98.437  5.031 0.0000000000
126564  -8.810  -98.939  4.675 0.0000000000
126565  -7.366  -99.113  4.914 0.0000000000
126566  -8.104  -99.267  4.596 0.0000000000
126567  -8.904  -99.485  4.283 0.0000000000
128076  -23.321  -66.550  8.733 0.0000000000
128077  -23.584  -66.848  8.658 0.0000000000
128078  -23.894  -67.189  8.541 0.0000000000
128079  -23.172  -68.280  8.640 0.0000000000
128080  -23.682  -67.962  8.501 0.0000000000
128081  -24.179  -67.548  8.300 0.0000000000
128082  -24.437  -67.912  7.964 0.0000000000
128083  -24.646  -68.223  7.548 0.0000000000
128084  -24.753  -68.548  7.050 0.0000000000
128085  -20.287  -73.231  6.066 0.0000000000
128086  -20.953  -72.790  5.924 0.0000000000
128087  -20.472  -72.670  5.514 0.0000000000
128088  -20.624  -72.016  5.051 0.0000000000
128089  -20.781  -71.375  4.655 0.0000000000
128090  -19.358  -71.524  4.593 0.0000000000
128091  -20.133  -71.136  4.446 0.0000000000
128092  -20.899  -70.664  4.327 0.0000000000
128093  -21.018  -69.934  4.012 0.0000000000
128094  -21.131  -69.167  3.778 0.0000000000
128106  -11.213  -78.527  8.016 0.0000000000
128107  -11.415  -78.107  8.536 0.0000000000
128108  -10.720  -78.002  7.944 0.0000000000
128109  -10.281  -77.465  7.998 0.0000000000
128110  -9.853  -76.937  8.103 0.0000000000
128111  -8.630  -77.475  7.434 0.0000000000
128112  -9.007  -76.950  7.845 0.0000000000
128113  -9.541  -76.359  8.202 0.0000000000
128114  -9.175  -75.786  8.267 0.0000000000
128115  -8.855  -75.190  8.258 0.0000000000
128116  -8.557  -74.595  8.144 0.0000000000
128169  -10.890  -95.501  -4.429 0.0000000000
128170  -10.588  -94.897  -4.048 0.0000000000
130750  -11.084  -86.585  8.331 0.0000000000
130751  -11.595  -86.062  7.953 0.0000000000
130752  -11.615  -86.394  7.453 0.0000000000
130753  -12.057  -86.187  6.532 0.0000000000
130754  -12.333  -85.935  5.497 0.0000000000
130755  -12.208  -86.925  5.553 0.0000000000
130756  -12.414  -86.318  5.036 0.0000000000
130757  -12.404  -85.761  4.415 0.0000000000
130758  -12.266  -85.646  3.315 0.0000000000
130759  -11.874  -85.586  2.217 0.0000000000
130760  -11.231  -85.695  1.265 0.0000000000
130761  -12.630  -88.436  4.242 0.0000000000
130762  -12.639  -87.939  3.487 0.0000000000
130763  -12.408  -87.431  2.737 0.0000000000
130764  -12.170  -87.824  1.462 0.0000000000
130765  -12.102  -87.407  1.706 0.0000000000
130766  -12.080  -86.958  2.001 0.0000000000
130767  -11.702  -86.511  1.308 0.0000000000
130768  -11.124  -86.173  0.798 0.0000000000
130769  -10.490  -85.887  0.426 0.0000000000
130770  -9.677  -86.153  -0.294 0.0000000000
130771  -8.806  -86.550  -0.899 0.0000000000
130772  -7.928  -87.024  -1.432 0.0000000000
130773  -8.615  -87.720  -1.647 0.0000000000
130774  -7.846  -87.619  -1.842 0.0000000000
130775  -7.039  -87.548  -1.865 0.0000000000
130776  -6.157  -88.095  -2.231 0.0000000000
130777  -5.333  -88.627  -2.506 0.0000000000
135763  -3.199  -73.074  14.865 0.0000000000
135764  -3.151  -74.108  14.518 0.0000000000
135765  -3.260  -75.165  14.206 0.0000000000
135766  -2.893  -75.115  14.582 0.0000000000
135767  -2.696  -76.148  14.668 0.0000000000
135768  -2.556  -77.149  14.713 0.0000000000
137248  -20.467  -70.881  9.458 0.0000000000
137249  -21.084  -70.882  9.175 0.0000000000
137250  -20.631  -71.363  9.404 0.0000000000
137251  -20.780  -71.848  9.217 0.0000000000
137252  -20.893  -72.336  8.924 0.0000000000
137253  -19.861  -72.826  9.654 0.0000000000
137254  -20.397  -72.856  9.086 0.0000000000
137255  -20.900  -72.809  8.533 0.0000000000
137256  -20.837  -73.168  8.062 0.0000000000
137257  -20.680  -73.438  7.590 0.0000000000
137258  -20.423  -73.622  7.133 0.0000000000
137259  -17.819  -74.490  10.721 0.0000000000
137260  -18.348  -74.576  10.054 0.0000000000
137261  -18.774  -74.564  9.377 0.0000000000
137262  -18.107  -75.308  9.249 0.0000000000
137263  -18.639  -74.903  8.955 0.0000000000
137264  -19.211  -74.471  8.670 0.0000000000
137265  -19.514  -74.312  7.984 0.0000000000
137266  -19.810  -74.052  7.324 0.0000000000
137267  -20.034  -73.696  6.694 0.0000000000
137268  -19.606  -73.632  6.276 0.0000000000
137269  -19.113  -73.462  5.873 0.0000000000
137270  -18.505  -73.240  5.556 0.0000000000
137271  -17.796  -74.219  6.299 0.0000000000
137272  -17.822  -73.623  5.757 0.0000000000
137273  -17.847  -72.963  5.374 0.0000000000
137274  -17.154  -72.640  5.251 0.0000000000
137275  -16.428  -72.266  5.181 0.0000000000
137276  -15.580  -71.921  5.203 0.0000000000
143866  -13.066  -78.466  14.396 0.0000000000
143867  -13.610  -78.383  13.838 0.0000000000
143868  -13.222  -79.039  13.762 0.0000000000
143869  -13.279  -79.377  12.953 0.0000000000
143870  -13.269  -79.568  12.111 0.0000000000
143871  -12.766  -80.490  12.423 0.0000000000
143872  -13.019  -80.068  11.851 0.0000000000
143873  -13.177  -79.635  11.271 0.0000000000
143874  -12.959  -79.537  10.496 0.0000000000
143875  -12.588  -79.407  9.749 0.0000000000
143876  -12.177  -79.242  8.973 0.0000000000
143877  -12.124  -82.315  11.032 0.0000000000
143878  -12.426  -81.857  10.487 0.0000000000
143879  -12.535  -81.318  9.859 0.0000000000
143880  -12.377  -81.561  8.489 0.0000000000
143881  -12.449  -81.176  8.869 0.0000000000
143882  -12.583  -80.784  9.332 0.0000000000
143883  -12.419  -80.212  8.868 0.0000000000
143884  -12.081  -79.648  8.486 0.0000000000
143885  -11.720  -79.054  8.185 0.0000000000
143886  -11.086  -78.925  7.519 0.0000000000
143887  -10.319  -78.851  6.978 0.0000000000
143888  -9.459  -78.857  6.546 0.0000000000
143889  -9.914  -79.733  5.974 0.0000000000
143890  -9.211  -79.339  6.040 0.0000000000
143891  -8.543  -78.976  6.219 0.0000000000
143892  -7.665  -79.158  5.949 0.0000000000
143893  -6.795  -79.403  5.710 0.0000000000
143894  -5.920  -79.746  5.476 0.0000000000
143895  -11.996  -85.503  7.452 0.0000000000
143896  -12.208  -84.892  6.870 0.0000000000
143897  -12.274  -84.336  6.281 0.0000000000
143898  -12.198  -84.507  4.732 0.0000000000
143899  -12.206  -84.177  5.193 0.0000000000
143900  -12.187  -83.823  5.632 0.0000000000
143901  -11.887  -83.304  5.130 0.0000000000
143902  -11.430  -82.780  4.671 0.0000000000
143903  -10.839  -82.328  4.257 0.0000000000
143904  -10.055  -84.678  1.207 0.0000000000
143905  -10.109  -84.272  1.722 0.0000000000
143906  -10.152  -83.881  2.148 0.0000000000
143907  -8.587  -83.933  1.499 0.0000000000
143908  -9.395  -83.675  1.995 0.0000000000
143909  -10.154  -83.469  2.580 0.0000000000
143910  -10.145  -82.994  3.047 0.0000000000
143911  -10.149  -82.460  3.539 0.0000000000
143912  -10.185  -81.924  4.017 0.0000000000
143913  -9.499  -81.536  3.871 0.0000000000
143914  -8.634  -81.270  3.867 0.0000000000
143915  -7.854  -81.017  3.999 0.0000000000
143916  -6.935  -81.957  3.093 0.0000000000
143917  -6.964  -81.356  3.650 0.0000000000
143918  -7.089  -80.810  4.254 0.0000000000
143919  -6.378  -80.567  4.589 0.0000000000
143920  -5.713  -80.310  4.922 0.0000000000
143921  -5.122  -79.984  5.283 0.0000000000
148762  -14.407  -92.595  3.906 0.0000000000
148763  -14.638  -91.996  3.111 0.0000000000
148764  -14.862  -92.507  2.723 0.0000000000
148765  -15.025  -92.499  1.432 0.0000000000
148766  -14.968  -92.580  0.165 0.0000000000
148767  -15.417  -93.495  0.603 0.0000000000
148768  -15.174  -93.079  -0.234 0.0000000000
148769  -14.548  -92.866  -0.973 0.0000000000
148770  -13.950  -93.296  -1.928 0.0000000000
148771  -13.277  -93.868  -2.752 0.0000000000
148772  -12.512  -94.533  -3.463 0.0000000000
148773  -15.943  -95.473  -1.273 0.0000000000
148774  -15.812  -95.035  -1.989 0.0000000000
148775  -15.226  -94.853  -2.616 0.0000000000
148776  -14.859  -95.754  -3.988 0.0000000000
148777  -14.672  -95.287  -3.561 0.0000000000
148778  -14.508  -94.804  -3.117 0.0000000000
148779  -13.672  -94.851  -3.525 0.0000000000
148780  -12.756  -95.019  -3.828 0.0000000000
148781  -11.814  -95.241  -4.131 0.0000000000
148782  -11.106  -95.934  -4.804 0.0000000000
158030  -22.591  -67.044  8.689 0.0000000000
158031  -22.322  -67.693  8.715 0.0000000000
158032  -21.919  -67.337  8.478 0.0000000000
158033  -21.950  -67.777  8.637 0.0000000000
158034  -21.997  -68.265  8.761 0.0000000000
158035  -21.619  -68.801  8.854 0.0000000000
158036  -21.227  -69.296  8.988 0.0000000000
158037  -20.839  -69.788  9.111 0.0000000000
158053  -20.089  -67.282  9.497 0.0000000000
158054  -20.342  -67.227  9.093 0.0000000000
158055  -20.623  -67.190  8.714 0.0000000000
158056  -20.555  -67.717  8.355 0.0000000000
158057  -20.511  -68.136  8.264 0.0000000000
158058  -20.460  -68.490  8.361 0.0000000000
158059  -19.591  -68.937  8.346 0.0000000000
158060  -19.994  -68.905  8.439 0.0000000000
158061  -20.403  -68.839  8.539 0.0000000000
158062  -20.338  -69.263  8.838 0.0000000000
158063  -20.329  -69.715  9.064 0.0000000000
158064  -20.365  -70.250  9.263 0.0000000000
158065  -19.939  -70.692  9.518 0.0000000000
158066  -19.503  -71.126  9.840 0.0000000000
158067  -19.049  -71.557  10.196 0.0000000000
158068  -18.475  -70.729  9.871 0.0000000000
158069  -18.535  -71.310  10.290 0.0000000000
158070  -18.600  -71.997  10.539 0.0000000000
158071  -18.094  -72.376  10.907 0.0000000000
158072  -17.615  -72.777  11.255 0.0000000000
158073  -17.153  -73.167  11.614 0.0000000000
158074  -16.597  -70.174  9.414 0.0000000000
158075  -16.496  -70.499  10.030 0.0000000000
158076  -16.477  -70.935  10.636 0.0000000000
158077  -15.479  -70.971  11.137 0.0000000000
158078  -15.986  -71.211  11.190 0.0000000000
158079  -16.517  -71.458  11.184 0.0000000000
158080  -16.578  -72.120  11.703 0.0000000000
158081  -16.629  -72.823  11.924 0.0000000000
158082  -16.677  -73.517  11.998 0.0000000000
158083  -16.211  -73.895  12.377 0.0000000000
158084  -15.793  -74.325  12.830 0.0000000000
158085  -15.336  -74.775  13.306 0.0000000000
158086  -14.662  -73.665  13.496 0.0000000000
158087  -14.768  -74.428  13.662 0.0000000000
158088  -14.851  -75.217  13.737 0.0000000000
158089  -14.368  -75.688  14.115 0.0000000000
158090  -13.885  -76.254  14.466 0.0000000000
158091  -13.443  -76.866  14.714 0.0000000000
158146  -13.384  -67.689  11.196 0.0000000000
158147  -12.931  -68.034  10.398 0.0000000000
158148  -12.632  -68.708  10.228 0.0000000000
158149  -11.528  -68.500  10.833 0.0000000000
158150  -11.974  -68.998  10.622 0.0000000000
158151  -12.478  -69.401  10.545 0.0000000000
158152  -12.408  -70.000  11.166 0.0000000000
158153  -12.363  -70.545  11.958 0.0000000000
158154  -12.319  -71.095  12.682 0.0000000000
158155  -8.729  -69.859  12.657 0.0000000000
158156  -9.284  -70.234  12.758 0.0000000000
158157  -9.926  -70.551  12.929 0.0000000000
158158  -9.209  -71.680  14.092 0.0000000000
158159  -9.857  -71.208  13.619 0.0000000000
158160  -10.533  -70.852  13.097 0.0000000000
158161  -11.118  -71.133  13.208 0.0000000000
158162  -11.718  -71.416  13.277 0.0000000000
158163  -12.270  -71.716  13.353 0.0000000000
158164  -12.211  -72.429  13.960 0.0000000000
158165  -12.289  -73.174  14.370 0.0000000000
158166  -12.405  -73.964  14.731 0.0000000000
158167  -11.241  -74.321  15.164 0.0000000000
158168  -11.913  -74.568  15.114 0.0000000000
158169  -12.562  -74.809  14.980 0.0000000000
158170  -12.714  -75.670  15.133 0.0000000000
158171  -12.876  -76.624  15.109 0.0000000000
158172  -12.975  -77.582  14.860 0.0000000000
158173  -12.523  -78.300  14.890 0.0000000000
158174  -12.096  -79.008  14.808 0.0000000000
158175  -11.751  -79.787  14.538 0.0000000000
158176  -10.843  -78.685  15.418 0.0000000000
158177  -11.137  -79.639  14.895 0.0000000000
158178  -11.499  -80.477  14.190 0.0000000000
158179  -11.257  -81.120  13.824 0.0000000000
158180  -11.053  -81.699  13.509 0.0000000000
158181  -10.894  -82.212  13.218 0.0000000000
158182  -8.256  -77.790  15.396 0.0000000000
158183  -8.535  -78.814  15.188 0.0000000000
158184  -8.914  -79.809  14.909 0.0000000000
158185  -8.127  -80.402  14.459 0.0000000000
158186  -8.702  -80.551  14.548 0.0000000000
158187  -9.322  -80.739  14.553 0.0000000000
158188  -9.777  -81.545  14.088 0.0000000000
158189  -10.276  -82.174  13.564 0.0000000000
158190  -10.762  -82.684  12.920 0.0000000000
158191  -10.618  -83.190  12.615 0.0000000000
158192  -10.493  -83.699  12.262 0.0000000000
158193  -10.434  -84.246  11.854 0.0000000000
158194  -9.267  -83.826  12.835 0.0000000000
158195  -9.833  -84.432  12.264 0.0000000000
158196  -10.428  -84.808  11.420 0.0000000000
158197  -10.434  -85.338  10.998 0.0000000000
158198  -10.441  -85.803  10.532 0.0000000000
158199  -10.463  -86.267  9.981 0.0000000000
158200  -3.476  -76.269  14.050 0.0000000000
158201  -3.834  -77.314  13.964 0.0000000000
158202  -4.255  -78.316  13.821 0.0000000000
158203  -3.598  -79.053  13.558 0.0000000000
158204  -4.128  -79.163  13.526 0.0000000000
158205  -4.667  -79.306  13.644 0.0000000000
158206  -5.133  -80.272  13.380 0.0000000000
158207  -5.609  -81.164  13.121 0.0000000000
158208  -6.096  -81.999  12.901 0.0000000000
158209  -3.205  -82.434  12.227 0.0000000000
158210  -3.740  -82.455  12.052 0.0000000000
158211  -4.324  -82.490  12.031 0.0000000000
158212  -4.736  -84.142  11.201 0.0000000000
158213  -4.844  -83.376  11.681 0.0000000000
158214  -4.935  -82.587  12.126 0.0000000000
158215  -5.496  -82.651  12.312 0.0000000000
158216  -6.040  -82.689  12.516 0.0000000000
158217  -6.568  -82.797  12.742 0.0000000000
158218  -7.001  -83.596  12.652 0.0000000000
158219  -7.476  -84.422  12.488 0.0000000000
158220  -8.007  -85.204  12.227 0.0000000000
158221  -7.378  -85.902  11.599 0.0000000000
158222  -7.956  -85.894  11.728 0.0000000000
158223  -8.552  -85.842  11.768 0.0000000000
158224  -9.140  -86.298  11.142 0.0000000000
158225  -9.792  -86.585  10.355 0.0000000000
158226  -10.486  -86.675  9.350 0.0000000000
158227  -10.511  -87.006  8.701 0.0000000000
158228  -10.553  -87.310  8.089 0.0000000000
158229  -10.623  -87.668  7.537 0.0000000000
158230  -9.145  -87.970  8.358 0.0000000000
158231  -9.965  -88.037  7.704 0.0000000000
158232  -10.751  -88.079  7.021 0.0000000000
158233  -10.917  -88.472  6.622 0.0000000000
158234  -11.106  -88.839  6.286 0.0000000000
158235  -11.316  -89.192  6.030 0.0000000000
158236  -6.589  -88.820  8.011 0.0000000000
158237  -7.268  -89.125  7.606 0.0000000000
158238  -8.114  -89.372  7.257 0.0000000000
158239  -7.676  -90.176  6.796 0.0000000000
158240  -8.362  -89.876  6.872 0.0000000000
158241  -9.039  -89.551  6.910 0.0000000000
158242  -9.924  -89.625  6.571 0.0000000000
158243  -10.776  -89.612  6.248 0.0000000000
158244  -11.542  -89.535  5.907 0.0000000000
158245  -11.774  -89.850  5.914 0.0000000000
158246  -11.984  -90.155  5.902 0.0000000000
158247  -12.222  -90.496  5.822 0.0000000000
158248  -10.764  -91.080  6.381 0.0000000000
158249  -11.641  -90.991  6.150 0.0000000000
158250  -12.493  -90.876  5.687 0.0000000000
158251  -12.787  -91.296  5.497 0.0000000000
158252  -13.113  -91.741  5.248 0.0000000000
158253  -13.421  -92.235  5.066 0.0000000000
158477  -5.477  -92.206  5.618 0.0000000000
158478  -6.394  -92.673  5.631 0.0000000000
158486  -6.588  -93.302  5.548 0.0000000000
158487  -7.236  -92.912  5.799 0.0000000000
158488  -8.098  -93.015  5.959 0.0000000000
158489  -8.998  -93.004  6.076 0.0000000000
158490  -9.940  -92.958  6.126 0.0000000000
158491  -9.594  -94.104  6.018 0.0000000000
158492  -10.304  -93.541  6.090 0.0000000000
158493  -10.953  -92.970  6.110 0.0000000000
158494  -11.968  -92.983  5.973 0.0000000000
158495  -12.925  -92.935  5.467 0.0000000000
158496  -13.752  -92.807  4.761 0.0000000000
158497  -14.016  -93.333  4.396 0.0000000000
158498  -14.215  -93.874  4.022 0.0000000000
158499  -14.377  -94.406  3.594 0.0000000000
158500  -13.066  -95.412  4.731 0.0000000000
158501  -13.833  -95.185  3.991 0.0000000000
158502  -14.520  -94.927  3.106 0.0000000000
158503  -14.647  -95.436  2.596 0.0000000000
158504  -14.734  -95.980  2.065 0.0000000000
158505  -14.790  -96.486  1.594 0.0000000000
158506  -10.176  -97.661  5.115 0.0000000000
158507  -11.086  -97.779  4.746 0.0000000000
158508  -11.977  -97.749  4.177 0.0000000000
158509  -11.307  -98.839  3.836 0.0000000000
158510  -12.050  -98.289  3.712 0.0000000000
158511  -12.788  -97.668  3.498 0.0000000000
158512  -13.564  -97.531  2.729 0.0000000000
158513  -14.215  -97.276  1.954 0.0000000000
158514  -14.871  -96.986  1.060 0.0000000000
158515  -14.971  -97.471  0.491 0.0000000000
158516  -15.072  -97.919  -0.065 0.0000000000
158517  -15.152  -98.331  -0.592 0.0000000000
158518  -13.767  -99.304  0.568 0.0000000000
158519  -14.478  -98.991  -0.260 0.0000000000
158520  -15.212  -98.677  -1.173 0.0000000000
158521  -15.246  -99.039  -1.687 0.0000000000
162397  -24.798  -65.499  8.280 0.0000000000
162412  -21.719  -70.835  8.876 0.0000000000
162413  -22.306  -70.699  8.516 0.0000000000
162414  -22.899  -70.475  8.182 0.0000000000
162415  -22.494  -71.479  7.792 0.0000000000
162416  -22.972  -70.863  7.759 0.0000000000
162417  -23.414  -70.179  7.781 0.0000000000
162418  -23.905  -69.776  7.395 0.0000000000
162419  -24.360  -69.350  6.972 0.0000000000
162420  -24.773  -68.840  6.540 0.0000000000
162421  -21.636  -72.273  5.849 0.0000000000
162422  -22.308  -71.683  5.809 0.0000000000
162423  -22.978  -71.062  5.810 0.0000000000
162424  -22.855  -70.413  4.887 0.0000000000
162425  -23.292  -70.481  5.369 0.0000000000
162426  -23.603  -70.446  5.851 0.0000000000
162427  -24.215  -69.719  5.914 0.0000000000
162428  -24.727  -69.036  6.025 0.0000000000
162429  -25.127  -68.251  6.170 0.0000000000
162430  -25.420  -67.552  5.796 0.0000000000
162431  -25.637  -66.839  5.420 0.0000000000
162432  -25.795  -66.087  5.105 0.0000000000
162433  -25.090  -66.910  4.435 0.0000000000
162434  -25.587  -66.109  4.586 0.0000000000
162435  -25.927  -65.297  4.810 0.0000000000
162466  -14.038  -78.203  13.146 0.0000000000
162467  -14.427  -78.048  12.454 0.0000000000
162468  -14.690  -77.779  11.691 0.0000000000
162469  -13.900  -78.265  11.077 0.0000000000
162470  -14.372  -77.883  11.062 0.0000000000
162471  -14.884  -77.516  10.969 0.0000000000
162472  -14.977  -77.150  10.205 0.0000000000
162473  -15.003  -76.743  9.580 0.0000000000
162474  -15.019  -76.307  8.880 0.0000000000
162475  -11.732  -77.629  8.970 0.0000000000
162476  -12.192  -77.237  9.214 0.0000000000
162477  -12.651  -76.838  9.271 0.0000000000
162478  -11.710  -76.009  8.755 0.0000000000
162479  -12.478  -76.220  8.959 0.0000000000
162480  -13.209  -76.477  9.184 0.0000000000
162481  -13.814  -76.201  8.954 0.0000000000
162482  -14.398  -75.978  8.640 0.0000000000
162483  -14.998  -75.778  8.284 0.0000000000
162484  -14.961  -75.264  7.688 0.0000000000
162485  -14.974  -74.721  7.164 0.0000000000
162486  -14.935  -74.146  6.677 0.0000000000
162487  -13.380  -74.009  7.081 0.0000000000
162488  -14.119  -73.788  6.673 0.0000000000
162489  -14.859  -73.541  6.241 0.0000000000
162490  -14.812  -72.888  5.844 0.0000000000
162491  -14.736  -72.214  5.536 0.0000000000
162492  -14.672  -71.565  5.241 0.0000000000
162495  -5.979  -76.813  7.723 0.0000000000
162498  -6.445  -76.135  8.005 0.0000000000
162499  -6.979  -75.428  8.163 0.0000000000
162500  -7.602  -74.654  8.161 0.0000000000
162501  -8.279  -73.971  7.941 0.0000000000
162508  -7.094  -73.348  7.977 0.0000000000
162509  -8.041  -73.357  7.772 0.0000000000
162510  -9.014  -73.386  7.649 0.0000000000
162511  -9.767  -72.898  7.296 0.0000000000
162512  -10.527  -72.518  6.921 0.0000000000
162513  -11.309  -72.167  6.531 0.0000000000
162514  -10.182  -71.208  6.395 0.0000000000
162515  -11.148  -71.536  6.239 0.0000000000
162516  -12.104  -71.860  6.109 0.0000000000
162517  -12.901  -71.531  5.683 0.0000000000
162518  -13.728  -71.197  5.295 0.0000000000
162519  -14.590  -70.899  4.955 0.0000000000
162520  -14.507  -70.237  4.704 0.0000000000
162521  -14.370  -69.529  4.467 0.0000000000
162628  -14.569  -91.407  2.324 0.0000000000
162629  -14.314  -90.884  1.544 0.0000000000
162630  -13.731  -90.555  0.726 0.0000000000
162631  -13.340  -91.603  -0.664 0.0000000000
162632  -13.155  -90.993  -0.290 0.0000000000
162633  -13.008  -90.370  0.025 0.0000000000
162634  -12.224  -90.250  -0.607 0.0000000000
162635  -11.400  -90.227  -1.171 0.0000000000
162636  -10.522  -90.237  -1.687 0.0000000000
162637  -10.383  -94.269  -3.668 0.0000000000
162638  -10.163  -93.604  -3.323 0.0000000000
162639  -9.994  -92.920  -3.058 0.0000000000
162641  -9.089  -93.017  -3.427 0.0000000000
162642  -9.844  -92.244  -2.818 0.0000000000
162643  -9.761  -91.577  -2.543 0.0000000000
162644  -9.704  -90.866  -2.335 0.0000000000
162645  -9.629  -90.223  -2.135 0.0000000000
162646  -8.684  -90.208  -2.495 0.0000000000
162647  -7.737  -90.159  -2.724 0.0000000000
162648  -6.836  -90.111  -2.910 0.0000000000
162651  -6.025  -90.066  -3.055 0.0000000000
162652  -5.316  -89.973  -3.119 0.0000000000
