#!ascii label  , from subject studyTemplate vox2ras=TkReg
1220
112  -5.910  37.197  -9.013 0.0000000000
114  -6.083  40.482  11.664 0.0000000000
248  -6.164  41.243  -0.193 0.0000000000
502  -5.456  24.305  -7.003 0.0000000000
728  -10.112  47.192  0.084 0.0000000000
1102  -4.993  30.804  -9.176 0.0000000000
1104  -6.530  32.921  -5.080 0.0000000000
1105  -5.097  41.940  5.945 0.0000000000
1106  -5.790  35.701  4.711 0.0000000000
1107  -5.752  35.557  10.061 0.0000000000
1145  -7.080  33.118  -11.534 0.0000000000
1146  -5.901  26.607  -11.708 0.0000000000
1597  -8.737  42.009  -6.236 0.0000000000
1598  -5.221  39.816  -5.361 0.0000000000
1599  -7.342  44.429  -3.062 0.0000000000
1600  -8.797  43.624  1.910 0.0000000000
1601  -10.841  42.068  7.308 0.0000000000
2157  -5.790  34.870  -0.560 0.0000000000
2168  -9.101  36.088  16.545 0.0000000000
3022  -4.820  34.221  -9.689 0.0000000000
3023  -5.929  31.980  -7.230 0.0000000000
3024  -5.161  35.285  -7.752 0.0000000000
3025  -5.399  41.556  8.907 0.0000000000
3026  -4.760  39.266  8.033 0.0000000000
3027  -4.560  38.940  10.994 0.0000000000
3028  -5.137  35.303  12.687 0.0000000000
3029  -4.748  38.268  13.904 0.0000000000
3063  -7.867  37.845  -9.203 0.0000000000
3065  -6.638  35.091  -10.369 0.0000000000
3066  -5.635  32.097  -11.106 0.0000000000
3622  -10.486  44.033  -4.770 0.0000000000
3623  -7.984  43.445  -4.965 0.0000000000
3624  -9.572  45.114  -3.409 0.0000000000
3626  -8.986  45.659  0.713 0.0000000000
3627  -10.366  44.645  3.213 0.0000000000
3628  -10.127  42.765  4.691 0.0000000000
3629  -11.868  43.906  5.758 0.0000000000
4755  -5.897  40.688  -2.858 0.0000000000
4756  -6.657  37.426  -3.182 0.0000000000
4757  -6.445  38.162  -0.637 0.0000000000
4878  -5.381  25.307  -9.799 0.0000000000
4879  -5.755  23.327  -10.873 0.0000000000
4880  -5.360  22.153  -8.458 0.0000000000
5918  -10.944  46.586  -1.728 0.0000000000
6592  -5.786  27.504  -8.319 0.0000000000
6594  -6.089  28.688  -6.231 0.0000000000
6595  -5.459  29.866  -4.381 0.0000000000
6597  -5.622  41.593  2.834 0.0000000000
6598  -5.866  38.773  2.304 0.0000000000
6599  -5.173  39.192  5.102 0.0000000000
6600  -5.975  35.773  7.390 0.0000000000
6670  -6.788  28.112  -13.205 0.0000000000
6671  -6.389  30.058  -11.941 0.0000000000
6672  -5.042  28.630  -10.767 0.0000000000
7567  -7.218  39.723  -7.688 0.0000000000
7568  -4.843  38.686  -7.631 0.0000000000
7569  -6.156  41.390  -6.387 0.0000000000
7570  -5.676  42.782  -4.534 0.0000000000
7571  -5.946  43.236  -2.028 0.0000000000
7572  -8.939  45.696  -1.583 0.0000000000
7573  -7.508  44.427  -0.692 0.0000000000
7574  -6.879  43.155  0.774 0.0000000000
7575  -7.687  42.519  3.820 0.0000000000
7576  -8.034  41.970  6.662 0.0000000000
7577  -8.302  41.170  9.201 0.0000000000
9033  -6.139  36.453  -5.520 0.0000000000
9034  -6.243  33.981  -2.888 0.0000000000
9036  -5.653  35.421  2.020 0.0000000000
9058  -11.476  41.256  9.958 0.0000000000
9059  -9.213  39.729  11.808 0.0000000000
9067  -10.424  37.979  14.509 0.0000000000
9068  -7.436  38.417  14.239 0.0000000000
9069  -6.080  36.627  16.686 0.0000000000
9181  -6.538  24.781  -12.786 0.0000000000
9182  -6.335  21.407  -12.002 0.0000000000
10702  -5.253  35.764  -9.515 0.0000000000
10703  -4.759  34.812  -8.800 0.0000000000
10704  -4.807  36.392  -8.824 0.0000000000
10705  -5.719  41.137  10.305 0.0000000000
10706  -4.677  40.660  9.976 0.0000000000
10707  -4.907  40.230  11.453 0.0000000000
10708  -4.627  38.685  12.431 0.0000000000
10709  -5.285  39.635  12.800 0.0000000000
10743  -7.020  37.511  -9.119 0.0000000000
10744  -7.212  36.550  -9.795 0.0000000000
10745  -6.345  36.063  -9.749 0.0000000000
10746  -5.759  34.659  -10.219 0.0000000000
11302  -11.246  45.093  -4.056 0.0000000000
11303  -9.962  44.626  -4.137 0.0000000000
11304  -10.679  45.533  -3.342 0.0000000000
11306  -9.965  46.024  2.695 0.0000000000
11307  -10.805  45.535  3.909 0.0000000000
11308  -11.188  44.245  4.487 0.0000000000
12435  -6.103  41.013  -1.552 0.0000000000
12436  -6.513  39.476  -1.775 0.0000000000
12437  -6.411  39.805  -0.459 0.0000000000
12558  -5.534  24.806  -8.421 0.0000000000
12559  -5.424  23.721  -9.135 0.0000000000
12560  -5.377  23.248  -7.772 0.0000000000
14827  -5.387  29.177  -8.814 0.0000000000
14828  -5.993  28.116  -7.245 0.0000000000
14829  -5.829  29.756  -7.821 0.0000000000
14830  -6.338  32.466  -6.121 0.0000000000
14831  -6.338  30.782  -5.702 0.0000000000
14832  -6.226  31.342  -4.692 0.0000000000
14833  -4.989  30.471  -3.490 0.0000000000
14834  -5.905  31.887  -3.704 0.0000000000
14835  -5.227  41.880  4.382 0.0000000000
14836  -5.154  40.570  4.040 0.0000000000
14837  -4.735  40.788  5.509 0.0000000000
14838  -5.264  37.486  9.013 0.0000000000
14839  -5.500  37.533  7.667 0.0000000000
14840  -5.963  35.747  8.738 0.0000000000
14841  -5.771  34.117  8.500 0.0000000000
14842  -5.924  34.004  9.775 0.0000000000
14844  -5.916  33.894  11.004 0.0000000000
14845  -4.906  35.117  14.088 0.0000000000
14956  -7.006  30.601  -12.373 0.0000000000
14957  -6.728  31.620  -11.776 0.0000000000
14958  -4.835  31.453  -10.360 0.0000000000
14959  -5.257  30.363  -11.067 0.0000000000
14960  -4.901  29.703  -10.008 0.0000000000
14961  -5.246  28.048  -9.602 0.0000000000
16627  -7.952  40.892  -6.960 0.0000000000
16628  -6.620  40.549  -7.045 0.0000000000
16629  -7.500  41.672  -6.324 0.0000000000
16630  -7.617  44.083  -4.077 0.0000000000
16631  -6.718  43.220  -4.803 0.0000000000
16632  -6.482  43.720  -3.792 0.0000000000
16633  -5.684  43.072  -3.372 0.0000000000
16634  -6.420  43.920  -2.611 0.0000000000
16635  -10.555  46.876  -0.868 0.0000000000
16636  -9.939  46.130  -1.727 0.0000000000
16637  -9.603  46.375  -0.751 0.0000000000
16638  -8.889  44.534  1.228 0.0000000000
16639  -8.346  45.009  -0.025 0.0000000000
16640  -8.082  44.093  0.541 0.0000000000
16641  -7.213  43.748  -0.050 0.0000000000
16642  -7.847  43.424  1.292 0.0000000000
16643  -7.372  42.817  2.221 0.0000000000
16644  -8.453  42.944  2.761 0.0000000000
16645  -10.556  42.423  6.056 0.0000000000
16646  -9.315  42.228  5.662 0.0000000000
16647  -9.510  41.898  6.961 0.0000000000
16648  -8.160  41.638  7.946 0.0000000000
16649  -9.724  41.496  8.123 0.0000000000
16760  -8.986  41.081  -7.045 0.0000000000
16761  -8.306  39.961  -7.807 0.0000000000
20025  -4.870  39.264  -6.550 0.0000000000
20026  -5.157  37.598  -6.708 0.0000000000
20027  -5.677  38.157  -5.506 0.0000000000
20028  -6.493  36.117  -1.914 0.0000000000
20029  -6.681  35.667  -3.074 0.0000000000
20030  -5.971  34.451  -1.755 0.0000000000
20033  -5.741  37.318  3.443 0.0000000000
20034  -5.896  37.071  2.059 0.0000000000
20035  -5.697  35.573  3.353 0.0000000000
20090  -11.657  40.772  11.343 0.0000000000
20091  -10.280  40.387  10.807 0.0000000000
20092  -10.676  39.758  12.149 0.0000000000
20111  -10.468  36.042  16.689 0.0000000000
20112  -11.068  37.150  15.850 0.0000000000
20113  -9.725  37.056  15.504 0.0000000000
20114  -8.996  38.110  14.264 0.0000000000
20115  -8.279  37.280  15.469 0.0000000000
20116  -6.711  37.672  15.494 0.0000000000
20117  -7.595  36.349  16.635 0.0000000000
20393  -6.466  27.443  -12.362 0.0000000000
20394  -6.579  26.478  -13.078 0.0000000000
20395  -6.328  25.735  -12.155 0.0000000000
20396  -5.627  21.700  -10.340 0.0000000000
20397  -6.071  22.389  -11.362 0.0000000000
20398  -5.875  20.732  -10.882 0.0000000000
23872  -4.719  32.540  -9.538 0.0000000000
23873  -5.382  31.429  -8.266 0.0000000000
23874  -4.995  33.136  -8.600 0.0000000000
23875  -5.549  33.651  -7.548 0.0000000000
23876  -6.117  34.142  -6.447 0.0000000000
23877  -5.201  41.823  7.451 0.0000000000
23878  -4.609  40.797  7.035 0.0000000000
23879  -4.572  40.820  8.505 0.0000000000
23880  -4.647  39.153  9.493 0.0000000000
23881  -4.992  37.251  10.442 0.0000000000
23882  -5.407  35.444  11.363 0.0000000000
23883  -4.776  37.055  11.821 0.0000000000
23884  -4.646  36.886  13.293 0.0000000000
23885  -4.660  36.586  14.713 0.0000000000
23948  -7.397  35.572  -10.451 0.0000000000
23949  -6.859  34.109  -10.898 0.0000000000
23950  -6.417  32.640  -11.314 0.0000000000
23951  -6.156  33.642  -10.822 0.0000000000
23952  -5.220  33.139  -10.418 0.0000000000
24952  -9.588  43.074  -5.514 0.0000000000
24953  -8.324  42.727  -5.645 0.0000000000
24954  -9.184  43.718  -4.938 0.0000000000
24955  -8.799  44.333  -4.223 0.0000000000
24956  -8.454  44.830  -3.374 0.0000000000
24957  -9.733  47.463  1.146 0.0000000000
24958  -9.321  46.597  0.284 0.0000000000
24959  -9.394  46.516  1.452 0.0000000000
24960  -9.583  45.176  1.948 0.0000000000
24961  -9.654  44.000  2.525 0.0000000000
24962  -9.513  43.162  3.304 0.0000000000
24963  -10.449  43.552  3.854 0.0000000000
24964  -11.169  43.174  5.181 0.0000000000
24965  -11.640  42.845  6.503 0.0000000000
26991  -5.599  40.303  -4.085 0.0000000000
26992  -6.099  38.686  -4.307 0.0000000000
26993  -6.367  39.138  -3.079 0.0000000000
26994  -6.649  37.850  -1.934 0.0000000000
26995  -6.288  36.482  -0.656 0.0000000000
27212  -5.398  25.929  -10.968 0.0000000000
27213  -5.802  25.007  -11.391 0.0000000000
27214  -5.440  24.283  -10.408 0.0000000000
27215  -5.486  22.675  -9.755 0.0000000000
27216  -5.364  21.076  -9.136 0.0000000000
29168  -11.346  46.384  -2.551 0.0000000000
29170  -11.574  47.417  -0.912 0.0000000000
30742  -5.734  25.975  -7.680 0.0000000000
30744  -5.779  26.456  -6.640 0.0000000000
30745  -5.572  27.062  -5.713 0.0000000000
30746  -5.106  27.668  -4.845 0.0000000000
30747  -6.178  30.312  -6.786 0.0000000000
30748  -5.817  29.220  -5.229 0.0000000000
30749  -4.625  28.340  -4.071 0.0000000000
30753  -6.015  41.386  1.314 0.0000000000
30754  -6.055  40.042  1.009 0.0000000000
30755  -5.622  40.267  2.560 0.0000000000
30756  -5.491  39.013  3.712 0.0000000000
30757  -5.638  37.499  4.858 0.0000000000
30758  -4.926  39.248  6.586 0.0000000000
30759  -5.603  37.516  6.243 0.0000000000
30760  -5.892  35.739  6.053 0.0000000000
30761  -5.596  34.130  7.243 0.0000000000
30768  -5.796  33.734  12.273 0.0000000000
30924  -6.708  29.113  -12.453 0.0000000000
30925  -6.144  28.365  -11.928 0.0000000000
30926  -6.058  31.117  -11.604 0.0000000000
30927  -5.637  29.323  -11.600 0.0000000000
30928  -5.438  27.594  -11.339 0.0000000000
30929  -5.189  26.876  -10.329 0.0000000000
30930  -5.534  26.414  -9.053 0.0000000000
33157  -6.545  38.507  -8.381 0.0000000000
33158  -5.206  37.962  -8.444 0.0000000000
33159  -5.862  39.340  -7.770 0.0000000000
33160  -5.299  40.123  -7.124 0.0000000000
33161  -5.076  40.859  -6.261 0.0000000000
33162  -7.045  42.500  -5.653 0.0000000000
33163  -5.815  42.143  -5.584 0.0000000000
33164  -5.136  41.431  -5.096 0.0000000000
33165  -5.332  41.832  -3.832 0.0000000000
33166  -5.608  42.116  -2.546 0.0000000000
33167  -5.938  42.330  -1.196 0.0000000000
33168  -10.288  45.844  -2.579 0.0000000000
33169  -9.231  45.475  -2.552 0.0000000000
33170  -8.166  45.103  -2.351 0.0000000000
33171  -8.841  45.842  -0.492 0.0000000000
33172  -8.131  45.163  -1.219 0.0000000000
33173  -7.252  44.539  -1.910 0.0000000000
33174  -6.663  43.884  -1.353 0.0000000000
33175  -6.335  43.314  -0.634 0.0000000000
33176  -6.204  42.436  0.232 0.0000000000
33177  -6.364  42.445  1.747 0.0000000000
33178  -6.343  42.400  3.326 0.0000000000
33179  -6.310  42.381  4.898 0.0000000000
33180  -8.956  42.515  4.279 0.0000000000
33181  -7.924  42.230  5.302 0.0000000000
33182  -6.421  42.169  6.356 0.0000000000
33183  -6.575  41.879  7.762 0.0000000000
33184  -6.847  41.466  9.104 0.0000000000
33185  -7.065  40.903  10.454 0.0000000000
33326  -8.529  39.044  -8.597 0.0000000000
33327  -7.672  38.774  -8.457 0.0000000000
37341  -4.801  37.071  -7.845 0.0000000000
37342  -5.665  35.851  -6.663 0.0000000000
37343  -6.473  34.716  -5.334 0.0000000000
37344  -6.490  36.986  -4.369 0.0000000000
37345  -6.655  35.221  -4.215 0.0000000000
37346  -6.538  33.461  -3.976 0.0000000000
37347  -5.564  32.493  -2.671 0.0000000000
37350  -6.172  38.472  0.825 0.0000000000
37351  -6.082  36.824  0.709 0.0000000000
37352  -5.646  35.193  0.727 0.0000000000
37415  -12.028  42.561  7.933 0.0000000000
37417  -12.332  42.213  9.375 0.0000000000
37418  -11.188  41.688  8.654 0.0000000000
37419  -10.009  41.033  9.457 0.0000000000
37420  -8.728  40.495  10.535 0.0000000000
37421  -7.643  40.058  11.722 0.0000000000
37445  -11.120  39.049  13.562 0.0000000000
37446  -9.762  38.833  13.157 0.0000000000
37447  -8.257  39.111  12.949 0.0000000000
37448  -6.688  39.506  12.957 0.0000000000
37449  -5.921  38.689  14.236 0.0000000000
37450  -5.267  37.577  15.459 0.0000000000
37451  -4.962  36.093  16.333 0.0000000000
37785  -6.562  23.828  -13.616 0.0000000000
37786  -6.191  24.053  -11.790 0.0000000000
37787  -6.482  23.096  -12.446 0.0000000000
37788  -6.576  22.181  -13.265 0.0000000000
37789  -6.415  20.475  -12.795 0.0000000000
41422  -5.556  36.475  -9.290 0.0000000000
41423  -5.019  36.079  -9.174 0.0000000000
41424  -5.247  36.834  -9.005 0.0000000000
41425  -5.910  40.814  10.988 0.0000000000
41426  -5.261  40.790  10.905 0.0000000000
41427  -5.430  40.462  11.588 0.0000000000
41428  -5.051  39.973  12.110 0.0000000000
41429  -5.633  40.136  12.218 0.0000000000
41463  -6.475  37.349  -9.068 0.0000000000
41464  -6.705  36.805  -9.453 0.0000000000
41465  -6.125  36.584  -9.395 0.0000000000
41466  -5.800  35.897  -9.653 0.0000000000
42023  -10.941  45.329  -3.702 0.0000000000
43155  -6.160  41.141  -0.872 0.0000000000
43156  -6.348  40.417  -1.036 0.0000000000
43157  -6.254  40.549  -0.334 0.0000000000
43278  -5.537  24.615  -7.728 0.0000000000
43279  -5.460  24.030  -8.097 0.0000000000
43280  -5.413  23.778  -7.378 0.0000000000
43281  -5.297  22.994  -7.076 0.0000000000
45547  -5.190  29.979  -9.021 0.0000000000
45548  -5.603  29.474  -8.329 0.0000000000
45549  -5.400  30.269  -8.544 0.0000000000
45550  -6.426  32.699  -5.600 0.0000000000
45551  -6.449  31.831  -5.395 0.0000000000
45552  -6.386  32.107  -4.876 0.0000000000
45553  -6.077  31.609  -4.201 0.0000000000
45554  -6.350  32.365  -4.358 0.0000000000
45555  -5.114  41.927  5.181 0.0000000000
45556  -4.889  41.408  4.934 0.0000000000
45557  -4.794  41.478  5.712 0.0000000000
45558  -5.539  36.525  9.537 0.0000000000
45559  -5.675  36.618  8.860 0.0000000000
45560  -5.840  35.664  9.388 0.0000000000
45561  -5.971  34.846  9.248 0.0000000000
45562  -5.910  34.766  9.908 0.0000000000
45563  -5.912  33.930  10.386 0.0000000000
45564  -5.863  34.698  10.535 0.0000000000
45565  -4.847  34.975  14.774 0.0000000000
45671  -7.326  33.900  -11.344 0.0000000000
45675  -7.236  32.647  -11.862 0.0000000000
45676  -7.066  31.867  -11.957 0.0000000000
45677  -6.911  32.361  -11.652 0.0000000000
45678  -4.815  31.093  -9.735 0.0000000000
45679  -4.854  30.566  -10.199 0.0000000000
45680  -4.887  30.240  -9.597 0.0000000000
45681  -5.100  29.426  -9.422 0.0000000000
47347  -8.335  41.455  -6.597 0.0000000000
47348  -7.700  41.260  -6.644 0.0000000000
47349  -8.120  41.802  -6.289 0.0000000000
47350  -7.450  44.278  -3.585 0.0000000000
47351  -7.020  43.918  -3.952 0.0000000000
47352  -6.914  44.091  -3.425 0.0000000000
47353  -6.416  43.865  -3.199 0.0000000000
47354  -6.846  44.196  -2.852 0.0000000000
47355  -10.331  47.033  -0.418 0.0000000000
47356  -10.070  46.624  -0.822 0.0000000000
47357  -9.854  46.774  -0.333 0.0000000000
47358  -8.853  44.046  1.537 0.0000000000
47359  -8.497  44.290  0.870 0.0000000000
47360  -8.425  43.873  1.227 0.0000000000
47361  -7.964  43.723  0.902 0.0000000000
47362  -8.325  43.512  1.604 0.0000000000
47363  -8.170  43.186  2.013 0.0000000000
47364  -8.681  43.263  2.300 0.0000000000
47365  -10.726  42.240  6.699 0.0000000000
47366  -10.090  42.128  6.511 0.0000000000
47367  -10.200  41.956  7.125 0.0000000000
47368  -9.579  41.718  7.548 0.0000000000
47369  -10.320  41.766  7.695 0.0000000000
47478  -9.298  42.081  -6.269 0.0000000000
47479  -9.420  41.624  -6.650 0.0000000000
47480  -8.865  41.542  -6.627 0.0000000000
47481  -8.455  40.998  -7.001 0.0000000000
50745  -5.014  39.569  -5.992 0.0000000000
50746  -5.200  38.710  -6.050 0.0000000000
50747  -5.396  39.008  -5.476 0.0000000000
50748  -6.192  35.479  -1.244 0.0000000000
50749  -6.294  35.267  -1.837 0.0000000000
50750  -5.917  34.664  -1.136 0.0000000000
50751  -5.490  33.921  -1.098 0.0000000000
50752  -5.396  34.111  -0.484 0.0000000000
50753  -5.796  36.525  4.087 0.0000000000
50754  -5.790  36.439  3.394 0.0000000000
50755  -5.738  35.650  4.046 0.0000000000
50811  -11.169  40.250  11.717 0.0000000000
50812  -11.318  39.970  12.467 0.0000000000
50831  -9.800  36.040  16.579 0.0000000000
50832  -10.107  36.538  16.100 0.0000000000
50833  -9.425  36.577  16.024 0.0000000000
50834  -9.035  37.143  15.466 0.0000000000
50835  -8.712  36.651  16.002 0.0000000000
50836  -7.932  36.829  16.067 0.0000000000
50837  -8.382  36.170  16.535 0.0000000000
51113  -6.235  27.041  -12.006 0.0000000000
51114  -6.374  26.568  -12.279 0.0000000000
51115  -6.137  26.184  -11.915 0.0000000000
51116  -5.539  20.869  -10.062 0.0000000000
51117  -5.745  21.209  -10.619 0.0000000000
51118  -5.659  20.388  -10.322 0.0000000000
55147  -4.735  33.377  -9.640 0.0000000000
55148  -4.736  32.811  -9.114 0.0000000000
55149  -4.721  33.676  -9.208 0.0000000000
55150  -4.887  35.065  -8.285 0.0000000000
55151  -5.072  34.232  -8.192 0.0000000000
55152  -5.323  34.460  -7.666 0.0000000000
55153  -5.863  33.899  -7.015 0.0000000000
55154  -5.656  34.701  -7.123 0.0000000000
55155  -5.252  41.736  8.217 0.0000000000
55156  -4.800  41.397  8.004 0.0000000000
55157  -4.822  41.364  8.764 0.0000000000
55158  -4.565  39.862  10.508 0.0000000000
55159  -4.490  40.057  9.742 0.0000000000
55160  -4.529  39.137  10.268 0.0000000000
55161  -4.793  38.214  9.977 0.0000000000
55162  -4.663  38.156  10.689 0.0000000000
55163  -4.854  37.163  11.111 0.0000000000
55164  -4.635  38.019  11.404 0.0000000000
55165  -4.724  38.462  13.140 0.0000000000
55166  -4.612  37.783  12.844 0.0000000000
55167  -4.649  37.604  13.587 0.0000000000
55168  -4.653  36.734  14.008 0.0000000000
55169  -4.674  37.423  14.322 0.0000000000
55268  -8.259  38.055  -9.290 0.0000000000
55270  -7.907  37.419  -9.571 0.0000000000
55271  -6.931  35.804  -10.097 0.0000000000
55272  -7.308  36.047  -10.118 0.0000000000
55273  -7.030  35.311  -10.383 0.0000000000
55274  -7.126  34.842  -10.672 0.0000000000
55275  -6.786  34.602  -10.619 0.0000000000
55276  -6.528  33.891  -10.848 0.0000000000
55277  -6.406  34.377  -10.589 0.0000000000
55278  -5.258  34.478  -10.013 0.0000000000
55279  -5.483  33.935  -10.362 0.0000000000
55280  -5.033  33.666  -10.044 0.0000000000
55281  -4.785  32.824  -10.045 0.0000000000
56947  -10.021  43.546  -5.129 0.0000000000
56948  -9.386  43.400  -5.228 0.0000000000
56949  -9.827  43.856  -4.847 0.0000000000
56950  -9.771  44.885  -3.794 0.0000000000
56951  -9.366  44.472  -4.188 0.0000000000
56952  -9.189  44.741  -3.817 0.0000000000
56953  -8.621  44.607  -3.809 0.0000000000
56954  -9.004  44.961  -3.412 0.0000000000
56956  -9.485  47.040  1.276 0.0000000000
56957  -9.572  46.936  1.867 0.0000000000
56958  -10.201  45.314  2.939 0.0000000000
56959  -9.795  45.569  2.340 0.0000000000
56960  -9.983  44.870  2.563 0.0000000000
56961  -9.644  44.544  2.219 0.0000000000
56962  -10.028  44.252  2.848 0.0000000000
56963  -10.055  43.761  3.194 0.0000000000
56964  -10.446  44.050  3.514 0.0000000000
56965  -11.552  44.065  5.121 0.0000000000
56966  -11.237  43.657  4.815 0.0000000000
56967  -11.536  43.500  5.468 0.0000000000
56968  -11.394  43.019  5.853 0.0000000000
56969  -11.827  43.299  6.114 0.0000000000
57081  -10.169  43.135  -5.552 0.0000000000
60345  -5.745  40.504  -3.478 0.0000000000
60346  -6.000  39.720  -3.591 0.0000000000
60347  -6.146  39.921  -2.978 0.0000000000
60348  -6.541  38.891  -1.252 0.0000000000
60349  -6.587  38.680  -1.871 0.0000000000
60350  -6.558  38.015  -1.296 0.0000000000
60351  -6.534  37.156  -1.324 0.0000000000
60352  -6.417  37.316  -0.662 0.0000000000
60713  -5.297  25.597  -10.417 0.0000000000
60714  -5.418  25.104  -10.706 0.0000000000
60715  -5.392  24.775  -10.102 0.0000000000
60716  -5.415  22.953  -8.822 0.0000000000
60717  -5.432  23.194  -9.462 0.0000000000
60718  -5.429  22.393  -9.109 0.0000000000
60719  -5.444  21.883  -9.430 0.0000000000
60720  -5.363  21.598  -8.782 0.0000000000
60721  -5.278  20.813  -8.449 0.0000000000
60722  -5.288  21.383  -8.117 0.0000000000
67522  -5.773  26.724  -8.002 0.0000000000
67523  -5.763  26.210  -7.140 0.0000000000
67524  -5.903  27.005  -7.451 0.0000000000
67525  -6.026  28.393  -6.715 0.0000000000
67526  -5.910  27.547  -6.398 0.0000000000
67527  -5.842  27.863  -5.946 0.0000000000
67528  -5.379  27.359  -5.261 0.0000000000
67529  -5.691  28.139  -5.475 0.0000000000
67530  -5.667  31.722  -7.759 0.0000000000
67531  -5.859  30.883  -7.566 0.0000000000
67532  -6.076  31.155  -7.045 0.0000000000
67533  -6.030  30.322  -5.001 0.0000000000
67534  -6.104  30.026  -5.484 0.0000000000
67535  -5.657  29.550  -4.801 0.0000000000
67536  -5.276  28.777  -4.619 0.0000000000
67537  -5.042  29.110  -4.234 0.0000000000
67538  -4.358  28.682  -3.702 0.0000000000
67539  -4.782  29.434  -3.828 0.0000000000
67545  -5.827  41.472  2.099 0.0000000000
67546  -5.804  40.835  1.926 0.0000000000
67547  -5.561  40.954  2.700 0.0000000000
67548  -5.111  39.935  4.595 0.0000000000
67549  -5.295  39.815  3.860 0.0000000000
67550  -5.316  39.107  4.400 0.0000000000
67551  -5.509  38.252  4.261 0.0000000000
67552  -5.425  38.337  4.975 0.0000000000
67553  -4.599  40.079  7.555 0.0000000000
67554  -4.702  40.044  6.806 0.0000000000
67555  -4.843  39.256  7.328 0.0000000000
67556  -5.843  36.660  7.526 0.0000000000
67557  -5.546  37.539  6.959 0.0000000000
67558  -5.859  36.648  6.825 0.0000000000
67559  -5.873  36.601  6.143 0.0000000000
67560  -5.984  35.770  6.697 0.0000000000
67561  -5.794  34.917  6.653 0.0000000000
67562  -5.885  34.920  7.299 0.0000000000
67563  -5.583  33.283  9.024 0.0000000000
67564  -5.472  33.317  8.421 0.0000000000
67575  -5.236  35.372  12.039 0.0000000000
67576  -5.619  34.593  11.828 0.0000000000
67577  -5.534  34.511  12.443 0.0000000000
67908  -6.707  30.329  -12.123 0.0000000000
67909  -6.839  29.858  -12.427 0.0000000000
67910  -6.581  29.575  -12.159 0.0000000000
67911  -6.451  28.777  -12.161 0.0000000000
67912  -6.261  29.204  -11.957 0.0000000000
67913  -6.075  32.392  -11.251 0.0000000000
67914  -6.235  31.882  -11.462 0.0000000000
67915  -5.855  31.601  -11.357 0.0000000000
67916  -5.098  29.485  -10.928 0.0000000000
67917  -5.453  29.834  -11.390 0.0000000000
67918  -5.292  28.967  -11.251 0.0000000000
67919  -5.512  28.466  -11.497 0.0000000000
67920  -5.194  28.093  -11.075 0.0000000000
67921  -5.211  27.228  -10.877 0.0000000000
67922  -5.116  27.756  -10.552 0.0000000000
67923  -5.511  27.768  -8.984 0.0000000000
67924  -5.389  27.237  -9.365 0.0000000000
67925  -5.622  26.942  -8.720 0.0000000000
67926  -5.674  26.159  -8.387 0.0000000000
72922  -6.885  39.115  -8.032 0.0000000000
72923  -6.182  38.932  -8.078 0.0000000000
72924  -6.538  39.530  -7.726 0.0000000000
72925  -6.354  41.016  -6.720 0.0000000000
72926  -5.919  40.377  -7.107 0.0000000000
72927  -5.664  40.783  -6.799 0.0000000000
72928  -5.152  40.509  -6.719 0.0000000000
72929  -5.517  41.171  -6.381 0.0000000000
72930  -8.130  43.111  -5.310 0.0000000000
72931  -7.697  42.621  -5.655 0.0000000000
72932  -7.505  42.985  -5.294 0.0000000000
72933  -6.156  43.043  -4.710 0.0000000000
72934  -6.246  42.709  -5.206 0.0000000000
72935  -5.724  42.477  -5.096 0.0000000000
72936  -5.355  41.860  -5.450 0.0000000000
72937  -5.374  42.128  -4.842 0.0000000000
72938  -5.268  41.653  -4.444 0.0000000000
72939  -5.345  42.426  -4.277 0.0000000000
72940  -5.821  43.148  -2.692 0.0000000000
72941  -5.568  42.622  -2.958 0.0000000000
72942  -5.731  42.723  -2.323 0.0000000000
72943  -5.769  42.216  -1.898 0.0000000000
72944  -5.887  42.809  -1.642 0.0000000000
72945  -11.129  46.482  -2.149 0.0000000000
72946  -10.821  46.077  -2.559 0.0000000000
72947  -10.628  46.200  -2.147 0.0000000000
72948  -9.422  45.911  -1.683 0.0000000000
72949  -9.605  45.805  -2.134 0.0000000000
72950  -9.063  45.604  -2.093 0.0000000000
72951  -8.681  45.304  -2.497 0.0000000000
72952  -8.556  45.399  -1.984 0.0000000000
72953  -9.118  46.199  0.463 0.0000000000
72954  -9.116  46.194  -0.106 0.0000000000
72955  -8.874  45.792  0.100 0.0000000000
72956  -7.925  44.702  -0.382 0.0000000000
72957  -8.206  45.127  -0.622 0.0000000000
72958  -7.784  44.806  -0.974 0.0000000000
72959  -7.685  44.846  -1.559 0.0000000000
72960  -7.310  44.509  -1.300 0.0000000000
72961  -6.899  44.216  -1.646 0.0000000000
72962  -7.093  44.141  -1.009 0.0000000000
72963  -7.059  43.451  0.337 0.0000000000
72964  -6.765  43.576  -0.312 0.0000000000
72965  -6.586  43.280  0.063 0.0000000000
72966  -6.255  42.916  -0.230 0.0000000000
72967  -6.482  42.902  0.491 0.0000000000
72968  -6.297  42.431  0.980 0.0000000000
72969  -6.650  42.826  1.243 0.0000000000
72970  -7.576  42.647  3.035 0.0000000000
72971  -6.955  42.570  2.781 0.0000000000
72972  -6.999  42.496  3.583 0.0000000000
72973  -6.328  42.377  4.131 0.0000000000
72974  -7.044  42.418  4.366 0.0000000000
72975  -9.825  42.974  4.055 0.0000000000
72976  -9.290  42.789  3.781 0.0000000000
72977  -9.553  42.594  4.517 0.0000000000
72978  -8.721  42.070  6.143 0.0000000000
72979  -8.636  42.218  5.510 0.0000000000
72980  -7.984  42.132  6.012 0.0000000000
72981  -7.178  42.212  5.818 0.0000000000
72982  -7.251  42.084  6.534 0.0000000000
72983  -6.501  42.045  7.080 0.0000000000
72984  -7.287  41.919  7.191 0.0000000000
72985  -8.235  41.438  8.566 0.0000000000
72986  -7.491  41.565  8.512 0.0000000000
72987  -7.584  41.317  9.141 0.0000000000
72988  -6.947  41.195  9.779 0.0000000000
72989  -7.668  41.024  9.818 0.0000000000
73321  -8.979  39.227  -8.677 0.0000000000
73322  -8.890  39.620  -8.268 0.0000000000
73323  -7.791  39.853  -7.734 0.0000000000
73324  -7.974  39.381  -8.133 0.0000000000
73325  -7.462  39.247  -8.074 0.0000000000
73326  -7.165  38.624  -8.396 0.0000000000
83115  -5.034  38.330  -8.036 0.0000000000
83116  -4.801  37.550  -8.313 0.0000000000
83117  -4.816  37.862  -7.747 0.0000000000
83118  -5.654  37.045  -6.129 0.0000000000
83119  -5.382  36.739  -6.724 0.0000000000
83120  -5.928  36.161  -6.084 0.0000000000
83121  -6.134  35.286  -5.996 0.0000000000
83122  -6.337  35.579  -5.440 0.0000000000
83123  -6.451  38.096  -3.775 0.0000000000
83124  -6.330  37.880  -4.394 0.0000000000
83125  -6.607  37.227  -3.798 0.0000000000
83126  -6.496  34.800  -2.981 0.0000000000
83127  -6.671  35.442  -3.640 0.0000000000
83128  -6.595  34.559  -3.522 0.0000000000
83129  -6.616  34.325  -4.098 0.0000000000
83130  -6.401  33.729  -3.419 0.0000000000
83131  -6.128  32.940  -3.293 0.0000000000
83132  -5.958  33.214  -2.770 0.0000000000
83138  -5.965  39.410  1.679 0.0000000000
83139  -6.122  39.273  0.911 0.0000000000
83140  -6.050  38.626  1.589 0.0000000000
83141  -5.817  36.236  2.017 0.0000000000
83142  -5.984  36.963  1.375 0.0000000000
83143  -5.881  36.150  1.346 0.0000000000
83144  -5.903  35.990  0.700 0.0000000000
83145  -5.638  35.335  1.371 0.0000000000
83301  -12.309  43.095  7.596 0.0000000000
83302  -12.500  42.941  8.349 0.0000000000
83306  -12.029  41.505  10.338 0.0000000000
83307  -12.410  42.033  10.069 0.0000000000
83308  -11.937  41.711  9.649 0.0000000000
83309  -11.807  41.898  8.990 0.0000000000
83310  -11.323  41.480  9.323 0.0000000000
83311  -10.643  41.330  9.015 0.0000000000
83312  -10.775  41.088  9.693 0.0000000000
83313  -9.693  40.012  11.304 0.0000000000
83314  -9.502  40.357  10.633 0.0000000000
83315  -8.945  40.126  11.168 0.0000000000
83316  -8.132  40.306  11.117 0.0000000000
83317  -8.448  39.865  11.726 0.0000000000
83374  -10.745  37.576  15.181 0.0000000000
83376  -11.068  38.097  14.753 0.0000000000
83378  -10.770  38.463  14.028 0.0000000000
83379  -10.468  38.896  13.318 0.0000000000
83380  -10.087  38.412  13.827 0.0000000000
83381  -8.229  38.269  14.214 0.0000000000
83382  -8.608  38.621  13.625 0.0000000000
83383  -7.823  38.789  13.578 0.0000000000
83384  -7.499  39.286  12.942 0.0000000000
83385  -7.061  38.993  13.597 0.0000000000
83386  -6.288  39.140  13.589 0.0000000000
83387  -6.681  38.597  14.266 0.0000000000
83388  -6.419  37.174  16.089 0.0000000000
83389  -5.941  37.740  15.531 0.0000000000
83390  -5.625  37.170  16.108 0.0000000000
83391  -5.080  36.881  15.928 0.0000000000
83392  -5.372  36.515  16.627 0.0000000000
84218  -7.005  28.469  -13.646 0.0000000000
84220  -6.805  27.630  -13.619 0.0000000000
84221  -6.548  25.620  -12.956 0.0000000000
84222  -6.570  25.986  -13.483 0.0000000000
84223  -6.549  25.115  -13.347 0.0000000000
84225  -6.550  24.297  -13.201 0.0000000000
84226  -5.787  24.155  -11.147 0.0000000000
84227  -6.029  24.551  -11.566 0.0000000000
84228  -5.974  23.683  -11.361 0.0000000000
84229  -6.211  21.897  -11.653 0.0000000000
84230  -6.332  22.718  -11.876 0.0000000000
84231  -6.425  22.244  -12.215 0.0000000000
84232  -6.599  22.631  -12.832 0.0000000000
84233  -6.507  21.787  -12.620 0.0000000000
84234  -6.537  21.347  -13.040 0.0000000000
84235  -6.421  20.923  -12.393 0.0000000000
84237  -6.131  19.277  -11.861 0.0000000000
92992  -5.035  35.020  -9.633 0.0000000000
92993  -4.732  34.528  -9.287 0.0000000000
92994  -4.789  35.330  -9.306 0.0000000000
92995  -4.770  35.612  -8.836 0.0000000000
92996  -4.802  35.874  -8.328 0.0000000000
92997  -5.541  41.375  9.610 0.0000000000
92998  -4.929  41.243  9.469 0.0000000000
92999  -5.090  41.035  10.174 0.0000000000
93000  -4.772  40.479  10.724 0.0000000000
93001  -4.594  39.686  11.269 0.0000000000
93002  -4.560  38.815  11.710 0.0000000000
93003  -4.706  39.518  11.958 0.0000000000
93004  -4.869  39.260  12.664 0.0000000000
93005  -5.015  38.983  13.396 0.0000000000
93065  -7.494  37.667  -9.143 0.0000000000
93066  -7.543  37.201  -9.502 0.0000000000
93067  -7.162  37.001  -9.472 0.0000000000
93068  -6.868  36.280  -9.794 0.0000000000
93069  -6.523  35.552  -10.081 0.0000000000
93070  -6.231  34.853  -10.343 0.0000000000
93071  -6.035  35.357  -10.024 0.0000000000
93072  -5.499  35.216  -9.867 0.0000000000
94072  -10.880  44.553  -4.415 0.0000000000
94073  -10.207  44.328  -4.454 0.0000000000
94074  -10.590  44.828  -4.082 0.0000000000
94075  -10.316  45.096  -3.724 0.0000000000
94076  -10.124  45.302  -3.382 0.0000000000
94078  -9.733  46.735  2.460 0.0000000000
94079  -10.071  46.483  3.060 0.0000000000
94080  -10.367  45.768  3.295 0.0000000000
94081  -10.619  45.073  3.558 0.0000000000
94082  -10.807  44.416  3.849 0.0000000000
94083  -11.042  44.869  4.186 0.0000000000
94084  -11.457  44.699  4.816 0.0000000000
94085  -11.812  44.537  5.456 0.0000000000
96111  -6.012  40.849  -2.207 0.0000000000
96112  -6.250  40.086  -2.321 0.0000000000
96113  -6.322  40.252  -1.684 0.0000000000
96114  -6.463  39.651  -1.140 0.0000000000
96115  -6.435  39.002  -0.549 0.0000000000
96332  -5.469  25.045  -9.128 0.0000000000
96333  -5.424  24.493  -9.460 0.0000000000
96334  -5.458  24.258  -8.795 0.0000000000
96335  -5.408  23.486  -8.466 0.0000000000
96336  -5.352  22.687  -8.139 0.0000000000
96337  -5.275  21.919  -7.789 0.0000000000
96338  -5.275  22.464  -7.440 0.0000000000
100417  -5.621  28.353  -8.584 0.0000000000
100418  -5.868  27.818  -7.776 0.0000000000
100419  -5.740  28.691  -8.088 0.0000000000
100420  -5.923  28.939  -7.533 0.0000000000
100421  -6.108  29.200  -6.994 0.0000000000
100422  -6.177  32.220  -6.652 0.0000000000
100423  -6.277  31.390  -6.483 0.0000000000
100424  -6.368  31.600  -5.916 0.0000000000
100425  -6.287  31.067  -5.209 0.0000000000
100426  -5.901  30.619  -4.534 0.0000000000
100427  -5.232  30.158  -3.920 0.0000000000
100428  -5.697  30.894  -4.063 0.0000000000
100429  -5.511  31.184  -3.602 0.0000000000
100430  -5.267  31.486  -3.124 0.0000000000
100431  -5.440  41.724  3.608 0.0000000000
100432  -5.325  41.110  3.431 0.0000000000
100433  -5.097  41.279  4.183 0.0000000000
100434  -4.933  40.714  4.791 0.0000000000
100435  -4.938  40.006  5.302 0.0000000000
100436  -4.988  38.401  8.512 0.0000000000
100437  -5.080  38.417  7.829 0.0000000000
100438  -5.381  37.550  8.328 0.0000000000
100439  -5.793  36.650  8.201 0.0000000000
100440  -5.979  35.762  8.065 0.0000000000
100441  -5.930  34.913  7.947 0.0000000000
100442  -5.941  34.911  8.603 0.0000000000
100443  -5.827  34.068  9.131 0.0000000000
100444  -5.683  33.217  9.643 0.0000000000
100446  -5.800  33.141  10.221 0.0000000000
100447  -5.865  33.114  10.843 0.0000000000
100448  -5.921  33.054  11.458 0.0000000000
100449  -5.019  35.212  13.363 0.0000000000
100450  -5.379  34.417  13.119 0.0000000000
100649  -7.219  31.381  -12.305 0.0000000000
100650  -6.871  31.098  -12.039 0.0000000000
100651  -6.529  30.885  -11.882 0.0000000000
100652  -5.207  31.790  -10.814 0.0000000000
100653  -5.386  31.233  -11.191 0.0000000000
100654  -5.025  30.897  -10.742 0.0000000000
100655  -4.928  30.017  -10.586 0.0000000000
100656  -4.993  29.162  -10.382 0.0000000000
100657  -5.038  28.311  -10.200 0.0000000000
100658  -5.085  28.864  -9.801 0.0000000000
100659  -5.335  28.593  -9.233 0.0000000000
103657  -7.570  40.318  -7.319 0.0000000000
103658  -6.920  40.109  -7.356 0.0000000000
103659  -7.314  40.696  -6.994 0.0000000000
103660  -7.037  41.113  -6.681 0.0000000000
103661  -6.841  41.542  -6.356 0.0000000000
103662  -7.801  43.775  -4.536 0.0000000000
103663  -7.331  43.340  -4.868 0.0000000000
103664  -7.169  43.666  -4.427 0.0000000000
103665  -6.566  43.500  -4.343 0.0000000000
103666  -6.063  43.289  -4.175 0.0000000000
103667  -5.676  42.954  -3.954 0.0000000000
103668  -6.028  43.463  -3.595 0.0000000000
103669  -6.046  43.524  -2.988 0.0000000000
103670  -6.104  43.572  -2.371 0.0000000000
103671  -10.756  46.724  -1.310 0.0000000000
103672  -10.452  46.351  -1.730 0.0000000000
103673  -10.261  46.497  -1.291 0.0000000000
103674  -9.748  46.252  -1.264 0.0000000000
103675  -9.280  46.025  -1.176 0.0000000000
103676  -8.925  45.080  0.963 0.0000000000
103677  -8.682  45.312  0.344 0.0000000000
103678  -8.564  44.772  0.590 0.0000000000
103679  -8.193  44.533  0.239 0.0000000000
103680  -7.772  44.285  -0.069 0.0000000000
103681  -7.343  44.062  -0.365 0.0000000000
103682  -7.643  43.919  0.253 0.0000000000
103683  -7.521  43.594  0.618 0.0000000000
103684  -7.366  43.297  1.023 0.0000000000
103685  -7.143  43.005  1.478 0.0000000000
103686  -7.649  43.112  1.715 0.0000000000
103687  -7.922  42.882  2.480 0.0000000000
103688  -8.136  42.693  3.277 0.0000000000
103689  -10.381  42.590  5.350 0.0000000000
103690  -9.779  42.456  5.172 0.0000000000
103691  -9.992  42.277  5.849 0.0000000000
103692  -9.420  42.070  6.307 0.0000000000
103693  -8.777  41.910  6.793 0.0000000000
103694  -8.077  41.804  7.311 0.0000000000
103695  -8.814  41.718  7.406 0.0000000000
103696  -8.906  41.549  8.027 0.0000000000
103697  -8.958  41.345  8.632 0.0000000000
103896  -9.146  40.620  -7.469 0.0000000000
103897  -8.792  40.062  -7.854 0.0000000000
103898  -8.617  40.535  -7.427 0.0000000000
103899  -8.104  40.427  -7.371 0.0000000000
109773  -4.852  38.973  -7.093 0.0000000000
109774  -4.822  38.133  -7.206 0.0000000000
109775  -4.992  38.418  -6.621 0.0000000000
109776  -5.418  37.872  -6.102 0.0000000000
109777  -5.949  37.301  -5.528 0.0000000000
109778  -6.683  36.791  -2.557 0.0000000000
109779  -6.692  36.576  -3.157 0.0000000000
109780  -6.576  35.913  -2.499 0.0000000000
109781  -6.373  35.047  -2.427 0.0000000000
109782  -6.096  34.227  -2.338 0.0000000000
109783  -5.789  33.485  -2.229 0.0000000000
109784  -5.639  33.697  -1.673 0.0000000000
109787  -5.775  38.085  2.867 0.0000000000
109788  -5.898  37.939  2.149 0.0000000000
109789  -5.818  37.220  2.744 0.0000000000
109790  -5.790  36.343  2.695 0.0000000000
109791  -5.659  35.510  2.692 0.0000000000
109889  -12.110  41.295  11.041 0.0000000000
109890  -11.564  41.017  10.640 0.0000000000
109891  -10.907  40.821  10.347 0.0000000000
109892  -11.026  40.536  11.006 0.0000000000
109893  -10.448  40.052  11.464 0.0000000000
109894  -9.945  39.680  11.954 0.0000000000
109929  -10.765  36.584  16.262 0.0000000000
109930  -10.400  37.055  15.628 0.0000000000
109931  -10.050  37.525  14.993 0.0000000000
109932  -9.731  37.990  14.349 0.0000000000
109933  -9.329  37.563  14.886 0.0000000000
109934  -8.630  37.713  14.849 0.0000000000
109935  -7.861  37.866  14.857 0.0000000000
109936  -7.080  38.043  14.877 0.0000000000
109937  -7.492  37.467  15.492 0.0000000000
109938  -7.158  37.016  16.093 0.0000000000
109939  -6.836  36.533  16.668 0.0000000000
110435  -6.644  27.797  -12.765 0.0000000000
110436  -6.643  27.292  -13.148 0.0000000000
110437  -6.552  26.973  -12.679 0.0000000000
110438  -6.496  26.116  -12.592 0.0000000000
110439  -6.485  25.274  -12.438 0.0000000000
110440  -5.671  22.508  -10.615 0.0000000000
110441  -5.910  22.847  -11.123 0.0000000000
110442  -5.829  22.032  -10.868 0.0000000000
110443  -5.975  21.564  -11.127 0.0000000000
110444  -6.104  21.074  -11.418 0.0000000000
110445  -6.226  20.593  -11.776 0.0000000000
117142  -4.765  31.687  -9.366 0.0000000000
117143  -5.143  31.113  -8.736 0.0000000000
117144  -4.937  31.980  -8.922 0.0000000000
117145  -5.153  32.310  -8.450 0.0000000000
117146  -5.461  32.571  -7.927 0.0000000000
117147  -4.837  33.987  -8.734 0.0000000000
117148  -5.270  33.411  -8.081 0.0000000000
117149  -5.765  32.822  -7.417 0.0000000000
117150  -6.015  33.070  -6.864 0.0000000000
117151  -6.232  33.328  -6.317 0.0000000000
117152  -6.430  33.561  -5.746 0.0000000000
117153  -5.120  41.927  6.704 0.0000000000
117154  -4.768  41.476  6.473 0.0000000000
117155  -4.773  41.450  7.252 0.0000000000
117156  -4.598  40.816  7.765 0.0000000000
117157  -4.593  40.063  8.247 0.0000000000
117158  -4.568  40.814  9.262 0.0000000000
117159  -4.567  40.058  8.983 0.0000000000
117160  -4.714  39.221  8.733 0.0000000000
117161  -4.889  38.289  9.240 0.0000000000
117162  -5.124  37.352  9.739 0.0000000000
117163  -5.364  36.401  10.236 0.0000000000
117164  -5.571  35.522  10.698 0.0000000000
117165  -5.210  36.317  10.894 0.0000000000
117166  -5.028  36.238  11.578 0.0000000000
117167  -4.895  36.179  12.285 0.0000000000
117168  -4.610  37.898  12.119 0.0000000000
117169  -4.686  36.989  12.548 0.0000000000
117170  -4.807  36.104  12.975 0.0000000000
117171  -4.751  36.003  13.691 0.0000000000
117172  -4.715  35.868  14.394 0.0000000000
117173  -4.704  35.707  15.088 0.0000000000
117316  -7.588  36.778  -9.861 0.0000000000
117317  -7.705  36.293  -10.198 0.0000000000
117319  -7.450  35.133  -10.787 0.0000000000
117320  -7.220  34.384  -10.985 0.0000000000
117321  -6.953  33.611  -11.187 0.0000000000
117322  -6.740  32.872  -11.402 0.0000000000
117323  -6.620  33.388  -11.122 0.0000000000
117324  -6.270  33.139  -11.081 0.0000000000
117325  -5.891  32.875  -11.017 0.0000000000
117326  -5.985  34.143  -10.544 0.0000000000
117327  -5.700  33.404  -10.675 0.0000000000
117328  -5.426  32.636  -10.814 0.0000000000
117329  -5.009  32.307  -10.417 0.0000000000
117330  -4.773  31.982  -9.932 0.0000000000
119662  -9.159  42.551  -5.883 0.0000000000
119663  -8.523  42.356  -5.936 0.0000000000
119664  -8.939  42.906  -5.591 0.0000000000
119665  -8.740  43.245  -5.291 0.0000000000
119666  -8.522  43.606  -4.970 0.0000000000
119667  -9.575  44.169  -4.536 0.0000000000
119668  -8.968  44.042  -4.589 0.0000000000
119669  -8.390  43.899  -4.595 0.0000000000
119670  -8.231  44.189  -4.205 0.0000000000
119671  -8.034  44.451  -3.733 0.0000000000
119672  -7.873  44.640  -3.223 0.0000000000
119673  -9.883  47.358  0.600 0.0000000000
119674  -9.671  46.916  0.171 0.0000000000
119675  -9.522  47.033  0.702 0.0000000000
119676  -9.313  46.612  0.866 0.0000000000
119677  -9.238  46.077  1.075 0.0000000000
119678  -9.637  46.277  2.091 0.0000000000
119679  -9.473  45.856  1.697 0.0000000000
119680  -9.250  45.458  1.320 0.0000000000
119681  -9.279  44.812  1.593 0.0000000000
119682  -9.279  44.262  1.870 0.0000000000
119683  -9.242  43.779  2.220 0.0000000000
119684  -9.156  43.371  2.597 0.0000000000
119685  -9.627  43.538  2.888 0.0000000000
119686  -9.990  43.354  3.609 0.0000000000
119687  -10.353  43.144  4.250 0.0000000000
119688  -10.853  43.841  4.168 0.0000000000
119689  -10.809  43.360  4.514 0.0000000000
119690  -10.656  42.948  4.906 0.0000000000
119691  -10.912  42.778  5.607 0.0000000000
119692  -11.118  42.607  6.272 0.0000000000
119693  -11.294  42.428  6.911 0.0000000000
119850  -9.740  42.606  -5.927 0.0000000000
124419  -5.406  40.058  -4.718 0.0000000000
124420  -5.648  39.251  -4.827 0.0000000000
124421  -5.859  39.484  -4.199 0.0000000000
124422  -6.262  38.931  -3.708 0.0000000000
124423  -6.525  38.283  -3.153 0.0000000000
124424  -6.460  39.306  -2.426 0.0000000000
124425  -6.612  38.501  -2.512 0.0000000000
124426  -6.649  37.645  -2.573 0.0000000000
124427  -6.611  36.995  -1.953 0.0000000000
124428  -6.411  36.306  -1.313 0.0000000000
124429  -6.108  35.678  -0.669 0.0000000000
124430  -5.637  34.884  5.358 0.0000000000
124431  -5.588  34.880  4.689 0.0000000000
124544  -10.181  35.492  17.142 0.0000000000
124545  -9.505  35.504  17.089 0.0000000000
124546  -8.823  35.569  17.068 0.0000000000
124934  -5.615  26.264  -11.395 0.0000000000
124935  -5.852  25.805  -11.570 0.0000000000
124936  -5.568  25.466  -11.222 0.0000000000
124937  -5.574  24.648  -10.949 0.0000000000
124938  -5.579  23.804  -10.644 0.0000000000
124939  -5.422  23.971  -9.788 0.0000000000
124940  -5.477  23.477  -10.073 0.0000000000
124941  -5.582  22.991  -10.329 0.0000000000
124942  -5.548  22.194  -10.037 0.0000000000
124943  -5.481  21.380  -9.751 0.0000000000
124944  -5.397  20.575  -9.468 0.0000000000
129644  -11.262  46.997  -1.316 0.0000000000
129645  -11.071  47.103  -0.908 0.0000000000
129646  -10.858  47.256  -0.452 0.0000000000
133912  -5.589  25.151  -7.362 0.0000000000
133913  -5.405  24.573  -6.557 0.0000000000
133914  -5.602  25.376  -6.817 0.0000000000
133915  -5.554  25.650  -6.324 0.0000000000
133916  -5.435  25.956  -5.898 0.0000000000
133917  -5.906  27.274  -6.935 0.0000000000
133918  -5.701  26.749  -6.163 0.0000000000
133919  -5.265  26.261  -5.467 0.0000000000
133923  -5.632  30.589  -8.073 0.0000000000
133924  -6.002  30.032  -7.293 0.0000000000
133925  -6.143  29.489  -6.499 0.0000000000
133926  -6.249  30.573  -6.264 0.0000000000
133927  -6.206  29.748  -5.983 0.0000000000
133928  -5.966  28.946  -5.722 0.0000000000
133929  -5.492  28.439  -5.013 0.0000000000
133930  -4.886  28.007  -4.451 0.0000000000
133931  -4.173  27.536  -3.902 0.0000000000
133941  -6.119  41.327  0.520 0.0000000000
133942  -6.185  40.661  0.377 0.0000000000
133943  -6.037  40.737  1.125 0.0000000000
133944  -5.875  40.152  1.769 0.0000000000
133945  -5.769  39.551  2.433 0.0000000000
133946  -5.346  40.409  3.315 0.0000000000
133947  -5.519  39.677  3.165 0.0000000000
133948  -5.702  38.950  3.046 0.0000000000
133949  -5.654  38.163  3.582 0.0000000000
133950  -5.707  37.402  4.132 0.0000000000
133951  -5.812  36.597  4.741 0.0000000000
133952  -4.680  40.790  6.259 0.0000000000
133953  -4.768  40.032  6.031 0.0000000000
133954  -5.048  39.209  5.843 0.0000000000
133955  -5.176  38.403  7.128 0.0000000000
133956  -5.258  38.383  6.400 0.0000000000
133957  -5.315  38.359  5.676 0.0000000000
133958  -5.634  37.490  5.570 0.0000000000
133959  -5.842  36.597  5.462 0.0000000000
133960  -5.858  35.728  5.373 0.0000000000
133961  -5.724  34.861  6.018 0.0000000000
133962  -5.494  34.119  6.638 0.0000000000
133964  -5.658  34.102  7.862 0.0000000000
133965  -5.369  33.374  7.808 0.0000000000
133980  -5.742  34.661  11.175 0.0000000000
133981  -5.863  33.827  11.662 0.0000000000
133982  -5.948  32.965  12.082 0.0000000000
133983  -5.737  33.647  12.902 0.0000000000
133984  -5.911  32.858  12.695 0.0000000000
134401  -6.984  28.951  -13.230 0.0000000000
134402  -7.102  30.187  -12.786 0.0000000000
134403  -6.930  29.410  -12.814 0.0000000000
134404  -6.783  28.618  -12.824 0.0000000000
134405  -6.583  28.307  -12.424 0.0000000000
134406  -6.333  27.907  -12.108 0.0000000000
134407  -6.026  27.501  -11.840 0.0000000000
134408  -6.578  32.128  -11.536 0.0000000000
134409  -6.392  31.376  -11.658 0.0000000000
134410  -6.180  30.559  -11.773 0.0000000000
134411  -5.659  30.729  -11.402 0.0000000000
134412  -5.823  30.215  -11.626 0.0000000000
134413  -6.025  29.694  -11.812 0.0000000000
134414  -5.896  28.831  -11.754 0.0000000000
134415  -5.787  27.983  -11.692 0.0000000000
134416  -5.694  27.099  -11.564 0.0000000000
134417  -5.363  26.740  -11.214 0.0000000000
134418  -5.251  26.411  -10.669 0.0000000000
134419  -5.299  26.113  -10.074 0.0000000000
134420  -5.190  27.477  -9.970 0.0000000000
134421  -5.372  26.664  -9.708 0.0000000000
134422  -5.449  25.861  -9.441 0.0000000000
134423  -5.585  25.599  -8.743 0.0000000000
134424  -5.622  25.401  -8.058 0.0000000000
140647  -6.204  37.873  -8.716 0.0000000000
140648  -5.530  37.581  -8.743 0.0000000000
140649  -5.823  38.258  -8.445 0.0000000000
140650  -5.526  38.678  -8.127 0.0000000000
140651  -5.254  39.062  -7.782 0.0000000000
140652  -6.202  39.970  -7.413 0.0000000000
140653  -5.509  39.745  -7.479 0.0000000000
140654  -5.035  39.421  -7.399 0.0000000000
140655  -4.896  39.780  -6.982 0.0000000000
140656  -4.923  40.090  -6.439 0.0000000000
140657  -4.972  40.374  -5.883 0.0000000000
140658  -7.916  42.211  -5.973 0.0000000000
140659  -7.292  42.089  -6.000 0.0000000000
140660  -6.638  41.954  -6.011 0.0000000000
140661  -6.859  42.869  -5.246 0.0000000000
140662  -6.401  42.346  -5.635 0.0000000000
140663  -5.936  41.796  -6.012 0.0000000000
140664  -5.407  41.540  -5.949 0.0000000000
140665  -5.131  41.140  -5.692 0.0000000000
140666  -5.141  40.626  -5.248 0.0000000000
140667  -5.279  40.879  -4.586 0.0000000000
140668  -5.409  41.079  -3.967 0.0000000000
140669  -5.561  41.252  -3.366 0.0000000000
140670  -5.473  42.496  -3.611 0.0000000000
140671  -5.477  41.970  -3.177 0.0000000000
140672  -5.662  41.424  -2.733 0.0000000000
140673  -5.817  41.564  -2.067 0.0000000000
140674  -5.974  41.705  -1.374 0.0000000000
140675  -6.054  41.803  -0.700 0.0000000000
140676  -11.053  45.977  -2.954 0.0000000000
140677  -10.477  45.703  -2.993 0.0000000000
140678  -9.927  45.481  -3.006 0.0000000000
140679  -10.115  45.994  -2.164 0.0000000000
140680  -9.761  45.649  -2.581 0.0000000000
140681  -9.383  45.308  -3.008 0.0000000000
140682  -8.850  45.165  -2.965 0.0000000000
140683  -8.304  45.002  -2.853 0.0000000000
140684  -7.762  44.792  -2.694 0.0000000000
140685  -9.423  46.518  -0.246 0.0000000000
140686  -9.174  46.137  -0.650 0.0000000000
140687  -8.862  45.785  -1.050 0.0000000000
140688  -8.563  45.468  -0.265 0.0000000000
140689  -8.506  45.492  -0.866 0.0000000000
140690  -8.490  45.477  -1.459 0.0000000000
140691  -8.100  45.156  -1.803 0.0000000000
140692  -7.686  44.835  -2.149 0.0000000000
140693  -7.259  44.534  -2.514 0.0000000000
140694  -6.809  44.259  -2.269 0.0000000000
140695  -6.465  43.946  -2.014 0.0000000000
140696  -6.237  43.639  -1.682 0.0000000000
140697  -6.929  43.844  -0.676 0.0000000000
140698  -6.506  43.617  -0.983 0.0000000000
140699  -6.095  43.320  -1.314 0.0000000000
140700  -6.004  42.938  -0.965 0.0000000000
140701  -6.014  42.432  -0.517 0.0000000000
140702  -6.093  41.892  -0.024 0.0000000000
140703  -6.129  41.914  0.736 0.0000000000
140704  -6.077  41.953  1.528 0.0000000000
140705  -6.012  42.013  2.280 0.0000000000
140706  -6.835  42.698  2.000 0.0000000000
140707  -6.396  42.384  2.527 0.0000000000
140708  -5.898  42.065  3.068 0.0000000000
140709  -5.712  42.204  3.871 0.0000000000
140710  -5.676  42.216  4.662 0.0000000000
140711  -5.614  42.215  5.436 0.0000000000
140712  -8.998  43.005  3.030 0.0000000000
140713  -8.744  42.675  3.536 0.0000000000
140714  -8.357  42.470  4.053 0.0000000000
140715  -9.167  42.373  5.010 0.0000000000
140716  -8.499  42.337  4.790 0.0000000000
140717  -7.807  42.352  4.581 0.0000000000
140718  -7.121  42.308  5.106 0.0000000000
140719  -6.370  42.274  5.636 0.0000000000
140720  -5.652  42.170  6.175 0.0000000000
140721  -5.750  42.061  6.901 0.0000000000
140722  -5.803  42.009  7.637 0.0000000000
140723  -5.939  41.773  8.343 0.0000000000
140724  -7.358  41.748  7.855 0.0000000000
140725  -6.675  41.703  8.456 0.0000000000
140726  -6.082  41.573  9.037 0.0000000000
140727  -6.248  41.323  9.717 0.0000000000
140728  -6.408  41.040  10.387 0.0000000000
140729  -6.595  40.740  11.074 0.0000000000
141135  -8.604  38.630  -8.993 0.0000000000
141136  -8.187  38.444  -8.909 0.0000000000
141137  -8.434  39.488  -8.212 0.0000000000
141138  -8.104  38.901  -8.530 0.0000000000
141139  -7.805  38.289  -8.844 0.0000000000
141140  -7.339  38.143  -8.792 0.0000000000
141141  -6.809  38.005  -8.743 0.0000000000
152985  -5.017  37.186  -8.648 0.0000000000
152986  -4.802  36.714  -8.329 0.0000000000
152987  -4.944  36.178  -7.814 0.0000000000
152988  -4.940  37.321  -7.276 0.0000000000
152989  -5.164  36.444  -7.292 0.0000000000
152990  -5.410  35.557  -7.229 0.0000000000
152991  -5.938  34.990  -6.564 0.0000000000
152992  -6.330  34.434  -5.877 0.0000000000
152993  -6.536  33.814  -5.225 0.0000000000
152994  -5.914  38.453  -4.918 0.0000000000
152995  -6.140  37.582  -4.949 0.0000000000
152996  -6.342  36.721  -4.942 0.0000000000
152997  -6.704  36.339  -3.736 0.0000000000
152998  -6.601  36.102  -4.309 0.0000000000
152999  -6.491  35.844  -4.891 0.0000000000
153000  -6.583  34.964  -4.787 0.0000000000
153001  -6.667  34.072  -4.694 0.0000000000
153002  -6.512  33.201  -4.538 0.0000000000
153003  -6.248  32.665  -3.840 0.0000000000
153004  -5.751  32.192  -3.191 0.0000000000
153006  -5.404  32.767  -2.128 0.0000000000
153012  -6.225  39.938  0.259 0.0000000000
153013  -6.284  39.123  0.162 0.0000000000
153014  -6.303  38.307  0.085 0.0000000000
153015  -6.039  37.789  1.447 0.0000000000
153016  -6.155  37.650  0.765 0.0000000000
153017  -6.272  37.477  0.058 0.0000000000
153018  -6.163  36.636  0.047 0.0000000000
153019  -5.975  35.821  0.035 0.0000000000
153020  -5.708  35.033  0.064 0.0000000000
153021  -5.525  34.848  4.025 0.0000000000
153203  -12.172  44.401  6.183 0.0000000000
153206  -12.184  43.773  6.520 0.0000000000
153207  -12.082  43.216  6.861 0.0000000000
153208  -11.856  42.720  7.204 0.0000000000
153209  -11.484  42.252  7.590 0.0000000000
153216  -12.224  42.375  8.658 0.0000000000
153217  -11.652  42.090  8.287 0.0000000000
153218  -11.021  41.889  7.973 0.0000000000
153219  -10.482  41.559  8.360 0.0000000000
153220  -9.854  41.294  8.791 0.0000000000
153221  -9.167  41.078  9.296 0.0000000000
153222  -10.166  40.705  10.127 0.0000000000
153223  -9.360  40.736  9.979 0.0000000000
153224  -8.536  40.830  9.881 0.0000000000
153225  -7.875  40.691  10.490 0.0000000000
153226  -7.343  40.505  11.104 0.0000000000
153227  -6.857  40.279  11.701 0.0000000000
153300  -10.891  39.435  12.854 0.0000000000
153301  -10.185  39.303  12.635 0.0000000000
153302  -9.479  39.295  12.482 0.0000000000
153303  -9.373  38.480  13.714 0.0000000000
153304  -9.033  38.940  13.037 0.0000000000
153305  -8.735  39.406  12.356 0.0000000000
153306  -7.962  39.572  12.326 0.0000000000
153307  -7.156  39.790  12.319 0.0000000000
153308  -6.356  40.000  12.307 0.0000000000
153309  -5.913  39.684  12.903 0.0000000000
153310  -5.585  39.167  13.526 0.0000000000
153311  -5.249  38.587  14.151 0.0000000000
153312  -6.301  38.211  14.911 0.0000000000
153313  -5.550  38.196  14.897 0.0000000000
153314  -4.991  37.920  14.712 0.0000000000
153315  -4.838  37.182  15.178 0.0000000000
153316  -4.763  36.392  15.577 0.0000000000
153317  -4.781  35.488  15.937 0.0000000000
153318  -8.047  35.691  17.096 0.0000000000
153319  -7.273  35.898  17.181 0.0000000000
153320  -6.505  36.033  17.239 0.0000000000
153323  -5.750  36.027  17.231 0.0000000000
153324  -5.176  35.767  17.029 0.0000000000
154312  -6.594  26.829  -13.597 0.0000000000
154317  -6.541  23.359  -14.063 0.0000000000
154318  -6.085  25.381  -11.770 0.0000000000
154319  -6.268  24.918  -11.989 0.0000000000
154320  -6.440  24.447  -12.260 0.0000000000
154321  -6.141  23.202  -11.594 0.0000000000
154322  -6.366  23.570  -12.085 0.0000000000
154323  -6.532  23.954  -12.631 0.0000000000
154324  -6.559  23.464  -13.030 0.0000000000
154325  -6.571  23.003  -13.448 0.0000000000
154326  -6.539  22.555  -13.903 0.0000000000
154330  -6.270  20.088  -12.135 0.0000000000
154331  -6.336  19.614  -12.491 0.0000000000
