#!ascii label  , from subject studyTemplate vox2ras=TkReg
1062
125  -40.282  -24.702  2.254 0.0000000000
269  -40.122  -29.956  7.667 0.0000000000
270  -47.822  -21.504  6.941 0.0000000000
271  -35.071  -27.724  10.245 0.0000000000
534  -52.322  -11.887  1.988 0.0000000000
749  -36.000  -31.909  12.830 0.0000000000
750  -38.998  -28.322  11.698 0.0000000000
751  -33.125  -30.050  13.719 0.0000000000
1172  -43.388  -21.253  6.344 0.0000000000
1173  -50.458  -16.584  5.246 0.0000000000
1174  -45.758  -18.284  2.750 0.0000000000
1175  -48.552  -14.449  -0.596 0.0000000000
1638  -48.487  -21.710  2.895 0.0000000000
1639  -44.247  -25.878  7.457 0.0000000000
1640  -41.417  -24.416  9.669 0.0000000000
1641  -37.573  -26.152  6.313 0.0000000000
2240  -53.044  -16.853  2.328 0.0000000000
2669  -33.984  -32.355  15.236 0.0000000000
2670  -34.894  -30.762  14.078 0.0000000000
3092  -41.475  -22.739  4.272 0.0000000000
3093  -44.490  -19.782  4.540 0.0000000000
3094  -42.940  -21.787  2.400 0.0000000000
3095  -44.500  -20.469  0.667 0.0000000000
3096  -41.752  -23.604  0.318 0.0000000000
3689  -42.256  -28.426  5.472 0.0000000000
3690  -44.082  -26.105  5.176 0.0000000000
3691  -42.101  -27.884  7.408 0.0000000000
3692  -36.916  -27.357  11.690 0.0000000000
3693  -40.271  -26.285  10.871 0.0000000000
3694  -37.924  -25.881  10.029 0.0000000000
3695  -39.013  -24.710  8.156 0.0000000000
3696  -36.270  -26.910  8.289 0.0000000000
4957  -48.009  -21.525  4.732 0.0000000000
4958  -50.748  -19.249  2.420 0.0000000000
4959  -50.105  -19.106  4.369 0.0000000000
4960  -51.355  -14.175  3.828 0.0000000000
4961  -53.537  -14.466  3.223 0.0000000000
4962  -54.720  -12.014  2.061 0.0000000000
4966  -53.426  -9.290  0.155 0.0000000000
5957  -38.079  -31.128  10.227 0.0000000000
5958  -39.965  -29.279  9.919 0.0000000000
5959  -37.582  -30.214  12.262 0.0000000000
5960  -35.976  -29.078  13.052 0.0000000000
5961  -33.998  -28.818  12.048 0.0000000000
6718  -45.913  -20.913  7.754 0.0000000000
6719  -49.347  -19.034  6.251 0.0000000000
6720  -46.788  -18.791  6.309 0.0000000000
6721  -47.681  -16.756  4.622 0.0000000000
6722  -48.725  -14.721  2.768 0.0000000000
6723  -49.936  -12.509  1.014 0.0000000000
6724  -47.090  -16.619  1.029 0.0000000000
6725  -45.920  -18.886  -0.955 0.0000000000
7663  -46.623  -24.204  3.451 0.0000000000
7664  -46.015  -23.758  5.052 0.0000000000
7665  -46.053  -23.879  7.212 0.0000000000
7666  -41.893  -27.307  9.745 0.0000000000
7667  -43.589  -25.300  9.395 0.0000000000
7668  -44.870  -23.141  8.846 0.0000000000
7669  -42.328  -22.783  8.128 0.0000000000
7670  -40.203  -23.633  6.190 0.0000000000
7671  -38.939  -25.425  4.311 0.0000000000
9281  -51.999  -16.760  3.885 0.0000000000
9282  -54.931  -14.594  2.086 0.0000000000
9290  -51.115  -9.951  -0.637 0.0000000000
9301  -32.922  -28.047  8.535 0.0000000000
9302  -34.143  -27.577  6.504 0.0000000000
9303  -35.400  -27.074  4.439 0.0000000000
9304  -36.787  -26.530  2.325 0.0000000000
10350  -33.287  -31.770  15.510 0.0000000000
10363  -33.792  -33.094  15.730 0.0000000000
10772  -40.865  -23.768  3.274 0.0000000000
10773  -42.212  -22.278  3.328 0.0000000000
10774  -41.631  -23.310  2.270 0.0000000000
10775  -42.380  -22.749  1.367 0.0000000000
10776  -41.029  -24.197  1.263 0.0000000000
11369  -41.145  -29.244  6.496 0.0000000000
11370  -42.087  -28.095  6.327 0.0000000000
11371  -41.063  -28.912  7.493 0.0000000000
11372  -35.897  -27.347  11.111 0.0000000000
11373  -37.415  -26.575  10.900 0.0000000000
11374  -36.440  -26.776  10.162 0.0000000000
11375  -36.968  -26.250  9.205 0.0000000000
11376  -35.653  -27.289  9.258 0.0000000000
11410  -39.487  -30.895  7.673 0.0000000000
11412  -40.578  -30.229  6.506 0.0000000000
12637  -48.043  -21.599  5.875 0.0000000000
12638  -49.043  -20.295  4.589 0.0000000000
12639  -49.007  -20.366  5.706 0.0000000000
12640  -51.840  -13.009  2.899 0.0000000000
12641  -53.051  -13.100  2.951 0.0000000000
12642  -53.601  -11.883  2.094 0.0000000000
12643  -55.214  -10.742  1.310 0.0000000000
12644  -54.077  -10.621  1.230 0.0000000000
12645  -54.625  -9.227  0.338 0.0000000000
12646  -52.912  -10.618  1.035 0.0000000000
13769  -37.050  -31.523  11.563 0.0000000000
13770  -37.929  -30.699  11.263 0.0000000000
13771  -36.795  -31.039  12.514 0.0000000000
13772  -34.033  -30.318  14.085 0.0000000000
13773  -35.504  -29.940  13.557 0.0000000000
13774  -34.504  -29.556  13.402 0.0000000000
13775  -34.941  -28.768  12.679 0.0000000000
13776  -33.589  -29.403  12.856 0.0000000000
13810  -35.508  -32.702  12.983 0.0000000000
13812  -36.472  -32.336  11.659 0.0000000000
13813  -37.424  -31.937  10.335 0.0000000000
15037  -44.584  -20.916  7.291 0.0000000000
15038  -46.352  -19.817  7.124 0.0000000000
15039  -45.078  -20.006  6.412 0.0000000000
15040  -45.132  -19.013  3.639 0.0000000000
15041  -46.035  -18.232  4.652 0.0000000000
15042  -46.569  -17.365  3.752 0.0000000000
15043  -48.159  -15.758  3.730 0.0000000000
15044  -47.172  -16.464  2.825 0.0000000000
15045  -47.763  -15.523  1.935 0.0000000000
15046  -46.411  -17.483  1.889 0.0000000000
15047  -43.842  -21.445  -0.391 0.0000000000
15048  -45.218  -19.724  -0.158 0.0000000000
16832  -44.111  -25.989  6.228 0.0000000000
16833  -45.061  -24.959  5.128 0.0000000000
16834  -45.150  -24.866  6.251 0.0000000000
16835  -46.070  -23.881  6.110 0.0000000000
16836  -45.190  -24.904  7.382 0.0000000000
16837  -39.679  -28.857  10.929 0.0000000000
16838  -40.964  -28.284  9.802 0.0000000000
16839  -40.491  -27.861  10.737 0.0000000000
16840  -40.831  -25.349  10.302 0.0000000000
16841  -41.963  -25.806  10.197 0.0000000000
16842  -42.627  -24.800  9.877 0.0000000000
16843  -44.273  -24.240  9.204 0.0000000000
16844  -43.152  -23.768  9.425 0.0000000000
16845  -43.655  -22.787  8.829 0.0000000000
16846  -41.962  -23.538  8.980 0.0000000000
16847  -38.176  -25.317  7.276 0.0000000000
16848  -39.563  -24.168  7.144 0.0000000000
16849  -38.832  -24.890  6.241 0.0000000000
16850  -39.510  -24.462  5.222 0.0000000000
16851  -38.257  -25.778  5.297 0.0000000000
20635  -51.936  -18.034  2.366 0.0000000000
20640  -49.948  -17.798  5.757 0.0000000000
20641  -50.738  -17.978  5.098 0.0000000000
20642  -51.507  -16.728  4.700 0.0000000000
20643  -55.060  -13.380  2.325 0.0000000000
20644  -54.281  -14.536  2.621 0.0000000000
20662  -49.126  -13.325  0.253 0.0000000000
20663  -50.556  -11.225  0.179 0.0000000000
20664  -49.754  -12.099  -0.577 0.0000000000
20693  -33.532  -27.820  7.520 0.0000000000
20698  -36.055  -26.813  3.402 0.0000000000
23237  -34.959  -32.180  14.076 0.0000000000
23238  -35.590  -31.337  13.630 0.0000000000
23239  -34.417  -31.578  14.626 0.0000000000
23240  -33.610  -31.073  14.767 0.0000000000
23241  -32.713  -30.678  14.598 0.0000000000
23263  -34.611  -32.962  14.391 0.0000000000
23998  -42.294  -21.883  5.313 0.0000000000
23999  -43.929  -20.511  5.479 0.0000000000
24000  -42.925  -21.310  4.416 0.0000000000
24001  -43.628  -20.728  3.477 0.0000000000
24002  -44.348  -20.078  2.587 0.0000000000
24003  -45.036  -19.456  1.708 0.0000000000
24004  -43.716  -21.175  1.523 0.0000000000
24005  -43.112  -22.169  0.486 0.0000000000
24006  -42.458  -22.892  -0.598 0.0000000000
25074  -44.348  -26.386  4.408 0.0000000000
25075  -43.173  -27.237  5.274 0.0000000000
25076  -43.062  -27.018  6.235 0.0000000000
25077  -43.185  -26.861  7.401 0.0000000000
25078  -38.021  -27.754  11.977 0.0000000000
25079  -39.681  -27.309  11.298 0.0000000000
25080  -38.567  -26.809  11.327 0.0000000000
25081  -39.074  -25.933  10.660 0.0000000000
25082  -39.615  -25.117  9.874 0.0000000000
25083  -40.121  -24.420  9.046 0.0000000000
25084  -38.479  -25.262  9.120 0.0000000000
25085  -37.593  -25.737  8.255 0.0000000000
25086  -36.915  -26.511  7.319 0.0000000000
27355  -48.049  -21.527  3.657 0.0000000000
27356  -49.585  -20.456  2.588 0.0000000000
27357  -49.186  -20.270  3.448 0.0000000000
27358  -50.274  -19.100  3.290 0.0000000000
27359  -51.405  -17.910  3.125 0.0000000000
27360  -50.928  -15.346  4.627 0.0000000000
27361  -52.082  -15.510  4.286 0.0000000000
27362  -52.637  -14.285  3.698 0.0000000000
27363  -54.158  -13.227  2.719 0.0000000000
27364  -55.762  -12.131  1.891 0.0000000000
27374  -49.246  -13.211  -1.448 0.0000000000
29261  -39.104  -30.598  8.928 0.0000000000
29262  -40.025  -29.628  8.772 0.0000000000
29263  -38.997  -30.248  10.026 0.0000000000
29264  -38.792  -29.829  11.089 0.0000000000
29265  -38.302  -29.308  12.015 0.0000000000
29266  -36.285  -30.499  13.266 0.0000000000
29267  -36.889  -29.612  12.918 0.0000000000
29268  -37.517  -28.703  12.499 0.0000000000
29269  -36.436  -28.188  12.414 0.0000000000
29270  -35.429  -28.008  11.951 0.0000000000
29271  -34.572  -28.223  11.202 0.0000000000
29323  -38.461  -31.450  8.939 0.0000000000
31036  -47.036  -21.233  7.653 0.0000000000
31037  -48.652  -20.276  6.669 0.0000000000
31038  -47.651  -19.996  7.177 0.0000000000
31039  -48.192  -18.809  6.614 0.0000000000
31040  -48.642  -17.691  5.988 0.0000000000
31041  -45.555  -19.143  5.543 0.0000000000
31042  -47.264  -17.750  5.483 0.0000000000
31043  -49.070  -16.502  5.207 0.0000000000
31044  -49.462  -15.393  4.395 0.0000000000
31045  -49.973  -14.292  3.469 0.0000000000
31046  -50.525  -13.171  2.555 0.0000000000
31047  -51.014  -12.049  1.625 0.0000000000
31048  -49.316  -13.644  1.884 0.0000000000
31049  -48.407  -14.538  1.079 0.0000000000
31050  -47.825  -15.608  0.217 0.0000000000
31051  -45.840  -18.627  0.885 0.0000000000
31052  -46.579  -17.809  0.066 0.0000000000
31053  -47.307  -16.788  -0.746 0.0000000000
33417  -47.503  -22.939  3.185 0.0000000000
33418  -45.242  -25.158  4.266 0.0000000000
33419  -46.195  -23.912  4.078 0.0000000000
33420  -47.096  -22.705  3.829 0.0000000000
33421  -47.014  -22.680  4.862 0.0000000000
33422  -47.052  -22.773  5.963 0.0000000000
33423  -46.974  -22.666  7.088 0.0000000000
33424  -41.070  -28.637  8.693 0.0000000000
33425  -42.115  -27.680  8.662 0.0000000000
33426  -43.194  -26.672  8.607 0.0000000000
33427  -41.231  -26.827  10.493 0.0000000000
33428  -42.753  -26.325  9.576 0.0000000000
33429  -44.105  -25.742  8.567 0.0000000000
33430  -44.940  -24.690  8.412 0.0000000000
33431  -45.699  -23.569  8.217 0.0000000000
33432  -46.365  -22.429  8.034 0.0000000000
33433  -45.387  -22.029  8.347 0.0000000000
33434  -44.104  -21.823  8.081 0.0000000000
33435  -42.845  -21.994  7.242 0.0000000000
33436  -40.637  -23.755  8.091 0.0000000000
33437  -41.180  -23.085  7.159 0.0000000000
33438  -41.694  -22.472  6.245 0.0000000000
33439  -40.832  -23.173  5.208 0.0000000000
33440  -40.171  -24.121  4.249 0.0000000000
33441  -39.601  -25.087  3.269 0.0000000000
38081  -49.938  -19.139  5.395 0.0000000000
38082  -51.093  -17.957  4.158 0.0000000000
38083  -52.414  -16.809  3.013 0.0000000000
38084  -52.799  -15.639  3.619 0.0000000000
38085  -53.364  -15.678  2.832 0.0000000000
38086  -53.983  -15.716  2.222 0.0000000000
38108  -51.629  -10.812  0.722 0.0000000000
38109  -52.229  -9.471  -0.154 0.0000000000
38131  -31.903  -29.818  13.279 0.0000000000
38132  -32.378  -29.363  12.259 0.0000000000
38133  -32.904  -28.920  11.271 0.0000000000
38134  -33.476  -28.530  10.294 0.0000000000
38142  -32.312  -28.312  9.623 0.0000000000
38143  -34.061  -28.222  9.293 0.0000000000
38144  -34.662  -27.871  8.302 0.0000000000
38145  -35.313  -27.558  7.339 0.0000000000
38146  -35.948  -27.281  6.346 0.0000000000
38148  -34.776  -27.327  5.461 0.0000000000
38149  -36.649  -27.022  5.310 0.0000000000
38150  -37.310  -26.653  4.286 0.0000000000
38151  -38.021  -26.304  3.276 0.0000000000
38152  -38.688  -25.945  2.207 0.0000000000
38178  -37.472  -26.114  1.212 0.0000000000
38179  -39.395  -25.486  1.113 0.0000000000
41492  -40.563  -24.273  2.772 0.0000000000
41493  -41.240  -23.555  2.781 0.0000000000
41494  -40.957  -24.038  2.253 0.0000000000
41495  -41.338  -23.772  1.763 0.0000000000
41496  -40.660  -24.458  1.752 0.0000000000
42089  -40.626  -29.626  7.064 0.0000000000
42090  -41.100  -29.054  6.968 0.0000000000
42091  -40.589  -29.408  7.536 0.0000000000
42092  -35.471  -27.515  10.703 0.0000000000
42093  -36.150  -27.063  10.646 0.0000000000
42094  -35.711  -27.251  10.212 0.0000000000
42095  -36.028  -27.008  9.723 0.0000000000
42096  -35.349  -27.523  9.748 0.0000000000
42130  -39.785  -30.421  7.661 0.0000000000
42131  -40.042  -30.585  7.093 0.0000000000
42132  -40.307  -30.101  7.063 0.0000000000
42133  -40.845  -29.746  6.493 0.0000000000
43357  -47.992  -21.569  6.429 0.0000000000
43358  -48.528  -20.971  5.806 0.0000000000
43359  -48.463  -20.985  6.355 0.0000000000
43360  -52.102  -12.434  2.461 0.0000000000
43361  -52.741  -12.442  2.519 0.0000000000
43362  -52.975  -11.882  2.082 0.0000000000
43363  -53.827  -11.276  1.664 0.0000000000
43364  -53.223  -11.251  1.623 0.0000000000
43365  -53.504  -10.606  1.155 0.0000000000
43366  -52.631  -11.266  1.513 0.0000000000
44489  -36.549  -31.710  12.194 0.0000000000
44490  -36.946  -31.278  12.054 0.0000000000
44491  -36.396  -31.474  12.686 0.0000000000
44492  -33.589  -30.173  13.924 0.0000000000
44493  -34.279  -29.937  13.724 0.0000000000
44494  -33.813  -29.811  13.551 0.0000000000
44495  -34.039  -29.463  13.155 0.0000000000
44496  -33.354  -29.729  13.296 0.0000000000
44530  -35.743  -32.303  12.876 0.0000000000
44531  -35.983  -32.523  12.319 0.0000000000
44532  -36.271  -32.113  12.233 0.0000000000
44533  -36.754  -31.926  11.598 0.0000000000
45757  -43.977  -21.049  6.839 0.0000000000
45758  -44.837  -20.447  6.862 0.0000000000
45759  -44.233  -20.608  6.400 0.0000000000
45760  -45.473  -18.602  3.195 0.0000000000
45761  -45.864  -18.182  3.703 0.0000000000
45762  -46.154  -17.778  3.254 0.0000000000
45763  -46.869  -16.927  3.295 0.0000000000
45764  -46.445  -17.374  2.795 0.0000000000
45765  -46.761  -16.954  2.360 0.0000000000
45766  -46.061  -17.908  2.317 0.0000000000
45767  -43.463  -21.808  -0.943 0.0000000000
45768  -44.179  -21.010  -0.803 0.0000000000
47552  -44.199  -25.950  6.859 0.0000000000
47553  -44.641  -25.440  6.265 0.0000000000
47554  -44.716  -25.408  6.864 0.0000000000
47555  -45.195  -24.874  6.817 0.0000000000
47556  -44.732  -25.381  7.429 0.0000000000
47557  -39.389  -28.599  11.364 0.0000000000
47558  -40.073  -28.339  10.828 0.0000000000
47559  -39.743  -28.100  11.242 0.0000000000
47560  -41.116  -24.870  10.025 0.0000000000
47561  -41.727  -25.075  10.093 0.0000000000
47562  -42.007  -24.581  9.843 0.0000000000
47563  -42.915  -24.281  9.677 0.0000000000
47564  -42.257  -24.078  9.606 0.0000000000
47565  -42.559  -23.617  9.269 0.0000000000
47566  -41.707  -23.977  9.336 0.0000000000
47567  -37.867  -25.735  6.800 0.0000000000
47568  -38.494  -25.100  6.756 0.0000000000
47569  -38.184  -25.546  6.279 0.0000000000
47570  -38.529  -25.330  5.780 0.0000000000
47571  -37.913  -25.961  5.814 0.0000000000
51355  -52.514  -17.436  2.341 0.0000000000
51356  -52.844  -17.550  2.098 0.0000000000
51357  -53.411  -16.960  2.097 0.0000000000
51359  -53.894  -16.354  2.067 0.0000000000
51360  -50.230  -17.187  5.538 0.0000000000
51361  -50.774  -17.265  5.235 0.0000000000
51362  -51.035  -16.655  5.023 0.0000000000
51364  -55.439  -13.449  2.116 0.0000000000
51382  -48.841  -13.822  -0.179 0.0000000000
51383  -49.485  -12.691  -0.169 0.0000000000
51384  -49.167  -13.239  -0.582 0.0000000000
54089  -34.462  -32.297  14.663 0.0000000000
54090  -34.726  -31.863  14.406 0.0000000000
54091  -34.193  -31.981  14.888 0.0000000000
54092  -32.859  -31.509  15.540 0.0000000000
54093  -33.459  -31.417  15.133 0.0000000000
54094  -32.994  -31.184  15.118 0.0000000000
54095  -33.158  -30.854  14.714 0.0000000000
54096  -32.535  -30.962  15.048 0.0000000000
54130  -33.875  -32.710  15.465 0.0000000000
54131  -34.198  -33.033  15.086 0.0000000000
54132  -34.318  -32.655  14.874 0.0000000000
54133  -34.769  -32.582  14.259 0.0000000000
55357  -41.846  -22.291  4.793 0.0000000000
55358  -42.601  -21.591  4.869 0.0000000000
55359  -42.189  -22.014  4.324 0.0000000000
55360  -42.585  -22.035  2.869 0.0000000000
55361  -42.913  -21.501  3.403 0.0000000000
55362  -43.280  -21.225  2.942 0.0000000000
55363  -43.991  -20.417  3.018 0.0000000000
55364  -43.647  -20.949  2.485 0.0000000000
55365  -44.010  -20.630  2.044 0.0000000000
55366  -43.332  -21.479  1.963 0.0000000000
55367  -42.088  -23.189  0.845 0.0000000000
55368  -42.748  -22.464  0.918 0.0000000000
55369  -42.435  -22.888  0.388 0.0000000000
55370  -42.790  -22.575  -0.065 0.0000000000
55371  -42.093  -23.257  -0.160 0.0000000000
57149  -42.881  -28.040  5.004 0.0000000000
57150  -43.300  -27.422  4.880 0.0000000000
57151  -42.724  -27.833  5.359 0.0000000000
57152  -42.076  -27.985  6.849 0.0000000000
57153  -42.579  -27.538  6.267 0.0000000000
57154  -42.588  -27.462  6.812 0.0000000000
57155  -43.082  -26.970  6.829 0.0000000000
57156  -42.625  -27.391  7.410 0.0000000000
57157  -37.474  -27.515  11.866 0.0000000000
57158  -38.300  -27.285  11.645 0.0000000000
57159  -37.731  -27.057  11.527 0.0000000000
57160  -37.669  -26.236  10.474 0.0000000000
57161  -38.229  -26.241  10.792 0.0000000000
57162  -38.466  -25.871  10.394 0.0000000000
57163  -39.328  -25.526  10.283 0.0000000000
57164  -38.748  -25.506  9.949 0.0000000000
57165  -39.025  -25.147  9.522 0.0000000000
57166  -38.209  -25.563  9.569 0.0000000000
57167  -36.600  -26.542  8.769 0.0000000000
57168  -37.280  -25.984  8.730 0.0000000000
57169  -36.926  -26.335  8.271 0.0000000000
57170  -37.239  -26.116  7.790 0.0000000000
57171  -36.605  -26.711  7.812 0.0000000000
57280  -41.978  -28.991  5.496 0.0000000000
57282  -42.606  -28.587  5.054 0.0000000000
60952  -48.010  -21.509  4.181 0.0000000000
60953  -48.616  -20.910  3.549 0.0000000000
60954  -48.545  -20.864  4.082 0.0000000000
60955  -49.546  -19.703  4.489 0.0000000000
60956  -49.602  -19.672  3.922 0.0000000000
60957  -50.171  -19.048  3.802 0.0000000000
60958  -50.871  -18.487  3.205 0.0000000000
60959  -50.736  -18.484  3.717 0.0000000000
60960  -51.125  -14.756  4.234 0.0000000000
60961  -51.783  -14.809  4.192 0.0000000000
60962  -52.036  -14.193  3.814 0.0000000000
60963  -53.880  -12.566  2.495 0.0000000000
60964  -53.617  -13.160  2.856 0.0000000000
60965  -54.410  -12.638  2.426 0.0000000000
60966  -54.965  -12.687  2.292 0.0000000000
60967  -55.247  -12.073  1.987 0.0000000000
60968  -56.043  -11.498  1.604 0.0000000000
60969  -55.521  -11.443  1.654 0.0000000000
60977  -54.057  -9.234  0.236 0.0000000000
64349  -38.595  -30.892  9.556 0.0000000000
64350  -39.043  -30.424  9.448 0.0000000000
64351  -38.536  -30.688  10.074 0.0000000000
64352  -37.790  -30.472  11.776 0.0000000000
64353  -38.380  -30.288  11.191 0.0000000000
64354  -38.185  -30.038  11.690 0.0000000000
64355  -38.607  -29.591  11.578 0.0000000000
64356  -37.929  -29.770  12.136 0.0000000000
64357  -35.270  -31.033  13.915 0.0000000000
64358  -35.924  -30.917  13.441 0.0000000000
64359  -35.601  -30.619  13.694 0.0000000000
64360  -35.744  -29.508  13.302 0.0000000000
64361  -36.230  -29.770  13.270 0.0000000000
64362  -36.447  -29.313  13.057 0.0000000000
64363  -37.235  -29.162  12.735 0.0000000000
64364  -36.736  -28.871  12.782 0.0000000000
64365  -36.978  -28.406  12.533 0.0000000000
64366  -36.203  -28.625  12.722 0.0000000000
64367  -34.455  -28.745  12.387 0.0000000000
64368  -35.159  -28.395  12.319 0.0000000000
64369  -34.704  -28.430  11.987 0.0000000000
64370  -34.981  -28.080  11.621 0.0000000000
64371  -34.282  -28.511  11.626 0.0000000000
64480  -37.738  -31.525  10.276 0.0000000000
64481  -37.937  -31.702  9.639 0.0000000000
64482  -38.255  -31.284  9.586 0.0000000000
64483  -38.758  -31.028  8.926 0.0000000000
68152  -46.511  -21.050  7.770 0.0000000000
68153  -47.395  -20.617  7.411 0.0000000000
68154  -46.821  -20.446  7.520 0.0000000000
68155  -46.596  -19.295  6.695 0.0000000000
68156  -47.276  -19.294  6.901 0.0000000000
68157  -47.491  -18.765  6.585 0.0000000000
68158  -48.402  -18.268  6.325 0.0000000000
68159  -47.697  -18.249  6.186 0.0000000000
68160  -44.203  -20.161  5.011 0.0000000000
68161  -44.730  -19.834  5.522 0.0000000000
68162  -44.972  -19.422  5.080 0.0000000000
68163  -46.813  -17.500  4.669 0.0000000000
68164  -46.624  -17.943  5.088 0.0000000000
68165  -47.444  -17.235  5.072 0.0000000000
68166  -48.142  -17.125  5.380 0.0000000000
68167  -48.358  -16.578  4.961 0.0000000000
68168  -49.295  -15.925  4.803 0.0000000000
68169  -48.572  -16.023  4.564 0.0000000000
68170  -48.455  -15.231  3.257 0.0000000000
68171  -49.048  -14.989  3.631 0.0000000000
68172  -49.343  -14.445  3.149 0.0000000000
68173  -50.259  -13.711  2.999 0.0000000000
68174  -49.613  -13.941  2.662 0.0000000000
68175  -49.839  -13.377  2.244 0.0000000000
68176  -49.025  -14.223  2.307 0.0000000000
68177  -47.379  -16.050  1.485 0.0000000000
68178  -48.046  -15.050  1.503 0.0000000000
68179  -47.734  -15.568  1.064 0.0000000000
68180  -48.098  -15.014  0.659 0.0000000000
68181  -47.468  -16.127  0.617 0.0000000000
68182  -44.798  -19.955  1.193 0.0000000000
68183  -45.445  -19.052  1.311 0.0000000000
68184  -45.174  -19.580  0.802 0.0000000000
68185  -45.558  -19.325  -0.571 0.0000000000
68186  -45.904  -18.815  -0.037 0.0000000000
68187  -46.261  -18.382  -0.439 0.0000000000
68188  -46.952  -17.325  -0.335 0.0000000000
68189  -46.643  -17.851  -0.848 0.0000000000
73536  -47.034  -23.586  3.332 0.0000000000
73537  -44.192  -26.240  4.755 0.0000000000
73538  -44.802  -25.791  4.344 0.0000000000
73539  -44.641  -25.636  4.698 0.0000000000
73540  -45.566  -24.359  5.104 0.0000000000
73541  -45.614  -24.434  4.594 0.0000000000
73542  -46.085  -23.811  4.503 0.0000000000
73543  -46.647  -23.285  3.943 0.0000000000
73544  -46.544  -23.229  4.434 0.0000000000
73545  -46.994  -22.660  4.327 0.0000000000
73546  -46.509  -23.228  4.955 0.0000000000
73547  -46.084  -23.911  6.646 0.0000000000
73548  -46.562  -23.338  6.026 0.0000000000
73549  -46.551  -23.355  6.588 0.0000000000
73550  -47.058  -22.767  6.544 0.0000000000
73551  -46.502  -23.302  7.146 0.0000000000
73552  -40.017  -29.462  9.341 0.0000000000
73553  -40.539  -29.129  8.716 0.0000000000
73554  -40.537  -28.961  9.303 0.0000000000
73555  -41.414  -27.809  9.772 0.0000000000
73556  -41.575  -27.998  9.237 0.0000000000
73557  -42.039  -27.522  9.237 0.0000000000
73558  -42.669  -27.181  8.644 0.0000000000
73559  -42.539  -27.017  9.172 0.0000000000
73560  -39.974  -26.801  11.077 0.0000000000
73561  -40.462  -27.072  10.924 0.0000000000
73562  -40.789  -26.554  10.742 0.0000000000
73563  -42.800  -25.563  9.819 0.0000000000
73564  -42.397  -26.071  9.936 0.0000000000
73565  -43.206  -25.821  9.512 0.0000000000
73566  -43.485  -26.043  9.088 0.0000000000
73567  -43.902  -25.531  9.016 0.0000000000
73568  -44.518  -25.224  8.493 0.0000000000
73569  -44.328  -25.009  8.937 0.0000000000
73570  -44.554  -23.689  9.046 0.0000000000
73571  -45.002  -23.932  8.746 0.0000000000
73572  -45.340  -23.371  8.597 0.0000000000
73573  -46.055  -23.002  8.115 0.0000000000
73574  -45.632  -22.800  8.426 0.0000000000
73575  -45.939  -22.214  8.262 0.0000000000
73576  -45.130  -22.583  8.605 0.0000000000
73577  -43.020  -22.714  8.566 0.0000000000
73578  -43.887  -22.299  8.452 0.0000000000
73579  -43.213  -22.305  8.119 0.0000000000
73580  -43.449  -21.869  7.725 0.0000000000
73581  -42.564  -22.387  7.694 0.0000000000
73582  -39.537  -24.531  8.606 0.0000000000
73583  -40.377  -24.080  8.567 0.0000000000
73584  -39.779  -24.219  8.119 0.0000000000
73585  -39.894  -23.908  6.663 0.0000000000
73586  -40.356  -23.635  7.143 0.0000000000
73587  -40.631  -23.336  6.659 0.0000000000
73588  -41.432  -22.771  6.679 0.0000000000
73589  -40.935  -23.062  6.197 0.0000000000
73590  -41.225  -22.786  5.717 0.0000000000
73591  -40.508  -23.398  5.713 0.0000000000
73592  -39.224  -24.950  4.760 0.0000000000
73593  -39.842  -24.296  4.734 0.0000000000
73594  -39.551  -24.789  4.269 0.0000000000
73595  -39.892  -24.622  3.762 0.0000000000
73596  -39.273  -25.252  3.788 0.0000000000
84945  -50.179  -19.851  2.505 0.0000000000
84960  -48.990  -19.648  6.454 0.0000000000
84961  -49.309  -19.733  6.067 0.0000000000
84962  -49.727  -19.130  5.865 0.0000000000
84963  -51.335  -17.396  4.519 0.0000000000
84964  -50.922  -17.975  4.658 0.0000000000
84965  -51.526  -17.357  4.065 0.0000000000
84966  -51.728  -17.355  3.546 0.0000000000
84967  -52.195  -16.788  3.452 0.0000000000
84968  -52.834  -14.966  3.766 0.0000000000
84969  -52.505  -15.576  3.968 0.0000000000
84970  -53.219  -15.058  3.469 0.0000000000
84971  -54.603  -14.566  2.338 0.0000000000
84972  -53.846  -15.100  2.722 0.0000000000
84973  -54.119  -15.136  2.425 0.0000000000
84974  -53.642  -15.712  2.528 0.0000000000
84975  -54.455  -15.156  2.170 0.0000000000
84976  -54.822  -15.212  1.989 0.0000000000
85027  -50.447  -12.232  1.348 0.0000000000
85028  -51.344  -11.432  1.141 0.0000000000
85029  -50.759  -11.598  0.914 0.0000000000
85030  -50.837  -10.597  -0.240 0.0000000000
85031  -51.343  -10.304  0.066 0.0000000000
85032  -51.637  -9.673  -0.368 0.0000000000
85087  -31.334  -29.566  13.099 0.0000000000
85088  -32.134  -29.571  12.776 0.0000000000
85089  -31.576  -29.366  12.545 0.0000000000
85091  -32.060  -29.026  11.451 0.0000000000
85092  -32.341  -28.816  10.937 0.0000000000
85093  -33.199  -28.726  10.765 0.0000000000
85094  -32.604  -28.654  10.446 0.0000000000
85115  -32.619  -28.173  9.073 0.0000000000
85116  -33.183  -28.337  9.416 0.0000000000
85117  -33.474  -28.212  8.896 0.0000000000
85118  -34.338  -28.045  8.801 0.0000000000
85119  -33.781  -28.085  8.385 0.0000000000
85120  -33.840  -27.682  7.003 0.0000000000
85121  -34.439  -27.817  7.390 0.0000000000
85122  -34.746  -27.660  6.890 0.0000000000
85123  -35.612  -27.447  6.821 0.0000000000
85124  -35.030  -27.542  6.400 0.0000000000
85130  -35.105  -27.197  4.949 0.0000000000
85131  -35.710  -27.264  5.370 0.0000000000
85132  -36.033  -27.137  4.857 0.0000000000
85133  -36.988  -26.803  4.805 0.0000000000
85134  -36.370  -26.999  4.339 0.0000000000
85135  -36.402  -26.676  2.876 0.0000000000
85136  -37.042  -26.715  3.306 0.0000000000
85137  -37.405  -26.524  2.801 0.0000000000
85138  -38.353  -26.154  2.753 0.0000000000
85139  -37.757  -26.324  2.237 0.0000000000
85206  -38.441  -25.893  1.148 0.0000000000
85208  -39.711  -25.182  0.612 0.0000000000
92357  -33.483  -32.408  15.787 0.0000000000
92358  -33.671  -32.046  15.416 0.0000000000
92359  -33.123  -32.117  15.941 0.0000000000
92383  -33.439  -32.747  16.063 0.0000000000
93118  -41.153  -23.235  3.762 0.0000000000
93119  -41.843  -22.513  3.786 0.0000000000
93120  -41.532  -23.036  3.283 0.0000000000
93121  -41.903  -22.825  2.815 0.0000000000
93122  -42.275  -22.566  2.331 0.0000000000
93123  -42.660  -22.275  1.889 0.0000000000
93124  -41.987  -23.044  1.818 0.0000000000
93125  -41.724  -23.490  1.308 0.0000000000
93126  -41.400  -23.897  0.799 0.0000000000
94193  -41.692  -28.846  5.974 0.0000000000
94194  -42.132  -28.228  5.860 0.0000000000
94195  -41.601  -28.654  6.404 0.0000000000
94196  -41.571  -28.515  6.886 0.0000000000
94197  -41.585  -28.392  7.445 0.0000000000
94198  -36.377  -27.282  11.444 0.0000000000
94199  -37.159  -26.949  11.297 0.0000000000
94200  -36.637  -26.958  11.001 0.0000000000
94201  -36.883  -26.620  10.572 0.0000000000
94202  -37.159  -26.312  10.096 0.0000000000
94203  -37.415  -26.021  9.623 0.0000000000
94204  -36.697  -26.488  9.692 0.0000000000
94205  -36.308  -26.775  9.240 0.0000000000
94206  -35.957  -27.087  8.780 0.0000000000
94266  -39.239  -31.386  7.745 0.0000000000
94272  -41.141  -29.888  6.006 0.0000000000
94273  -41.379  -29.381  5.955 0.0000000000
96475  -48.020  -21.578  5.305 0.0000000000
96476  -48.537  -20.912  4.656 0.0000000000
96477  -48.538  -20.950  5.237 0.0000000000
96478  -49.047  -20.337  5.156 0.0000000000
96479  -49.534  -19.746  5.052 0.0000000000
96480  -51.582  -13.592  3.341 0.0000000000
96481  -52.219  -13.625  3.380 0.0000000000
96482  -52.481  -13.024  2.957 0.0000000000
96483  -53.333  -12.491  2.528 0.0000000000
96484  -54.172  -11.937  2.104 0.0000000000
96485  -54.975  -11.378  1.695 0.0000000000
96486  -54.414  -11.319  1.690 0.0000000000
96487  -54.651  -10.677  1.270 0.0000000000
96490  -54.360  -9.926  0.788 0.0000000000
96491  -53.777  -9.928  0.696 0.0000000000
96492  -53.192  -9.950  0.574 0.0000000000
98513  -37.562  -31.342  10.903 0.0000000000
98514  -38.014  -30.916  10.744 0.0000000000
98515  -37.486  -31.115  11.393 0.0000000000
98516  -37.385  -30.891  11.880 0.0000000000
98517  -37.212  -30.636  12.344 0.0000000000
98518  -34.489  -30.521  14.132 0.0000000000
98519  -35.199  -30.340  13.825 0.0000000000
98520  -34.742  -30.115  13.816 0.0000000000
98521  -35.006  -29.688  13.557 0.0000000000
98522  -35.234  -29.301  13.230 0.0000000000
98523  -35.444  -28.875  12.907 0.0000000000
98524  -34.714  -29.139  13.061 0.0000000000
98525  -34.243  -29.088  12.769 0.0000000000
98526  -33.766  -29.107  12.462 0.0000000000
98586  -35.288  -33.126  13.100 0.0000000000
98588  -35.745  -32.950  12.429 0.0000000000
98589  -36.201  -32.769  11.750 0.0000000000
98590  -36.672  -32.572  11.091 0.0000000000
98591  -37.164  -32.360  10.413 0.0000000000
98592  -36.943  -32.146  11.011 0.0000000000
98593  -37.214  -31.742  10.959 0.0000000000
100795  -45.244  -20.844  7.611 0.0000000000
100796  -46.136  -20.355  7.441 0.0000000000
100797  -45.474  -20.360  7.213 0.0000000000
100798  -45.699  -19.853  6.815 0.0000000000
100799  -45.929  -19.391  6.375 0.0000000000
100800  -44.793  -19.405  4.094 0.0000000000
100801  -45.268  -18.999  4.607 0.0000000000
100802  -45.539  -18.587  4.159 0.0000000000
100803  -46.295  -17.824  4.203 0.0000000000
100804  -47.073  -17.021  4.207 0.0000000000
100805  -47.908  -16.255  4.171 0.0000000000
100806  -47.348  -16.559  3.753 0.0000000000
100807  -47.612  -16.056  3.313 0.0000000000
100808  -47.939  -15.542  2.829 0.0000000000
100809  -48.222  -15.070  2.363 0.0000000000
100810  -47.489  -15.954  2.381 0.0000000000
100811  -47.089  -16.471  1.934 0.0000000000
100812  -46.755  -17.070  1.440 0.0000000000
100813  -44.177  -20.969  0.145 0.0000000000
100814  -44.862  -20.112  0.258 0.0000000000
100815  -44.539  -20.590  -0.278 0.0000000000
100816  -44.860  -20.214  -0.704 0.0000000000
100817  -45.198  -19.762  -1.100 0.0000000000
104026  -44.041  -26.017  5.669 0.0000000000
104027  -44.548  -25.524  5.142 0.0000000000
104028  -44.576  -25.478  5.681 0.0000000000
104029  -45.078  -24.894  5.668 0.0000000000
104030  -45.573  -24.324  5.649 0.0000000000
104031  -46.043  -23.816  5.583 0.0000000000
104032  -45.626  -24.342  6.195 0.0000000000
104033  -45.650  -24.409  6.742 0.0000000000
104034  -45.602  -24.403  7.296 0.0000000000
104035  -39.863  -29.074  10.451 0.0000000000
104036  -40.497  -28.768  9.853 0.0000000000
104037  -40.334  -28.560  10.352 0.0000000000
104038  -40.776  -28.090  10.318 0.0000000000
104039  -41.191  -27.594  10.237 0.0000000000
104040  -40.527  -25.813  10.600 0.0000000000
104041  -41.092  -26.040  10.539 0.0000000000
104042  -41.428  -25.553  10.337 0.0000000000
104043  -42.303  -25.309  10.014 0.0000000000
104044  -43.161  -25.065  9.694 0.0000000000
104045  -43.935  -24.781  9.313 0.0000000000
104046  -43.476  -24.524  9.565 0.0000000000
104047  -43.777  -23.981  9.436 0.0000000000
104048  -44.020  -23.458  9.193 0.0000000000
104049  -44.273  -22.936  8.918 0.0000000000
104050  -43.420  -23.259  9.183 0.0000000000
104051  -42.814  -23.150  8.931 0.0000000000
104052  -42.155  -23.161  8.562 0.0000000000
104053  -38.557  -24.958  7.702 0.0000000000
104054  -39.283  -24.441  7.646 0.0000000000
104055  -38.860  -24.734  7.203 0.0000000000
104056  -39.175  -24.475  6.702 0.0000000000
104057  -39.502  -24.241  6.187 0.0000000000
104058  -39.832  -24.020  5.713 0.0000000000
104059  -39.156  -24.662  5.748 0.0000000000
104060  -38.879  -25.138  5.263 0.0000000000
104061  -38.593  -25.599  4.782 0.0000000000
110871  -51.334  -18.628  2.337 0.0000000000
110872  -51.680  -18.747  2.114 0.0000000000
110873  -52.275  -18.152  2.109 0.0000000000
110880  -49.657  -18.410  5.998 0.0000000000
110881  -50.068  -18.497  5.653 0.0000000000
110882  -50.437  -17.882  5.452 0.0000000000
110883  -51.099  -17.359  4.905 0.0000000000
110884  -51.730  -16.795  4.333 0.0000000000
110885  -54.266  -13.924  2.736 0.0000000000
110886  -53.907  -14.531  2.939 0.0000000000
110887  -54.660  -13.966  2.475 0.0000000000
110888  -55.043  -14.001  2.234 0.0000000000
110889  -55.404  -14.057  2.005 0.0000000000
110920  -49.490  -12.876  0.640 0.0000000000
110921  -50.251  -11.841  0.595 0.0000000000
110922  -49.842  -12.231  0.229 0.0000000000
110923  -50.117  -11.588  -0.170 0.0000000000
110924  -50.422  -10.986  -0.581 0.0000000000
110975  -33.229  -27.967  8.014 0.0000000000
110984  -35.689  -26.976  3.899 0.0000000000
115661  -35.482  -32.068  13.445 0.0000000000
115662  -35.806  -31.639  13.262 0.0000000000
115663  -35.263  -31.752  13.842 0.0000000000
115664  -34.983  -31.454  14.145 0.0000000000
115665  -34.647  -31.168  14.353 0.0000000000
115666  -33.862  -31.682  15.055 0.0000000000
115667  -34.035  -31.318  14.740 0.0000000000
115668  -34.249  -30.913  14.454 0.0000000000
115669  -33.802  -30.711  14.418 0.0000000000
115670  -33.353  -30.542  14.317 0.0000000000
115671  -32.895  -30.391  14.155 0.0000000000
115719  -34.090  -33.422  15.310 0.0000000000
115720  -34.467  -33.371  14.580 0.0000000000
115721  -34.879  -33.263  13.828 0.0000000000
115722  -35.058  -32.840  13.655 0.0000000000
115723  -35.252  -32.454  13.550 0.0000000000
117436  -42.823  -21.527  5.833 0.0000000000
117437  -43.666  -20.877  5.920 0.0000000000
117438  -43.116  -21.202  5.411 0.0000000000
117439  -43.402  -20.873  4.949 0.0000000000
117440  -43.706  -20.562  4.485 0.0000000000
117441  -42.533  -21.776  3.881 0.0000000000
117442  -43.239  -21.030  3.950 0.0000000000
117443  -44.019  -20.259  4.004 0.0000000000
117444  -44.368  -19.884  3.557 0.0000000000
117445  -44.735  -19.516  3.119 0.0000000000
117446  -45.054  -19.183  2.680 0.0000000000
117447  -45.377  -18.862  2.240 0.0000000000
117448  -44.697  -19.759  2.142 0.0000000000
117449  -44.388  -20.315  1.610 0.0000000000
117450  -44.125  -20.829  1.090 0.0000000000
117451  -43.047  -21.999  1.441 0.0000000000
117452  -43.421  -21.690  1.006 0.0000000000
117453  -43.804  -21.344  0.577 0.0000000000
117454  -43.483  -21.800  0.039 0.0000000000
117455  -43.135  -22.202  -0.510 0.0000000000
119947  -43.913  -27.007  4.487 0.0000000000
119948  -43.742  -26.809  4.818 0.0000000000
119949  -43.623  -26.663  5.209 0.0000000000
119950  -42.624  -27.668  5.779 0.0000000000
119951  -43.092  -27.110  5.726 0.0000000000
119952  -43.542  -26.554  5.668 0.0000000000
119953  -43.572  -26.504  6.240 0.0000000000
119954  -43.645  -26.455  6.830 0.0000000000
119955  -43.733  -26.394  7.448 0.0000000000
119956  -38.543  -28.039  11.914 0.0000000000
119957  -39.334  -27.824  11.527 0.0000000000
119958  -38.839  -27.545  11.648 0.0000000000
119959  -39.160  -27.054  11.408 0.0000000000
119960  -39.426  -26.548  11.113 0.0000000000
119961  -37.984  -26.647  11.155 0.0000000000
119962  -38.818  -26.337  11.038 0.0000000000
119963  -39.677  -26.073  10.825 0.0000000000
119964  -39.949  -25.620  10.527 0.0000000000
119965  -40.211  -25.206  10.146 0.0000000000
119966  -40.537  -24.751  9.766 0.0000000000
119967  -40.835  -24.339  9.394 0.0000000000
119968  -39.901  -24.761  9.467 0.0000000000
119969  -39.269  -24.850  9.110 0.0000000000
119970  -38.753  -24.960  8.643 0.0000000000
119971  -37.679  -25.706  9.166 0.0000000000
119972  -38.005  -25.456  8.687 0.0000000000
119973  -38.308  -25.202  8.210 0.0000000000
119974  -37.899  -25.526  7.761 0.0000000000
119975  -37.544  -25.907  7.303 0.0000000000
119976  -37.252  -26.338  6.818 0.0000000000
125269  -48.229  -21.579  3.218 0.0000000000
125270  -49.013  -21.094  2.738 0.0000000000
125271  -48.775  -20.984  3.099 0.0000000000
125272  -49.321  -20.357  2.972 0.0000000000
125273  -49.897  -19.759  2.886 0.0000000000
125274  -49.095  -20.256  3.998 0.0000000000
125275  -49.713  -19.678  3.359 0.0000000000
125276  -50.474  -19.160  2.823 0.0000000000
125277  -51.026  -18.561  2.745 0.0000000000
125278  -51.648  -17.956  2.693 0.0000000000
125279  -52.200  -17.373  2.675 0.0000000000
125280  -50.697  -15.968  4.959 0.0000000000
125281  -51.333  -16.057  4.820 0.0000000000
125282  -51.546  -15.429  4.515 0.0000000000
125283  -52.354  -14.894  4.039 0.0000000000
125284  -53.121  -14.389  3.494 0.0000000000
125285  -52.820  -13.690  3.338 0.0000000000
125286  -53.408  -13.761  3.198 0.0000000000
125287  -53.859  -13.864  2.996 0.0000000000
125288  -54.632  -13.312  2.551 0.0000000000
125289  -55.437  -12.769  2.136 0.0000000000
125311  -48.291  -15.067  -1.049 0.0000000000
125312  -48.901  -13.837  -1.005 0.0000000000
129893  -39.620  -30.270  8.301 0.0000000000
129894  -40.068  -29.773  8.195 0.0000000000
129895  -39.546  -30.113  8.837 0.0000000000
129896  -39.510  -29.957  9.405 0.0000000000
129897  -39.477  -29.782  9.968 0.0000000000
129898  -38.464  -30.479  10.631 0.0000000000
129899  -38.924  -30.048  10.571 0.0000000000
129900  -39.400  -29.573  10.520 0.0000000000
129901  -39.235  -29.346  11.011 0.0000000000
129902  -38.997  -29.100  11.468 0.0000000000
129903  -38.692  -28.827  11.872 0.0000000000
129904  -36.186  -31.206  13.105 0.0000000000
129905  -36.577  -30.794  12.948 0.0000000000
129906  -36.951  -30.371  12.760 0.0000000000
129907  -35.922  -30.212  13.463 0.0000000000
129908  -36.619  -30.089  13.095 0.0000000000
129909  -37.278  -29.932  12.656 0.0000000000
129910  -37.616  -29.474  12.508 0.0000000000
129911  -37.951  -29.009  12.321 0.0000000000
129912  -38.258  -28.517  12.151 0.0000000000
129913  -37.756  -28.231  12.242 0.0000000000
129914  -37.218  -27.972  12.220 0.0000000000
129915  -36.676  -27.741  12.087 0.0000000000
129916  -35.671  -28.453  12.571 0.0000000000
129917  -35.921  -28.051  12.217 0.0000000000
129918  -36.155  -27.649  11.843 0.0000000000
129919  -35.675  -27.672  11.535 0.0000000000
129920  -35.228  -27.780  11.172 0.0000000000
129921  -34.805  -27.963  10.749 0.0000000000
130059  -37.683  -32.134  9.697 0.0000000000
130060  -38.197  -31.889  8.984 0.0000000000
130061  -38.707  -31.641  8.339 0.0000000000
130062  -38.956  -31.181  8.278 0.0000000000
130063  -39.274  -30.732  8.286 0.0000000000
134710  -47.519  -21.401  7.376 0.0000000000
134711  -48.253  -20.893  6.815 0.0000000000
134712  -47.886  -20.764  7.167 0.0000000000
134713  -48.221  -20.150  6.993 0.0000000000
134714  -48.534  -19.525  6.757 0.0000000000
134715  -47.009  -19.876  7.229 0.0000000000
134716  -47.953  -19.372  6.938 0.0000000000
134717  -48.820  -18.903  6.497 0.0000000000
134718  -49.090  -18.332  6.274 0.0000000000
134719  -49.340  -17.733  5.948 0.0000000000
134720  -49.568  -17.133  5.651 0.0000000000
134721  -44.484  -20.229  5.967 0.0000000000
134722  -45.282  -19.582  5.998 0.0000000000
134723  -46.159  -18.932  5.955 0.0000000000
134724  -45.793  -18.674  5.095 0.0000000000
134725  -46.397  -18.415  5.537 0.0000000000
134726  -47.015  -18.284  5.902 0.0000000000
134727  -47.920  -17.671  5.808 0.0000000000
134728  -48.863  -17.105  5.591 0.0000000000
134729  -49.806  -16.526  5.336 0.0000000000
134730  -50.008  -15.918  4.942 0.0000000000
134731  -50.206  -15.311  4.590 0.0000000000
134732  -50.415  -14.766  4.159 0.0000000000
134733  -48.767  -15.547  4.099 0.0000000000
134734  -49.682  -14.850  3.962 0.0000000000
134735  -50.641  -14.212  3.700 0.0000000000
134736  -50.907  -13.618  3.243 0.0000000000
134737  -51.200  -13.050  2.769 0.0000000000
134738  -51.439  -12.491  2.320 0.0000000000
134739  -51.682  -11.938  1.835 0.0000000000
134740  -50.756  -12.635  2.081 0.0000000000
134741  -50.153  -12.827  1.791 0.0000000000
134742  -49.613  -13.099  1.455 0.0000000000
134743  -48.499  -14.569  1.928 0.0000000000
134744  -48.821  -14.066  1.492 0.0000000000
134745  -49.124  -13.489  1.064 0.0000000000
134746  -48.757  -13.955  0.668 0.0000000000
134747  -48.462  -14.464  0.242 0.0000000000
134748  -48.211  -15.015  -0.207 0.0000000000
134749  -45.730  -18.494  1.821 0.0000000000
134750  -46.094  -18.091  1.386 0.0000000000
134751  -46.480  -17.644  0.951 0.0000000000
134752  -45.539  -19.193  0.365 0.0000000000
134753  -46.214  -18.222  0.460 0.0000000000
134754  -46.859  -17.208  0.555 0.0000000000
134755  -47.208  -16.730  0.155 0.0000000000
134756  -47.575  -16.210  -0.250 0.0000000000
134757  -47.933  -15.677  -0.646 0.0000000000
134758  -47.679  -16.240  -1.154 0.0000000000
141399  -47.973  -22.320  3.023 0.0000000000
141401  -45.424  -25.338  3.943 0.0000000000
141402  -45.928  -24.686  3.853 0.0000000000
141403  -45.120  -25.040  4.661 0.0000000000
141404  -45.718  -24.552  4.182 0.0000000000
141405  -46.364  -24.053  3.735 0.0000000000
141406  -46.789  -23.399  3.593 0.0000000000
141407  -47.266  -22.801  3.465 0.0000000000
141408  -47.742  -22.182  3.331 0.0000000000
141409  -47.579  -22.106  3.752 0.0000000000
141410  -47.486  -22.091  4.251 0.0000000000
141411  -47.488  -22.118  4.797 0.0000000000
141412  -46.547  -23.276  5.483 0.0000000000
141413  -47.037  -22.724  5.407 0.0000000000
141414  -47.534  -22.160  5.345 0.0000000000
141415  -47.554  -22.174  5.915 0.0000000000
141416  -47.528  -22.156  6.488 0.0000000000
141417  -47.446  -22.083  7.033 0.0000000000
141418  -40.547  -29.280  8.124 0.0000000000
141419  -41.041  -28.792  8.073 0.0000000000
141420  -41.589  -28.282  8.063 0.0000000000
141421  -41.050  -28.471  9.260 0.0000000000
141422  -41.585  -28.165  8.682 0.0000000000
141423  -42.128  -27.800  8.049 0.0000000000
141424  -42.674  -27.303  8.028 0.0000000000
141425  -43.230  -26.775  8.011 0.0000000000
141426  -43.767  -26.291  8.047 0.0000000000
141427  -40.134  -27.591  11.061 0.0000000000
141428  -40.892  -27.353  10.630 0.0000000000
141429  -41.608  -27.083  10.153 0.0000000000
141430  -41.608  -26.303  10.356 0.0000000000
141431  -42.006  -26.581  10.054 0.0000000000
141432  -42.319  -26.818  9.641 0.0000000000
141433  -43.030  -26.546  9.138 0.0000000000
141434  -43.665  -26.192  8.602 0.0000000000
141435  -44.225  -25.808  8.025 0.0000000000
141436  -44.657  -25.339  7.977 0.0000000000
141437  -45.102  -24.870  7.954 0.0000000000
141438  -45.502  -24.321  7.833 0.0000000000
141439  -44.661  -24.479  8.837 0.0000000000
141440  -45.349  -24.161  8.320 0.0000000000
141441  -45.934  -23.746  7.749 0.0000000000
141442  -46.396  -23.143  7.689 0.0000000000
141443  -46.746  -22.552  7.593 0.0000000000
141444  -47.125  -21.982  7.510 0.0000000000
141445  -46.701  -21.829  7.838 0.0000000000
141446  -46.195  -21.638  8.033 0.0000000000
141447  -45.654  -21.439  8.106 0.0000000000
141448  -44.537  -22.394  8.658 0.0000000000
141449  -44.765  -21.889  8.289 0.0000000000
141450  -45.011  -21.366  7.950 0.0000000000
141451  -44.350  -21.373  7.683 0.0000000000
141452  -43.714  -21.451  7.298 0.0000000000
141453  -43.110  -21.606  6.789 0.0000000000
141454  -41.050  -23.988  8.980 0.0000000000
141455  -41.282  -23.601  8.561 0.0000000000
141456  -41.492  -23.259  8.108 0.0000000000
141457  -40.071  -23.939  7.614 0.0000000000
141458  -40.902  -23.412  7.619 0.0000000000
141459  -41.740  -22.904  7.648 0.0000000000
141460  -42.013  -22.503  7.194 0.0000000000
141461  -42.264  -22.194  6.736 0.0000000000
141462  -42.526  -21.869  6.289 0.0000000000
141463  -42.007  -22.175  5.772 0.0000000000
141464  -41.533  -22.538  5.245 0.0000000000
141465  -41.123  -22.950  4.731 0.0000000000
141466  -40.153  -23.794  5.201 0.0000000000
141467  -40.484  -23.622  4.718 0.0000000000
141468  -40.809  -23.426  4.253 0.0000000000
141469  -40.516  -23.931  3.761 0.0000000000
141470  -40.230  -24.445  3.264 0.0000000000
141471  -39.915  -24.962  2.757 0.0000000000
155201  -48.890  -20.346  6.218 0.0000000000
155202  -49.507  -19.756  5.592 0.0000000000
155203  -50.048  -19.133  4.900 0.0000000000
155204  -50.335  -18.563  5.253 0.0000000000
155205  -50.506  -18.566  4.786 0.0000000000
155206  -50.622  -18.525  4.256 0.0000000000
155207  -51.258  -17.924  3.635 0.0000000000
155208  -51.938  -17.348  3.073 0.0000000000
155209  -52.696  -16.791  2.595 0.0000000000
155210  -51.814  -16.116  4.495 0.0000000000
155211  -52.129  -16.174  4.144 0.0000000000
155212  -52.408  -16.194  3.735 0.0000000000
155213  -53.544  -15.099  3.111 0.0000000000
155214  -53.114  -15.631  3.166 0.0000000000
155215  -52.681  -16.192  3.305 0.0000000000
155216  -52.859  -16.276  2.931 0.0000000000
155217  -53.172  -16.266  2.570 0.0000000000
155218  -53.528  -16.282  2.275 0.0000000000
155219  -54.361  -15.783  2.036 0.0000000000
155282  -51.984  -11.321  1.335 0.0000000000
155283  -52.296  -10.660  0.876 0.0000000000
155284  -52.565  -10.028  0.443 0.0000000000
155285  -51.054  -10.981  0.480 0.0000000000
155286  -51.929  -10.151  0.281 0.0000000000
155287  -52.846  -9.342  0.007 0.0000000000
155291  -49.511  -12.623  -1.011 0.0000000000
155292  -50.092  -11.442  -0.965 0.0000000000
155293  -50.723  -10.277  -0.964 0.0000000000
155344  -32.286  -30.257  13.988 0.0000000000
155352  -31.713  -30.042  13.808 0.0000000000
155353  -32.507  -29.959  13.512 0.0000000000
155354  -32.731  -29.684  13.030 0.0000000000
155355  -32.969  -29.431  12.567 0.0000000000
155356  -33.176  -29.173  12.120 0.0000000000
155357  -31.830  -29.185  11.987 0.0000000000
155358  -32.592  -29.155  11.734 0.0000000000
155359  -33.453  -28.915  11.663 0.0000000000
155360  -33.767  -28.666  11.224 0.0000000000
155361  -34.041  -28.416  10.739 0.0000000000
155362  -34.301  -28.205  10.245 0.0000000000
155386  -32.054  -28.430  10.160 0.0000000000
155387  -32.869  -28.511  9.916 0.0000000000
155388  -33.764  -28.343  9.799 0.0000000000
155389  -34.576  -28.015  9.751 0.0000000000
155390  -34.861  -27.841  9.265 0.0000000000
155391  -35.181  -27.669  8.788 0.0000000000
155392  -35.494  -27.466  8.299 0.0000000000
155393  -34.109  -27.934  7.889 0.0000000000
155394  -35.002  -27.721  7.824 0.0000000000
155395  -35.816  -27.297  7.817 0.0000000000
155396  -36.139  -27.160  7.338 0.0000000000
155397  -36.465  -26.957  6.828 0.0000000000
155398  -36.810  -26.791  6.334 0.0000000000
155404  -34.433  -27.433  6.000 0.0000000000
155405  -35.359  -27.431  5.886 0.0000000000
155406  -36.278  -27.126  5.836 0.0000000000
155407  -37.159  -26.623  5.824 0.0000000000
155408  -37.496  -26.437  5.308 0.0000000000
155409  -37.844  -26.286  4.785 0.0000000000
155410  -38.174  -26.104  4.285 0.0000000000
155411  -36.694  -26.831  3.818 0.0000000000
155412  -37.668  -26.498  3.772 0.0000000000
155413  -38.545  -25.919  3.774 0.0000000000
155414  -38.882  -25.753  3.254 0.0000000000
155415  -39.183  -25.579  2.735 0.0000000000
155416  -39.532  -25.391  2.190 0.0000000000
155494  -37.120  -26.299  1.779 0.0000000000
155495  -38.100  -26.137  1.688 0.0000000000
155496  -39.021  -25.742  1.664 0.0000000000
155497  -39.882  -25.152  1.672 0.0000000000
155498  -40.229  -24.882  1.161 0.0000000000
155499  -40.590  -24.621  0.661 0.0000000000
155500  -40.940  -24.303  0.211 0.0000000000
