#!ascii label  , from subject studyTemplate vox2ras=TkReg
667
37  -28.036  5.354  -33.733 0.0000000000
333  -35.035  13.085  -34.490 0.0000000000
334  -38.852  14.478  -36.826 0.0000000000
335  -30.802  8.250  -39.163 0.0000000000
813  -30.439  10.035  -34.894 0.0000000000
814  -30.279  15.034  -38.533 0.0000000000
815  -26.369  9.509  -38.375 0.0000000000
1753  -35.813  18.371  -36.935 0.0000000000
1754  -34.576  12.567  -39.643 0.0000000000
1977  -34.523  6.705  -31.107 0.0000000000
2733  -28.770  7.944  -34.324 0.0000000000
2734  -27.557  10.797  -36.433 0.0000000000
2735  -26.657  7.916  -36.212 0.0000000000
2736  -26.096  6.899  -37.882 0.0000000000
2737  -26.753  5.189  -35.436 0.0000000000
3880  -34.996  16.620  -35.764 0.0000000000
3881  -29.958  12.458  -39.365 0.0000000000
3882  -32.262  14.767  -39.655 0.0000000000
3883  -32.592  10.693  -39.431 0.0000000000
3884  -34.796  8.228  -39.390 0.0000000000
3885  -33.193  6.080  -39.471 0.0000000000
3887  -31.505  5.044  -40.432 0.0000000000
6071  -32.664  11.697  -35.182 0.0000000000
6072  -32.303  15.186  -36.714 0.0000000000
6073  -29.669  13.355  -36.645 0.0000000000
6074  -27.840  12.655  -38.564 0.0000000000
6075  -28.162  9.826  -39.402 0.0000000000
6076  -29.069  6.834  -40.078 0.0000000000
6077  -26.870  7.633  -39.858 0.0000000000
6078  -26.325  5.419  -39.539 0.0000000000
7929  -37.355  17.178  -37.346 0.0000000000
7930  -32.986  17.070  -38.356 0.0000000000
7931  -34.809  16.361  -39.278 0.0000000000
7932  -36.672  13.779  -38.762 0.0000000000
7933  -36.568  9.953  -38.706 0.0000000000
8521  -34.857  9.878  -33.066 0.0000000000
8522  -32.882  8.447  -33.489 0.0000000000
8523  -30.958  6.820  -32.971 0.0000000000
8524  -29.535  4.855  -32.111 0.0000000000
10413  -28.331  6.717  -34.077 0.0000000000
10414  -27.564  8.127  -35.204 0.0000000000
10415  -27.294  6.784  -35.079 0.0000000000
10416  -26.625  6.569  -35.915 0.0000000000
10417  -27.335  5.321  -34.578 0.0000000000
11558  -36.116  13.661  -33.672 0.0000000000
11559  -36.145  15.504  -34.300 0.0000000000
11560  -34.944  14.937  -35.232 0.0000000000
11561  -30.368  10.467  -39.211 0.0000000000
11562  -31.338  11.711  -39.379 0.0000000000
11563  -31.736  9.458  -39.214 0.0000000000
11564  -32.904  8.313  -39.331 0.0000000000
11565  -32.068  7.200  -39.245 0.0000000000
11566  -32.381  5.418  -39.807 0.0000000000
11567  -31.165  6.485  -39.555 0.0000000000
13201  -39.111  15.977  -35.636 0.0000000000
13958  -31.499  10.894  -35.135 0.0000000000
13959  -31.115  12.720  -35.957 0.0000000000
13960  -29.919  11.811  -35.740 0.0000000000
13961  -26.665  10.339  -37.394 0.0000000000
13962  -27.417  11.921  -37.493 0.0000000000
13963  -26.971  11.041  -38.452 0.0000000000
13964  -27.782  11.423  -39.180 0.0000000000
13965  -27.053  9.888  -39.209 0.0000000000
13966  -27.438  8.638  -39.667 0.0000000000
13967  -26.506  8.649  -39.188 0.0000000000
13968  -26.060  5.687  -37.500 0.0000000000
13969  -26.134  6.244  -38.706 0.0000000000
17396  -36.555  18.447  -35.235 0.0000000000
17398  -37.226  18.879  -35.690 0.0000000000
17399  -37.931  18.489  -35.888 0.0000000000
17400  -36.639  18.120  -37.249 0.0000000000
17401  -31.095  15.501  -37.676 0.0000000000
17402  -32.447  16.450  -37.592 0.0000000000
17403  -31.600  16.091  -38.566 0.0000000000
17404  -33.408  13.809  -39.748 0.0000000000
17405  -33.490  15.623  -39.637 0.0000000000
17406  -34.609  14.581  -39.642 0.0000000000
17407  -35.766  15.151  -39.129 0.0000000000
17408  -35.578  13.251  -39.373 0.0000000000
17409  -36.494  12.005  -38.818 0.0000000000
17410  -35.585  11.381  -39.246 0.0000000000
17423  -28.243  6.226  -40.876 0.0000000000
17424  -29.513  5.639  -41.072 0.0000000000
18778  -35.365  7.327  -30.759 0.0000000000
18779  -35.669  8.859  -31.637 0.0000000000
18780  -34.780  8.235  -32.138 0.0000000000
18781  -33.895  9.190  -33.383 0.0000000000
18782  -33.849  7.550  -32.406 0.0000000000
18784  -31.956  6.112  -32.184 0.0000000000
18785  -31.078  5.326  -31.761 0.0000000000
18786  -30.185  5.901  -32.573 0.0000000000
18787  -30.342  4.399  -31.262 0.0000000000
23351  -29.512  9.027  -34.627 0.0000000000
23352  -28.882  10.719  -35.576 0.0000000000
23353  -28.094  9.466  -35.380 0.0000000000
23354  -26.987  9.277  -36.301 0.0000000000
23355  -26.297  8.822  -37.331 0.0000000000
23356  -26.129  8.187  -38.188 0.0000000000
23357  -26.213  7.464  -37.082 0.0000000000
23358  -26.237  6.186  -36.721 0.0000000000
23359  -26.333  4.860  -36.218 0.0000000000
25415  -36.213  17.294  -34.764 0.0000000000
25416  -35.271  17.886  -36.311 0.0000000000
25417  -29.915  14.020  -39.103 0.0000000000
25418  -31.129  15.145  -39.254 0.0000000000
25419  -31.098  13.728  -39.458 0.0000000000
25420  -32.353  12.887  -39.581 0.0000000000
25421  -33.554  11.689  -39.649 0.0000000000
25422  -34.605  10.521  -39.536 0.0000000000
25423  -33.747  9.418  -39.472 0.0000000000
25424  -33.986  7.193  -39.381 0.0000000000
25425  -34.413  5.076  -39.754 0.0000000000
25427  -33.583  4.496  -40.169 0.0000000000
26245  -33.607  6.097  -31.268 0.0000000000
29525  -33.850  12.422  -35.006 0.0000000000
29526  -33.631  14.281  -35.787 0.0000000000
29527  -32.342  13.555  -35.993 0.0000000000
29528  -30.949  14.324  -36.765 0.0000000000
29529  -29.766  14.514  -37.628 0.0000000000
29530  -28.498  12.202  -36.520 0.0000000000
29531  -28.476  13.371  -37.576 0.0000000000
29532  -29.007  13.945  -38.470 0.0000000000
29533  -28.753  12.833  -39.124 0.0000000000
29534  -28.955  11.174  -39.266 0.0000000000
29535  -29.503  9.218  -39.203 0.0000000000
29536  -29.910  7.448  -39.471 0.0000000000
29537  -28.612  8.346  -39.598 0.0000000000
29538  -27.834  7.407  -40.084 0.0000000000
29539  -27.227  6.547  -40.444 0.0000000000
29540  -26.238  7.402  -39.008 0.0000000000
29541  -26.504  6.519  -39.840 0.0000000000
29542  -26.873  5.570  -40.641 0.0000000000
34136  -38.584  17.410  -35.893 0.0000000000
34137  -38.075  15.947  -37.178 0.0000000000
34138  -33.630  15.969  -36.467 0.0000000000
34139  -33.813  17.241  -37.134 0.0000000000
34140  -34.391  17.791  -37.872 0.0000000000
34141  -32.443  16.177  -39.334 0.0000000000
34142  -33.811  16.997  -39.026 0.0000000000
34143  -35.254  17.649  -38.361 0.0000000000
34144  -36.125  16.895  -38.500 0.0000000000
34145  -36.944  15.639  -38.350 0.0000000000
34146  -37.801  14.293  -38.044 0.0000000000
34147  -37.532  12.423  -38.230 0.0000000000
34148  -37.443  10.443  -38.161 0.0000000000
34150  -35.713  9.262  -39.111 0.0000000000
34166  -30.333  5.989  -40.237 0.0000000000
34167  -30.662  4.805  -41.363 0.0000000000
35824  -36.009  12.036  -33.167 0.0000000000
35832  -35.835  10.469  -32.509 0.0000000000
35833  -34.965  11.432  -33.862 0.0000000000
35834  -33.861  10.809  -34.278 0.0000000000
35835  -32.816  10.059  -34.433 0.0000000000
35836  -31.715  9.240  -34.326 0.0000000000
35837  -32.858  6.877  -32.401 0.0000000000
35838  -31.875  7.642  -33.322 0.0000000000
35839  -30.736  8.405  -34.046 0.0000000000
35840  -29.887  7.455  -33.659 0.0000000000
35841  -29.247  6.390  -33.330 0.0000000000
35842  -28.766  5.188  -32.891 0.0000000000
39826  -29.108  3.659  -31.311 0.0000000000
39827  -28.475  3.826  -32.200 0.0000000000
39907  -27.853  2.625  -31.261 0.0000000000
39908  -27.771  3.872  -33.193 0.0000000000
39909  -27.187  3.791  -34.008 0.0000000000
41133  -28.193  6.028  -33.935 0.0000000000
41134  -27.808  6.788  -34.566 0.0000000000
41135  -27.704  6.072  -34.440 0.0000000000
41136  -27.275  6.076  -34.895 0.0000000000
41137  -27.673  5.340  -34.155 0.0000000000
42278  -35.591  13.372  -34.099 0.0000000000
42279  -35.543  14.330  -34.523 0.0000000000
42280  -34.977  13.988  -34.846 0.0000000000
42281  -30.590  9.360  -39.147 0.0000000000
42282  -31.050  9.987  -39.196 0.0000000000
42283  -31.264  8.848  -39.157 0.0000000000
42284  -31.929  8.314  -39.199 0.0000000000
42285  -31.450  7.726  -39.213 0.0000000000
42286  -31.601  6.781  -39.355 0.0000000000
42287  -30.983  7.329  -39.275 0.0000000000
43921  -38.941  15.201  -36.277 0.0000000000
43922  -39.426  15.152  -35.546 0.0000000000
43923  -39.337  14.503  -36.121 0.0000000000
44678  -30.974  10.448  -35.011 0.0000000000
44679  -30.698  11.370  -35.443 0.0000000000
44680  -30.181  10.880  -35.315 0.0000000000
44681  -26.436  9.969  -37.885 0.0000000000
44682  -26.753  10.738  -37.929 0.0000000000
44683  -26.634  10.257  -38.440 0.0000000000
44684  -26.953  10.503  -38.871 0.0000000000
44685  -26.643  9.746  -38.877 0.0000000000
44686  -26.729  9.245  -39.192 0.0000000000
44687  -26.406  9.098  -38.806 0.0000000000
44688  -26.076  5.081  -37.263 0.0000000000
44689  -26.064  5.397  -37.864 0.0000000000
48116  -36.164  18.483  -36.093 0.0000000000
48117  -36.827  18.751  -35.511 0.0000000000
48118  -36.539  18.631  -36.378 0.0000000000
48119  -36.928  18.539  -36.490 0.0000000000
48120  -36.243  18.321  -37.160 0.0000000000
48121  -30.628  15.357  -38.134 0.0000000000
48122  -31.300  15.841  -38.134 0.0000000000
48123  -30.947  15.551  -38.582 0.0000000000
48124  -33.994  13.201  -39.757 0.0000000000
48125  -33.981  14.241  -39.770 0.0000000000
48126  -34.579  13.548  -39.691 0.0000000000
48127  -35.091  13.873  -39.523 0.0000000000
48128  -35.077  12.933  -39.575 0.0000000000
48129  -35.555  12.275  -39.367 0.0000000000
48130  -35.087  11.962  -39.527 0.0000000000
48143  -27.933  5.867  -41.152 0.0000000000
48144  -28.465  5.696  -41.316 0.0000000000
49498  -34.964  7.027  -30.951 0.0000000000
49499  -35.096  7.760  -31.441 0.0000000000
49500  -34.675  7.435  -31.642 0.0000000000
49501  -34.300  7.890  -32.294 0.0000000000
49502  -34.215  7.109  -31.763 0.0000000000
49504  -31.510  4.963  -31.282 0.0000000000
49505  -31.097  4.587  -31.081 0.0000000000
49506  -30.703  4.867  -31.525 0.0000000000
54278  -29.108  8.521  -34.464 0.0000000000
54279  -28.756  9.325  -34.957 0.0000000000
54280  -28.418  8.722  -34.862 0.0000000000
54281  -27.060  8.068  -35.691 0.0000000000
54282  -27.268  8.729  -35.740 0.0000000000
54283  -26.796  8.590  -36.226 0.0000000000
54284  -26.571  9.073  -36.812 0.0000000000
54285  -26.458  8.377  -36.724 0.0000000000
54286  -26.255  8.143  -37.166 0.0000000000
54287  -26.386  7.715  -36.667 0.0000000000
54288  -26.704  5.866  -35.679 0.0000000000
54289  -26.406  6.394  -36.324 0.0000000000
54290  -26.455  5.741  -36.085 0.0000000000
54291  -26.285  5.570  -36.452 0.0000000000
54292  -26.522  5.033  -35.835 0.0000000000
57716  -35.593  16.107  -35.055 0.0000000000
57717  -36.146  16.441  -34.543 0.0000000000
57718  -35.635  16.947  -35.274 0.0000000000
57719  -35.747  17.706  -35.543 0.0000000000
57720  -35.099  17.325  -36.018 0.0000000000
57721  -29.895  13.290  -39.247 0.0000000000
57722  -30.490  13.907  -39.339 0.0000000000
57723  -30.532  13.063  -39.360 0.0000000000
57724  -31.937  11.257  -39.391 0.0000000000
57725  -31.816  12.328  -39.463 0.0000000000
57726  -32.471  11.844  -39.516 0.0000000000
57727  -32.956  12.276  -39.610 0.0000000000
57728  -33.078  11.170  -39.529 0.0000000000
57729  -33.663  10.586  -39.567 0.0000000000
57730  -33.204  10.031  -39.453 0.0000000000
57731  -33.040  7.193  -39.344 0.0000000000
57732  -33.440  7.752  -39.327 0.0000000000
57733  -33.595  6.650  -39.402 0.0000000000
57734  -34.166  6.086  -39.474 0.0000000000
57735  -33.782  5.579  -39.599 0.0000000000
57736  -33.982  4.726  -39.920 0.0000000000
57737  -33.360  5.265  -39.770 0.0000000000
57738  -31.893  5.221  -40.101 0.0000000000
57739  -32.590  4.708  -40.233 0.0000000000
57740  -32.074  4.554  -40.575 0.0000000000
64913  -33.217  12.096  -35.143 0.0000000000
64914  -33.102  13.023  -35.549 0.0000000000
64915  -32.480  12.640  -35.584 0.0000000000
64916  -30.379  13.103  -36.269 0.0000000000
64917  -31.009  13.560  -36.345 0.0000000000
64918  -30.272  13.883  -36.707 0.0000000000
64919  -30.313  14.509  -37.194 0.0000000000
64920  -29.670  14.031  -37.143 0.0000000000
64921  -28.179  10.845  -35.971 0.0000000000
64922  -28.675  11.501  -36.044 0.0000000000
64923  -27.990  11.530  -36.463 0.0000000000
64924  -27.562  12.360  -38.044 0.0000000000
64925  -27.884  12.691  -37.558 0.0000000000
64926  -28.062  13.113  -38.073 0.0000000000
64927  -28.710  13.726  -38.079 0.0000000000
64928  -28.409  13.346  -38.540 0.0000000000
64929  -28.802  13.450  -38.843 0.0000000000
64930  -28.248  12.856  -38.921 0.0000000000
64931  -27.943  10.668  -39.338 0.0000000000
64932  -28.355  11.434  -39.317 0.0000000000
64933  -28.545  10.568  -39.322 0.0000000000
64934  -29.206  10.231  -39.236 0.0000000000
64935  -28.789  9.613  -39.326 0.0000000000
64936  -29.035  8.789  -39.353 0.0000000000
64937  -28.390  9.080  -39.473 0.0000000000
64938  -27.117  8.194  -39.774 0.0000000000
64939  -27.644  8.042  -39.828 0.0000000000
64940  -27.297  7.588  -39.968 0.0000000000
64941  -27.519  6.973  -40.290 0.0000000000
64942  -27.052  7.097  -40.143 0.0000000000
64943  -26.109  7.556  -38.057 0.0000000000
64944  -26.150  7.812  -38.600 0.0000000000
64945  -26.132  7.194  -38.443 0.0000000000
64946  -26.211  5.851  -39.128 0.0000000000
64947  -26.272  6.422  -39.281 0.0000000000
64948  -26.388  6.010  -39.730 0.0000000000
64949  -26.672  6.054  -40.257 0.0000000000
64950  -26.552  5.552  -40.140 0.0000000000
64951  -26.733  5.084  -40.516 0.0000000000
64952  -26.469  4.973  -39.891 0.0000000000
75236  -37.647  17.872  -36.650 0.0000000000
75237  -38.279  17.955  -35.949 0.0000000000
75238  -37.975  17.299  -36.647 0.0000000000
75239  -38.297  16.702  -36.522 0.0000000000
75240  -37.732  16.627  -37.323 0.0000000000
75241  -32.951  14.772  -36.271 0.0000000000
75242  -33.619  15.120  -36.104 0.0000000000
75243  -32.968  15.578  -36.617 0.0000000000
75244  -32.661  16.876  -37.953 0.0000000000
75245  -33.110  16.869  -37.403 0.0000000000
75246  -33.357  17.268  -37.770 0.0000000000
75247  -34.070  17.638  -37.501 0.0000000000
75248  -33.687  17.439  -38.117 0.0000000000
75249  -31.681  15.026  -39.477 0.0000000000
75250  -31.770  15.669  -39.310 0.0000000000
75251  -32.275  15.508  -39.550 0.0000000000
75252  -34.134  15.989  -39.565 0.0000000000
75253  -33.626  16.376  -39.401 0.0000000000
75254  -34.303  16.764  -39.215 0.0000000000
75255  -34.525  17.354  -38.749 0.0000000000
75256  -35.005  17.053  -38.889 0.0000000000
75257  -35.669  17.307  -38.499 0.0000000000
75258  -35.452  16.580  -38.912 0.0000000000
75259  -36.224  14.492  -39.003 0.0000000000
75260  -36.346  15.435  -38.775 0.0000000000
75261  -36.791  14.724  -38.624 0.0000000000
75262  -37.357  14.930  -38.188 0.0000000000
75263  -37.228  14.067  -38.434 0.0000000000
75264  -37.678  13.408  -38.210 0.0000000000
75265  -37.129  13.164  -38.538 0.0000000000
75266  -36.525  10.996  -38.783 0.0000000000
75267  -36.957  11.210  -38.474 0.0000000000
75268  -36.998  10.234  -38.428 0.0000000000
75269  -37.460  9.451  -38.094 0.0000000000
75270  -37.037  9.211  -38.342 0.0000000000
75271  -34.689  9.392  -39.462 0.0000000000
75272  -35.162  9.867  -39.331 0.0000000000
75273  -35.217  8.757  -39.311 0.0000000000
75308  -29.490  7.124  -39.788 0.0000000000
75309  -30.129  6.670  -39.812 0.0000000000
75310  -29.720  6.408  -40.179 0.0000000000
75312  -30.088  5.220  -41.190 0.0000000000
79376  -35.286  9.384  -32.376 0.0000000000
79377  -35.748  9.655  -32.100 0.0000000000
79378  -35.393  10.157  -32.795 0.0000000000
79379  -35.451  10.944  -33.171 0.0000000000
79380  -34.933  10.627  -33.459 0.0000000000
79381  -34.414  11.111  -34.089 0.0000000000
79382  -34.393  10.348  -33.709 0.0000000000
79383  -33.401  8.844  -33.449 0.0000000000
79384  -33.392  9.639  -33.948 0.0000000000
79385  -32.838  9.260  -33.948 0.0000000000
79386  -32.256  9.673  -34.386 0.0000000000
79387  -32.325  8.873  -33.961 0.0000000000
79388  -33.196  5.730  -31.200 0.0000000000
79389  -33.248  6.479  -31.865 0.0000000000
79390  -32.788  6.130  -31.807 0.0000000000
79391  -31.472  6.471  -32.591 0.0000000000
79392  -31.922  6.883  -32.760 0.0000000000
79393  -31.399  7.259  -33.159 0.0000000000
79394  -31.312  8.038  -33.729 0.0000000000
79395  -30.830  7.623  -33.534 0.0000000000
79396  -30.260  7.963  -33.870 0.0000000000
79397  -30.421  7.152  -33.334 0.0000000000
79398  -29.856  5.356  -32.327 0.0000000000
79399  -29.700  6.161  -32.960 0.0000000000
79400  -29.414  5.576  -32.728 0.0000000000
79401  -28.984  5.797  -33.137 0.0000000000
79402  -29.145  5.044  -32.495 0.0000000000
89322  -28.867  3.152  -30.816 0.0000000000
89323  -28.792  3.755  -31.753 0.0000000000
89324  -28.570  3.166  -31.205 0.0000000000
89526  -27.859  3.185  -32.232 0.0000000000
89527  -27.521  3.191  -32.733 0.0000000000
89528  -27.469  3.835  -33.608 0.0000000000
89529  -27.253  3.130  -33.126 0.0000000000
92471  -28.524  7.321  -34.195 0.0000000000
92472  -28.146  8.103  -34.741 0.0000000000
92473  -27.941  7.432  -34.652 0.0000000000
92474  -27.406  7.441  -35.132 0.0000000000
92475  -26.916  7.345  -35.630 0.0000000000
92476  -26.640  7.202  -36.047 0.0000000000
92477  -26.924  6.701  -35.508 0.0000000000
92478  -26.982  5.982  -35.278 0.0000000000
92479  -27.025  5.305  -35.012 0.0000000000
94534  -36.085  14.626  -34.058 0.0000000000
94535  -35.586  15.226  -34.780 0.0000000000
94536  -34.974  15.808  -35.511 0.0000000000
94537  -30.154  11.513  -39.279 0.0000000000
94538  -30.628  12.136  -39.333 0.0000000000
94539  -30.831  11.130  -39.264 0.0000000000
94540  -31.512  10.607  -39.298 0.0000000000
94541  -32.147  10.098  -39.332 0.0000000000
94542  -32.783  9.503  -39.383 0.0000000000
94543  -32.320  9.003  -39.256 0.0000000000
94544  -32.468  7.766  -39.221 0.0000000000
94545  -32.612  6.618  -39.362 0.0000000000
94546  -32.799  5.774  -39.612 0.0000000000
94547  -32.205  6.280  -39.466 0.0000000000
94548  -31.763  5.971  -39.646 0.0000000000
94549  -31.344  5.710  -39.940 0.0000000000
98852  -32.088  11.315  -35.181 0.0000000000
98853  -31.884  12.245  -35.623 0.0000000000
98854  -31.300  11.813  -35.539 0.0000000000
98855  -30.542  12.252  -35.853 0.0000000000
98856  -29.799  12.614  -36.181 0.0000000000
98857  -27.050  10.619  -36.905 0.0000000000
98858  -27.401  11.388  -36.918 0.0000000000
98859  -26.999  11.125  -37.436 0.0000000000
98860  -27.106  11.515  -37.977 0.0000000000
98861  -27.397  11.880  -38.510 0.0000000000
98862  -27.727  12.090  -38.923 0.0000000000
98863  -27.330  11.291  -38.920 0.0000000000
98864  -27.378  10.632  -39.212 0.0000000000
98865  -27.565  9.863  -39.390 0.0000000000
98866  -27.777  9.225  -39.519 0.0000000000
98867  -27.225  9.313  -39.438 0.0000000000
98868  -26.916  8.756  -39.523 0.0000000000
98869  -26.667  8.171  -39.510 0.0000000000
98870  -26.081  6.255  -37.713 0.0000000000
98871  -26.098  6.576  -38.285 0.0000000000
98872  -26.078  5.948  -38.091 0.0000000000
98873  -26.102  5.605  -38.465 0.0000000000
98874  -26.181  5.226  -38.905 0.0000000000
105040  -36.931  18.242  -34.414 0.0000000000
105042  -37.186  18.749  -34.623 0.0000000000
105043  -37.529  19.025  -34.804 0.0000000000
105044  -37.896  19.116  -34.953 0.0000000000
105045  -38.250  19.001  -35.113 0.0000000000
105046  -37.586  18.789  -35.803 0.0000000000
105047  -37.308  18.338  -36.570 0.0000000000
105048  -37.025  17.744  -37.319 0.0000000000
105049  -31.684  15.432  -37.161 0.0000000000
105050  -32.348  15.898  -37.116 0.0000000000
105051  -31.772  15.966  -37.648 0.0000000000
105052  -31.974  16.361  -38.123 0.0000000000
105053  -32.293  16.611  -38.468 0.0000000000
105054  -32.839  14.381  -39.706 0.0000000000
105055  -32.857  15.203  -39.709 0.0000000000
105056  -33.409  14.763  -39.744 0.0000000000
105057  -34.039  15.181  -39.716 0.0000000000
105058  -34.656  15.528  -39.563 0.0000000000
105059  -35.295  15.747  -39.246 0.0000000000
105060  -35.173  14.833  -39.437 0.0000000000
105061  -35.650  14.220  -39.278 0.0000000000
105062  -36.091  13.537  -39.093 0.0000000000
105063  -36.542  12.915  -38.797 0.0000000000
105064  -36.005  12.604  -39.100 0.0000000000
105065  -36.011  11.673  -39.070 0.0000000000
105066  -36.074  10.670  -38.986 0.0000000000
105067  -34.952  7.052  -39.425 0.0000000000
105068  -35.356  7.598  -39.356 0.0000000000
105089  -28.629  6.539  -40.542 0.0000000000
105090  -29.296  6.210  -40.583 0.0000000000
105091  -28.843  5.928  -40.992 0.0000000000
107530  -35.529  8.071  -31.192 0.0000000000
107531  -35.224  8.549  -31.899 0.0000000000
107532  -34.845  9.037  -32.592 0.0000000000
107533  -34.398  9.538  -33.235 0.0000000000
107534  -34.357  8.727  -32.783 0.0000000000
107535  -33.874  8.364  -32.903 0.0000000000
107536  -33.391  7.999  -32.968 0.0000000000
107538  -32.362  5.746  -31.696 0.0000000000
107539  -31.937  5.333  -31.509 0.0000000000
107540  -31.495  5.699  -31.994 0.0000000000
107541  -31.031  6.046  -32.421 0.0000000000
107542  -30.559  6.369  -32.790 0.0000000000
107543  -30.639  5.625  -32.178 0.0000000000
107544  -30.280  5.150  -31.956 0.0000000000
107545  -29.944  4.631  -31.695 0.0000000000
113621  -26.925  2.518  -32.664 0.0000000000
115925  -29.960  9.553  -34.753 0.0000000000
115926  -29.622  10.433  -35.243 0.0000000000
115927  -29.194  9.883  -35.103 0.0000000000
115928  -28.465  10.083  -35.486 0.0000000000
115929  -27.801  10.127  -35.905 0.0000000000
115930  -27.793  8.782  -35.290 0.0000000000
115931  -27.511  9.413  -35.810 0.0000000000
115932  -27.209  10.029  -36.338 0.0000000000
115933  -26.761  9.868  -36.826 0.0000000000
115934  -26.436  9.549  -37.385 0.0000000000
115935  -26.256  9.177  -37.862 0.0000000000
115936  -26.197  8.820  -38.277 0.0000000000
115937  -26.183  8.538  -37.757 0.0000000000
115938  -26.134  7.865  -37.614 0.0000000000
115939  -26.132  7.195  -37.475 0.0000000000
115940  -26.406  7.020  -36.465 0.0000000000
115941  -26.225  6.806  -36.876 0.0000000000
115942  -26.117  6.535  -37.322 0.0000000000
115943  -26.118  5.954  -37.113 0.0000000000
115944  -26.155  5.343  -36.856 0.0000000000
115945  -26.207  4.652  -36.594 0.0000000000
120742  -36.318  17.953  -35.011 0.0000000000
120743  -35.944  18.177  -35.787 0.0000000000
120744  -35.538  18.227  -36.628 0.0000000000
120745  -30.049  14.607  -38.863 0.0000000000
120746  -30.665  15.147  -38.926 0.0000000000
120747  -30.512  14.598  -39.198 0.0000000000
120748  -31.068  14.472  -39.416 0.0000000000
120749  -31.675  14.276  -39.531 0.0000000000
120750  -31.209  12.796  -39.437 0.0000000000
120751  -31.719  13.303  -39.488 0.0000000000
120752  -32.282  13.882  -39.654 0.0000000000
120753  -32.875  13.325  -39.669 0.0000000000
120754  -33.445  12.749  -39.683 0.0000000000
120755  -34.079  12.201  -39.672 0.0000000000
120756  -34.581  11.549  -39.554 0.0000000000
120757  -34.111  11.106  -39.601 0.0000000000
120758  -34.183  10.015  -39.494 0.0000000000
120759  -34.267  8.902  -39.436 0.0000000000
120760  -33.318  8.856  -39.362 0.0000000000
120761  -33.853  8.341  -39.402 0.0000000000
120762  -34.376  7.670  -39.349 0.0000000000
120763  -34.543  6.550  -39.410 0.0000000000
120764  -34.784  5.535  -39.625 0.0000000000
120770  -32.950  4.921  -39.993 0.0000000000
120771  -33.161  4.208  -40.418 0.0000000000
122677  -34.084  6.379  -31.215 0.0000000000
122679  -33.505  5.393  -30.620 0.0000000000
130607  -34.437  12.759  -34.801 0.0000000000
130608  -34.321  13.690  -35.154 0.0000000000
130609  -33.764  13.329  -35.384 0.0000000000
130610  -33.050  13.899  -35.890 0.0000000000
130611  -32.292  14.406  -36.352 0.0000000000
130612  -31.748  13.129  -35.970 0.0000000000
130613  -31.647  13.994  -36.372 0.0000000000
130614  -31.632  14.807  -36.757 0.0000000000
130615  -31.002  14.986  -37.186 0.0000000000
130616  -30.428  15.013  -37.646 0.0000000000
130617  -29.977  14.857  -38.081 0.0000000000
130618  -29.411  11.261  -35.656 0.0000000000
130619  -29.179  12.077  -36.085 0.0000000000
130620  -29.075  12.845  -36.562 0.0000000000
130621  -27.892  12.158  -37.000 0.0000000000
130622  -28.423  12.902  -37.055 0.0000000000
130623  -29.019  13.457  -37.095 0.0000000000
130624  -29.116  13.957  -37.605 0.0000000000
130625  -29.347  14.335  -38.035 0.0000000000
130626  -29.626  14.537  -38.490 0.0000000000
130627  -29.416  14.088  -38.846 0.0000000000
130628  -29.302  13.460  -39.118 0.0000000000
130629  -29.305  12.693  -39.321 0.0000000000
130630  -28.229  12.235  -39.189 0.0000000000
130631  -28.805  12.083  -39.268 0.0000000000
130632  -29.436  11.861  -39.358 0.0000000000
130633  -29.658  10.896  -39.253 0.0000000000
130634  -29.912  9.806  -39.150 0.0000000000
130635  -30.135  8.760  -39.152 0.0000000000
130636  -30.339  7.873  -39.228 0.0000000000
130637  -29.718  8.319  -39.300 0.0000000000
130638  -29.280  7.930  -39.463 0.0000000000
130639  -28.832  7.569  -39.808 0.0000000000
130640  -27.993  8.551  -39.657 0.0000000000
130641  -28.218  7.814  -39.804 0.0000000000
130642  -28.416  7.185  -40.144 0.0000000000
130643  -28.008  6.765  -40.427 0.0000000000
130644  -27.728  6.392  -40.702 0.0000000000
130645  -27.408  6.029  -40.900 0.0000000000
130646  -26.208  8.434  -38.720 0.0000000000
130647  -26.314  8.028  -39.091 0.0000000000
130648  -26.458  7.575  -39.466 0.0000000000
130649  -26.186  6.819  -38.855 0.0000000000
130650  -26.358  6.957  -39.429 0.0000000000
130651  -26.633  7.059  -39.849 0.0000000000
130652  -26.827  6.564  -40.211 0.0000000000
130653  -26.999  6.080  -40.616 0.0000000000
130654  -27.186  5.566  -41.040 0.0000000000
130655  -27.098  5.099  -41.011 0.0000000000
136849  -38.796  13.724  -37.307 0.0000000000
143476  -38.562  18.582  -35.190 0.0000000000
143479  -38.836  16.697  -35.734 0.0000000000
143480  -38.606  15.932  -36.371 0.0000000000
143481  -38.458  15.186  -36.987 0.0000000000
143482  -34.316  14.593  -35.543 0.0000000000
143483  -34.288  15.486  -35.877 0.0000000000
143484  -34.310  16.327  -36.174 0.0000000000
143485  -33.005  16.309  -37.038 0.0000000000
143486  -33.666  16.677  -36.794 0.0000000000
143487  -34.365  17.020  -36.468 0.0000000000
143488  -34.542  17.549  -36.775 0.0000000000
143489  -34.812  17.927  -37.113 0.0000000000
143490  -35.110  18.094  -37.469 0.0000000000
143491  -31.315  15.686  -38.947 0.0000000000
143492  -31.982  16.219  -38.957 0.0000000000
143493  -32.700  16.702  -38.867 0.0000000000
143494  -32.957  15.946  -39.506 0.0000000000
143495  -33.126  16.601  -39.137 0.0000000000
143496  -33.382  17.111  -38.683 0.0000000000
143497  -34.069  17.473  -38.484 0.0000000000
143498  -34.785  17.781  -38.163 0.0000000000
143499  -35.526  18.079  -37.714 0.0000000000
143500  -35.925  17.897  -37.911 0.0000000000
143501  -36.360  17.568  -37.948 0.0000000000
143502  -36.753  17.052  -37.945 0.0000000000
143503  -35.939  16.067  -38.915 0.0000000000
143504  -36.544  16.301  -38.444 0.0000000000
143505  -37.131  16.472  -37.934 0.0000000000
143506  -37.532  15.799  -37.835 0.0000000000
143507  -37.946  15.128  -37.696 0.0000000000
143508  -38.344  14.428  -37.510 0.0000000000
143509  -38.243  13.586  -37.790 0.0000000000
143510  -38.105  12.643  -37.939 0.0000000000
143511  -38.006  11.678  -37.992 0.0000000000
143512  -36.963  12.218  -38.506 0.0000000000
143513  -37.490  11.471  -38.197 0.0000000000
143514  -37.931  10.711  -37.902 0.0000000000
143518  -35.113  10.968  -39.450 0.0000000000
143519  -35.630  10.312  -39.167 0.0000000000
143520  -36.154  9.621  -38.874 0.0000000000
143521  -35.802  8.150  -39.150 0.0000000000
143522  -36.251  8.576  -38.894 0.0000000000
143523  -36.657  8.907  -38.635 0.0000000000
143564  -30.547  6.986  -39.462 0.0000000000
143565  -30.740  6.157  -39.814 0.0000000000
143566  -30.909  5.523  -40.251 0.0000000000
143567  -29.909  5.755  -40.607 0.0000000000
143568  -30.535  5.330  -40.776 0.0000000000
143569  -31.090  4.895  -40.855 0.0000000000
148461  -36.071  12.859  -33.449 0.0000000000
148462  -35.552  12.568  -33.847 0.0000000000
148487  -35.925  11.250  -32.867 0.0000000000
148488  -35.499  11.758  -33.555 0.0000000000
148489  -35.014  12.256  -34.205 0.0000000000
148490  -34.436  11.927  -34.461 0.0000000000
148491  -33.833  11.634  -34.690 0.0000000000
148492  -33.283  11.257  -34.755 0.0000000000
148493  -33.907  10.006  -33.824 0.0000000000
148494  -33.346  10.458  -34.351 0.0000000000
148495  -32.723  10.890  -34.810 0.0000000000
148496  -32.171  10.478  -34.810 0.0000000000
148497  -31.633  10.086  -34.755 0.0000000000
148498  -31.082  9.656  -34.619 0.0000000000
148499  -33.743  6.802  -31.861 0.0000000000
148500  -33.339  7.215  -32.428 0.0000000000
148501  -32.882  7.635  -32.961 0.0000000000
148502  -32.371  6.507  -32.314 0.0000000000
148503  -32.394  7.254  -32.875 0.0000000000
148504  -32.355  8.046  -33.446 0.0000000000
148505  -31.799  8.458  -33.847 0.0000000000
148506  -31.198  8.847  -34.193 0.0000000000
148507  -30.555  9.210  -34.490 0.0000000000
148508  -30.132  8.738  -34.346 0.0000000000
148509  -29.701  8.275  -34.161 0.0000000000
148510  -29.328  7.723  -33.991 0.0000000000
148511  -30.068  6.674  -33.158 0.0000000000
148512  -29.560  6.949  -33.512 0.0000000000
148513  -29.035  7.159  -33.837 0.0000000000
148514  -28.795  6.578  -33.699 0.0000000000
148515  -28.591  5.934  -33.527 0.0000000000
148516  -28.395  5.285  -33.297 0.0000000000
160432  -30.042  3.892  -30.884 0.0000000000
160433  -29.690  4.064  -31.313 0.0000000000
160435  -29.430  3.531  -30.854 0.0000000000
160436  -29.324  4.230  -31.745 0.0000000000
160437  -28.973  4.378  -32.154 0.0000000000
160438  -28.661  4.464  -32.524 0.0000000000
160439  -28.328  4.561  -32.958 0.0000000000
160680  -28.211  3.171  -31.710 0.0000000000
160681  -28.135  3.894  -32.704 0.0000000000
160682  -27.928  4.632  -33.491 0.0000000000
160683  -27.609  4.638  -33.919 0.0000000000
160684  -27.310  4.580  -34.329 0.0000000000
160685  -27.020  4.502  -34.738 0.0000000000
160686  -26.974  3.078  -33.557 0.0000000000
160687  -26.913  3.746  -34.396 0.0000000000
160688  -26.757  4.399  -35.138 0.0000000000
160689  -26.558  4.283  -35.552 0.0000000000
