#!ascii label  , from subject studyTemplate vox2ras=TkReg
2039
7  44.200  -44.274  8.752 0.0000000000
91  57.722  -39.372  -4.079 0.0000000000
143  59.397  -41.724  15.646 0.0000000000
209  44.978  -36.577  6.471 0.0000000000
210  43.462  -35.753  -1.436 0.0000000000
211  49.985  -42.542  1.410 0.0000000000
587  48.757  -40.822  13.816 0.0000000000
596  57.031  -36.818  8.446 0.0000000000
689  42.899  -40.449  7.769 0.0000000000
690  43.449  -40.830  3.383 0.0000000000
691  46.756  -43.727  5.086 0.0000000000
987  50.024  -38.095  -3.436 0.0000000000
1322  62.637  -39.609  13.697 0.0000000000
1323  62.528  -38.181  9.717 0.0000000000
1324  58.288  -39.955  12.070 0.0000000000
1325  52.660  -38.972  10.829 0.0000000000
1326  54.236  -41.336  14.611 0.0000000000
1527  48.432  -33.858  4.426 0.0000000000
1529  42.652  -36.234  2.854 0.0000000000
1530  46.096  -40.174  -0.863 0.0000000000
1531  53.809  -41.697  -1.834 0.0000000000
2345  44.254  -46.613  12.145 0.0000000000
2346  49.116  -46.881  8.198 0.0000000000
2396  54.364  -43.218  17.505 0.0000000000
2397  49.092  -43.100  16.979 0.0000000000
2398  44.139  -43.718  15.674 0.0000000000
2399  43.864  -41.533  12.145 0.0000000000
2423  61.725  -34.493  6.089 0.0000000000
2424  55.098  -33.743  5.339 0.0000000000
2425  50.917  -35.903  7.488 0.0000000000
2426  46.977  -38.465  9.822 0.0000000000
2509  52.644  -46.060  4.835 0.0000000000
2510  56.423  -44.802  1.958 0.0000000000
2511  60.366  -43.389  -0.347 0.0000000000
2609  43.208  -42.485  8.198 0.0000000000
2610  43.887  -42.618  6.201 0.0000000000
2611  45.381  -44.106  6.816 0.0000000000
2907  53.877  -38.758  -4.072 0.0000000000
2908  52.286  -36.604  -4.460 0.0000000000
2909  56.022  -37.255  -4.696 0.0000000000
3242  61.114  -40.776  14.562 0.0000000000
3243  60.745  -40.123  12.771 0.0000000000
3244  58.907  -40.869  13.842 0.0000000000
3245  56.254  -40.626  13.357 0.0000000000
3246  56.889  -41.555  15.017 0.0000000000
3504  46.664  -35.086  5.595 0.0000000000
3505  44.841  -34.512  4.320 0.0000000000
3506  43.513  -36.289  4.903 0.0000000000
3507  46.303  -42.059  2.077 0.0000000000
3508  44.516  -40.685  1.140 0.0000000000
3509  47.976  -41.609  0.014 0.0000000000
3510  49.822  -40.945  -1.673 0.0000000000
3511  51.808  -42.230  -0.334 0.0000000000
4397  42.596  -33.583  0.760 0.0000000000
4399  42.773  -33.247  -1.692 0.0000000000
5348  51.836  -43.315  17.219 0.0000000000
5353  43.194  -45.193  13.991 0.0000000000
5410  60.015  -37.772  8.898 0.0000000000
5411  62.370  -36.685  7.738 0.0000000000
5412  59.394  -35.699  7.355 0.0000000000
5413  58.446  -33.894  5.819 0.0000000000
5414  56.163  -35.006  7.052 0.0000000000
5415  52.988  -34.713  6.549 0.0000000000
5416  53.995  -36.140  7.935 0.0000000000
5417  50.659  -39.842  12.450 0.0000000000
5418  49.832  -38.513  10.376 0.0000000000
5419  47.879  -39.604  11.923 0.0000000000
5420  45.246  -39.779  11.197 0.0000000000
5421  46.107  -40.898  13.218 0.0000000000
5626  51.761  -48.203  8.235 0.0000000000
5627  50.821  -46.455  6.496 0.0000000000
5628  53.559  -47.649  6.763 0.0000000000
5630  57.088  -47.012  3.577 0.0000000000
5631  59.397  -46.495  2.367 0.0000000000
5632  58.443  -44.112  0.811 0.0000000000
5847  43.636  -38.344  7.193 0.0000000000
5848  42.779  -38.414  5.329 0.0000000000
5849  42.861  -40.722  5.654 0.0000000000
5850  44.957  -42.466  4.175 0.0000000000
5851  48.302  -43.116  3.236 0.0000000000
6383  46.324  -37.201  -2.681 0.0000000000
6385  48.391  -36.002  -4.076 0.0000000000
6990  62.420  -39.008  11.804 0.0000000000
6991  60.421  -39.214  10.810 0.0000000000
6992  57.614  -38.639  10.019 0.0000000000
6993  54.776  -37.972  9.448 0.0000000000
6994  55.487  -39.401  11.393 0.0000000000
6995  53.459  -40.171  12.840 0.0000000000
6996  51.475  -40.972  14.211 0.0000000000
7404  43.392  -34.025  2.766 0.0000000000
7405  42.632  -36.165  0.683 0.0000000000
7406  42.618  -38.607  2.994 0.0000000000
7407  43.275  -38.622  0.715 0.0000000000
7408  44.581  -38.116  -1.213 0.0000000000
7409  47.970  -39.244  -2.351 0.0000000000
7410  51.793  -40.074  -3.021 0.0000000000
7411  55.785  -40.682  -3.165 0.0000000000
7880  62.847  -40.493  15.688 0.0000000000
7881  61.380  -41.628  16.319 0.0000000000
9593  44.312  -45.395  10.405 0.0000000000
9594  46.484  -45.679  8.275 0.0000000000
9595  46.496  -46.938  9.945 0.0000000000
9737  59.162  -42.601  17.283 0.0000000000
9746  56.737  -42.347  16.522 0.0000000000
9747  54.213  -42.358  16.053 0.0000000000
9748  51.516  -42.221  15.685 0.0000000000
9749  48.798  -41.973  15.417 0.0000000000
9751  46.450  -43.048  16.539 0.0000000000
9752  46.199  -41.990  14.806 0.0000000000
9753  43.971  -42.685  13.843 0.0000000000
9754  43.187  -44.087  12.228 0.0000000000
9755  43.108  -42.963  10.499 0.0000000000
9829  51.760  -33.710  4.849 0.0000000000
9830  49.745  -34.827  6.082 0.0000000000
9831  47.830  -36.122  7.094 0.0000000000
9832  51.882  -37.437  8.921 0.0000000000
9833  48.900  -37.265  8.482 0.0000000000
9834  46.008  -37.551  8.003 0.0000000000
9835  44.430  -39.035  9.121 0.0000000000
9836  43.320  -40.882  9.983 0.0000000000
10081  47.994  -45.270  6.462 0.0000000000
10082  49.578  -44.806  4.831 0.0000000000
10083  51.373  -44.094  3.321 0.0000000000
10084  55.339  -47.264  5.244 0.0000000000
10085  54.448  -45.540  3.290 0.0000000000
10086  53.349  -43.447  1.604 0.0000000000
10087  55.166  -43.128  0.104 0.0000000000
10088  57.072  -42.581  -1.181 0.0000000000
10089  59.012  -41.556  -2.280 0.0000000000
10098  61.118  -40.409  -3.144 0.0000000000
10289  43.654  -43.400  8.472 0.0000000000
10290  44.093  -43.435  7.488 0.0000000000
10291  44.771  -44.227  7.768 0.0000000000
10587  55.797  -39.061  -4.134 0.0000000000
10588  54.949  -37.977  -4.415 0.0000000000
10589  56.845  -38.372  -4.412 0.0000000000
10591  58.682  -38.742  -4.355 0.0000000000
10922  60.301  -41.311  15.089 0.0000000000
10923  60.101  -40.892  14.163 0.0000000000
10924  59.148  -41.278  14.695 0.0000000000
10925  57.893  -41.190  14.447 0.0000000000
10926  58.177  -41.632  15.291 0.0000000000
11184  45.761  -35.806  6.064 0.0000000000
11185  44.939  -35.552  5.405 0.0000000000
11186  44.227  -36.397  5.764 0.0000000000
11187  48.148  -42.317  1.656 0.0000000000
11188  47.103  -41.838  1.005 0.0000000000
11189  48.973  -42.063  0.680 0.0000000000
11190  49.866  -41.875  -0.249 0.0000000000
11191  50.885  -42.402  0.506 0.0000000000
12077  42.696  -34.695  -0.431 0.0000000000
12078  42.583  -33.404  -0.488 0.0000000000
12079  43.088  -34.490  -1.618 0.0000000000
13090  58.562  -37.268  8.673 0.0000000000
13091  59.763  -36.716  8.155 0.0000000000
13092  58.217  -36.245  7.915 0.0000000000
13093  57.802  -35.309  7.204 0.0000000000
13094  56.629  -35.858  7.733 0.0000000000
13095  55.095  -35.522  7.511 0.0000000000
13096  55.498  -36.445  8.176 0.0000000000
13097  49.695  -40.291  13.112 0.0000000000
13098  49.240  -39.671  12.188 0.0000000000
13099  48.319  -40.240  12.905 0.0000000000
13100  46.986  -40.246  12.619 0.0000000000
13101  47.430  -40.815  13.546 0.0000000000
13306  52.943  -48.894  8.384 0.0000000000
13307  52.669  -47.914  7.512 0.0000000000
13308  53.928  -48.605  7.640 0.0000000000
13584  43.157  -39.359  7.501 0.0000000000
13585  42.845  -39.471  6.541 0.0000000000
13586  42.804  -40.592  6.760 0.0000000000
13587  45.198  -43.315  5.592 0.0000000000
13588  44.367  -42.606  5.183 0.0000000000
13589  45.838  -43.095  4.641 0.0000000000
13590  46.569  -42.845  3.674 0.0000000000
13591  47.468  -43.424  4.175 0.0000000000
14477  48.123  -37.669  -3.074 0.0000000000
14478  47.296  -36.622  -3.362 0.0000000000
14479  49.208  -37.020  -3.644 0.0000000000
15489  62.471  -39.312  12.791 0.0000000000
15490  59.612  -40.147  12.393 0.0000000000
15491  60.559  -39.733  11.827 0.0000000000
15492  59.396  -39.593  11.402 0.0000000000
15493  59.124  -38.960  10.404 0.0000000000
15494  57.998  -39.318  11.031 0.0000000000
15495  56.542  -39.020  10.714 0.0000000000
15496  56.963  -39.697  11.688 0.0000000000
15497  55.227  -40.984  13.972 0.0000000000
15498  54.857  -40.377  13.081 0.0000000000
15499  53.849  -40.753  13.751 0.0000000000
15500  52.448  -40.546  13.551 0.0000000000
15501  52.858  -41.139  14.371 0.0000000000
16269  49.365  -33.264  3.910 0.0000000000
16271  47.446  -33.488  3.974 0.0000000000
16272  43.449  -35.179  3.784 0.0000000000
16273  44.087  -34.249  3.608 0.0000000000
16274  42.943  -35.086  2.812 0.0000000000
16275  42.645  -35.009  1.779 0.0000000000
16276  42.551  -36.258  1.785 0.0000000000
16277  42.714  -39.701  4.344 0.0000000000
16278  42.605  -38.555  4.171 0.0000000000
16279  42.925  -39.785  3.146 0.0000000000
16280  45.269  -40.471  0.065 0.0000000000
16281  43.817  -39.710  0.890 0.0000000000
16282  44.510  -39.521  -0.176 0.0000000000
16283  43.837  -38.432  -0.316 0.0000000000
16284  45.318  -39.193  -1.063 0.0000000000
16285  46.143  -38.782  -1.806 0.0000000000
16286  46.988  -39.744  -1.662 0.0000000000
16287  51.791  -41.318  -1.854 0.0000000000
16288  50.811  -40.577  -2.401 0.0000000000
16289  52.795  -40.923  -2.568 0.0000000000
16290  53.783  -40.400  -3.194 0.0000000000
16291  54.788  -41.251  -2.558 0.0000000000
17300  62.184  -41.082  15.898 0.0000000000
21419  44.303  -45.998  11.279 0.0000000000
21420  45.309  -46.220  10.146 0.0000000000
21421  45.290  -46.864  10.983 0.0000000000
21801  56.771  -42.833  17.330 0.0000000000
21802  55.494  -42.783  16.995 0.0000000000
21803  55.470  -42.367  16.265 0.0000000000
21804  54.275  -42.801  16.754 0.0000000000
21805  50.464  -43.287  17.144 0.0000000000
21806  51.691  -42.859  16.449 0.0000000000
21807  50.274  -42.712  16.265 0.0000000000
21808  50.149  -42.041  15.512 0.0000000000
21809  48.935  -42.534  16.137 0.0000000000
21815  45.205  -43.258  16.210 0.0000000000
21816  46.311  -42.518  15.662 0.0000000000
21817  45.096  -42.721  15.294 0.0000000000
21818  44.998  -42.211  14.405 0.0000000000
21819  44.035  -43.198  14.751 0.0000000000
21820  43.548  -45.990  13.015 0.0000000000
21821  43.203  -44.659  13.122 0.0000000000
21822  43.515  -45.379  12.214 0.0000000000
21823  43.564  -44.824  11.312 0.0000000000
21993  62.080  -35.575  6.881 0.0000000000
22000  56.836  -33.782  5.566 0.0000000000
22001  57.951  -33.216  4.992 0.0000000000
22002  56.266  -33.198  4.732 0.0000000000
22004  54.507  -33.179  4.498 0.0000000000
22005  52.833  -33.186  4.220 0.0000000000
22006  53.464  -33.720  5.095 0.0000000000
22007  51.961  -35.287  7.080 0.0000000000
22008  51.347  -34.739  6.313 0.0000000000
22009  50.326  -35.353  6.827 0.0000000000
22010  48.755  -35.463  6.594 0.0000000000
22011  49.313  -35.990  7.319 0.0000000000
22012  53.717  -38.459  10.088 0.0000000000
22013  53.361  -37.661  9.174 0.0000000000
22014  52.264  -38.234  9.840 0.0000000000
22015  48.380  -38.429  10.116 0.0000000000
22016  49.406  -37.880  9.384 0.0000000000
22017  47.921  -37.873  9.154 0.0000000000
22018  47.434  -37.351  8.252 0.0000000000
22019  46.473  -38.041  8.872 0.0000000000
22020  45.179  -38.242  8.551 0.0000000000
22021  45.617  -38.653  9.511 0.0000000000
22022  44.476  -40.651  11.748 0.0000000000
22023  44.092  -40.239  10.673 0.0000000000
22024  43.563  -41.193  11.060 0.0000000000
22025  43.105  -41.909  10.227 0.0000000000
22026  43.238  -42.181  11.370 0.0000000000
22636  47.767  -46.318  8.201 0.0000000000
22637  47.225  -45.469  7.361 0.0000000000
22638  48.584  -46.074  7.321 0.0000000000
22639  51.734  -46.279  5.648 0.0000000000
22640  50.253  -45.657  5.532 0.0000000000
22641  51.132  -45.423  4.749 0.0000000000
22642  50.454  -44.475  4.062 0.0000000000
22643  51.998  -45.092  4.002 0.0000000000
22645  55.698  -48.138  6.251 0.0000000000
22646  56.516  -47.955  5.510 0.0000000000
22647  56.843  -46.004  2.665 0.0000000000
22648  55.810  -46.298  3.391 0.0000000000
22649  55.435  -45.194  2.603 0.0000000000
22650  53.971  -44.406  2.563 0.0000000000
22651  54.857  -44.070  1.844 0.0000000000
22652  54.294  -43.276  0.848 0.0000000000
22653  55.859  -43.784  1.134 0.0000000000
22654  59.411  -43.791  0.208 0.0000000000
22655  57.810  -43.337  -0.196 0.0000000000
22656  58.770  -42.959  -0.751 0.0000000000
22657  58.066  -42.145  -1.751 0.0000000000
22658  59.710  -42.437  -1.296 0.0000000000
22680  61.738  -41.326  -2.132 0.0000000000
23127  42.935  -41.486  8.027 0.0000000000
23128  43.022  -41.630  6.998 0.0000000000
23129  43.484  -42.588  7.227 0.0000000000
23130  44.578  -43.413  6.513 0.0000000000
23131  46.059  -43.976  5.958 0.0000000000
23663  51.927  -38.454  -3.818 0.0000000000
23664  51.124  -37.352  -3.946 0.0000000000
23665  53.046  -37.670  -4.241 0.0000000000
24268  61.867  -40.167  14.121 0.0000000000
24269  61.730  -39.897  13.216 0.0000000000
24270  60.946  -40.440  13.681 0.0000000000
24271  59.895  -40.550  13.283 0.0000000000
24272  58.597  -40.463  12.981 0.0000000000
24273  57.256  -40.260  12.698 0.0000000000
24274  57.602  -40.755  13.611 0.0000000000
24275  56.603  -41.133  14.234 0.0000000000
24276  55.562  -41.482  14.827 0.0000000000
24738  47.526  -34.455  5.000 0.0000000000
24739  46.567  -34.127  4.429 0.0000000000
24740  45.738  -34.806  4.950 0.0000000000
24741  44.107  -35.362  4.632 0.0000000000
24742  42.974  -36.216  3.896 0.0000000000
24743  44.728  -41.574  2.625 0.0000000000
24744  43.930  -40.782  2.244 0.0000000000
24745  45.403  -41.437  1.510 0.0000000000
24746  46.161  -41.244  0.443 0.0000000000
24747  46.981  -40.963  -0.486 0.0000000000
24748  47.848  -40.597  -1.355 0.0000000000
24749  48.863  -41.273  -0.897 0.0000000000
24750  50.800  -41.615  -1.063 0.0000000000
24751  52.760  -41.987  -1.121 0.0000000000
26345  43.317  -32.628  1.853 0.0000000000
26347  42.816  -32.327  0.751 0.0000000000
26348  42.628  -32.091  -0.419 0.0000000000
26349  42.656  -31.917  -1.654 0.0000000000
28057  53.262  -43.639  18.050 0.0000000000
28058  53.136  -43.250  17.322 0.0000000000
28059  52.034  -43.674  17.970 0.0000000000
28060  50.727  -43.646  17.917 0.0000000000
28061  49.334  -43.611  17.843 0.0000000000
28067  43.414  -44.388  14.943 0.0000000000
28170  61.444  -38.102  9.263 0.0000000000
28171  62.538  -37.577  8.705 0.0000000000
28172  61.244  -37.247  8.363 0.0000000000
28173  60.951  -36.180  7.513 0.0000000000
28174  60.593  -35.082  6.716 0.0000000000
28175  60.074  -34.163  5.972 0.0000000000
28176  58.934  -34.727  6.594 0.0000000000
28177  57.276  -34.462  6.405 0.0000000000
28178  55.654  -34.311  6.215 0.0000000000
28179  54.063  -34.177  6.020 0.0000000000
28180  54.580  -34.766  6.804 0.0000000000
28181  53.534  -35.352  7.280 0.0000000000
28182  52.478  -35.953  7.728 0.0000000000
28183  51.640  -39.383  11.626 0.0000000000
28184  51.222  -38.694  10.606 0.0000000000
28185  50.230  -39.160  11.421 0.0000000000
28186  48.826  -39.021  11.172 0.0000000000
28187  47.413  -38.997  10.873 0.0000000000
28188  46.064  -39.079  10.539 0.0000000000
28189  46.513  -39.614  11.611 0.0000000000
28190  45.665  -40.348  12.258 0.0000000000
28191  44.878  -41.100  12.794 0.0000000000
28558  50.457  -47.501  8.185 0.0000000000
28559  49.949  -46.614  7.318 0.0000000000
28560  51.346  -47.240  7.396 0.0000000000
28561  52.239  -47.027  6.642 0.0000000000
28562  53.228  -46.846  5.796 0.0000000000
28564  57.380  -47.881  4.754 0.0000000000
28565  58.377  -47.755  3.975 0.0000000000
28566  58.222  -46.806  2.861 0.0000000000
28567  57.917  -45.622  2.089 0.0000000000
28568  57.445  -44.436  1.380 0.0000000000
28569  58.992  -45.285  1.575 0.0000000000
28570  60.047  -44.919  1.042 0.0000000000
28571  60.983  -44.549  0.568 0.0000000000
29001  44.262  -37.428  6.812 0.0000000000
29002  43.571  -37.344  6.038 0.0000000000
29003  43.134  -38.357  6.294 0.0000000000
29004  42.708  -39.589  5.473 0.0000000000
29005  43.061  -40.799  4.565 0.0000000000
29006  43.268  -41.742  5.934 0.0000000000
29007  43.672  -41.756  4.824 0.0000000000
29008  44.186  -41.702  3.718 0.0000000000
29009  45.685  -42.260  3.067 0.0000000000
29010  47.316  -42.569  2.657 0.0000000000
29011  49.138  -42.789  2.351 0.0000000000
30251  44.730  -36.628  -2.209 0.0000000000
30252  44.162  -35.503  -2.474 0.0000000000
30253  45.614  -36.159  -3.016 0.0000000000
30256  50.346  -36.336  -4.228 0.0000000000
31670  62.428  -38.609  10.779 0.0000000000
31671  61.581  -39.595  12.270 0.0000000000
31672  61.516  -39.193  11.306 0.0000000000
31673  61.452  -38.733  10.286 0.0000000000
31674  60.263  -38.605  9.798 0.0000000000
31675  58.817  -38.236  9.456 0.0000000000
31676  57.347  -37.789  9.182 0.0000000000
31677  55.919  -37.411  8.921 0.0000000000
31678  56.218  -38.282  9.738 0.0000000000
31679  55.133  -38.777  10.387 0.0000000000
31680  54.045  -39.156  11.075 0.0000000000
31681  55.901  -39.984  12.393 0.0000000000
31682  54.401  -39.763  12.130 0.0000000000
31683  53.057  -39.581  11.877 0.0000000000
31684  52.040  -40.005  12.626 0.0000000000
31685  51.074  -40.432  13.366 0.0000000000
31686  50.106  -40.845  14.016 0.0000000000
32708  45.642  -33.761  3.953 0.0000000000
32709  44.765  -33.376  3.396 0.0000000000
32710  43.969  -32.988  2.681 0.0000000000
32711  42.888  -33.796  1.803 0.0000000000
32712  42.552  -34.876  0.667 0.0000000000
32713  42.918  -35.965  -0.401 0.0000000000
32714  43.068  -37.289  5.093 0.0000000000
32715  42.653  -37.354  4.044 0.0000000000
32716  42.493  -37.434  2.966 0.0000000000
32717  43.298  -39.806  1.965 0.0000000000
32718  42.839  -38.679  1.810 0.0000000000
32719  42.595  -37.482  1.794 0.0000000000
32720  42.867  -37.416  0.653 0.0000000000
32721  43.325  -37.237  -0.366 0.0000000000
32722  43.931  -36.971  -1.324 0.0000000000
32723  45.409  -37.682  -2.004 0.0000000000
32724  47.110  -38.256  -2.450 0.0000000000
32725  48.966  -38.702  -2.937 0.0000000000
32726  48.837  -40.153  -2.109 0.0000000000
32727  49.874  -39.660  -2.752 0.0000000000
32728  50.951  -39.125  -3.291 0.0000000000
32729  52.880  -39.457  -3.633 0.0000000000
32730  54.770  -39.772  -3.722 0.0000000000
32731  56.748  -39.996  -3.710 0.0000000000
34008  62.802  -40.040  14.704 0.0000000000
34009  62.030  -40.594  14.972 0.0000000000
34010  61.280  -41.174  15.424 0.0000000000
34011  60.416  -41.708  15.959 0.0000000000
39017  44.270  -44.816  9.561 0.0000000000
39018  45.276  -45.022  8.459 0.0000000000
39019  45.287  -45.602  9.309 0.0000000000
39020  46.508  -46.320  9.125 0.0000000000
39021  47.784  -46.916  9.001 0.0000000000
39023  47.726  -47.601  9.822 0.0000000000
39024  49.062  -47.563  9.003 0.0000000000
39025  50.370  -48.211  8.960 0.0000000000
39448  60.323  -42.163  16.774 0.0000000000
39449  59.305  -42.143  16.428 0.0000000000
39475  58.052  -42.455  16.903 0.0000000000
39476  58.056  -42.039  16.084 0.0000000000
39477  56.779  -41.967  15.754 0.0000000000
39478  55.499  -41.946  15.517 0.0000000000
39479  54.167  -41.875  15.290 0.0000000000
39480  53.029  -42.868  16.584 0.0000000000
39481  52.879  -42.340  15.869 0.0000000000
39482  52.843  -41.722  15.110 0.0000000000
39483  51.480  -41.555  14.963 0.0000000000
39484  50.107  -41.403  14.789 0.0000000000
39485  48.740  -41.378  14.586 0.0000000000
39488  47.968  -43.553  17.696 0.0000000000
39491  47.733  -43.015  16.789 0.0000000000
39492  47.599  -42.477  15.927 0.0000000000
39493  47.468  -41.921  15.128 0.0000000000
39494  47.411  -41.368  14.327 0.0000000000
39495  46.118  -41.443  13.975 0.0000000000
39496  44.891  -41.674  13.574 0.0000000000
39497  43.897  -42.141  13.003 0.0000000000
39498  43.379  -43.861  14.007 0.0000000000
39499  43.337  -43.313  13.099 0.0000000000
39500  43.271  -42.746  12.207 0.0000000000
39501  43.143  -43.517  11.341 0.0000000000
39502  43.502  -44.244  10.414 0.0000000000
39503  43.468  -43.698  9.594 0.0000000000
39722  51.129  -33.224  4.064 0.0000000000
39723  50.109  -33.801  4.613 0.0000000000
39724  52.397  -34.218  5.754 0.0000000000
39725  50.732  -34.259  5.474 0.0000000000
39726  49.089  -34.369  5.211 0.0000000000
39727  48.163  -34.945  5.809 0.0000000000
39728  47.211  -35.606  6.368 0.0000000000
39729  46.386  -36.337  6.845 0.0000000000
39730  54.428  -37.078  8.626 0.0000000000
39731  52.945  -36.794  8.383 0.0000000000
39732  51.388  -36.643  8.158 0.0000000000
39733  50.841  -38.024  9.604 0.0000000000
39734  50.364  -37.318  8.689 0.0000000000
39735  49.878  -36.627  7.958 0.0000000000
39736  48.359  -36.674  7.756 0.0000000000
39737  46.909  -36.837  7.529 0.0000000000
39738  45.500  -37.074  7.219 0.0000000000
39739  44.713  -37.863  7.652 0.0000000000
39740  44.018  -38.694  8.123 0.0000000000
39741  43.430  -39.630  8.552 0.0000000000
39742  44.843  -39.381  10.171 0.0000000000
39743  43.763  -39.916  9.643 0.0000000000
39744  43.083  -40.645  8.902 0.0000000000
39745  43.002  -41.680  9.131 0.0000000000
39746  43.132  -42.668  9.346 0.0000000000
40477  45.930  -44.865  7.534 0.0000000000
40478  46.629  -44.675  6.606 0.0000000000
40479  47.404  -44.505  5.759 0.0000000000
40480  49.422  -45.883  6.415 0.0000000000
40481  48.764  -45.072  5.601 0.0000000000
40482  48.121  -44.246  4.976 0.0000000000
40483  48.915  -43.900  4.125 0.0000000000
40484  49.807  -43.519  3.274 0.0000000000
40485  50.714  -43.157  2.380 0.0000000000
40486  54.797  -48.361  6.934 0.0000000000
40487  54.512  -47.421  6.022 0.0000000000
40488  54.127  -46.667  4.962 0.0000000000
40489  56.149  -47.189  4.459 0.0000000000
40490  54.988  -46.533  4.208 0.0000000000
40491  53.579  -45.827  4.045 0.0000000000
40492  52.979  -44.750  3.253 0.0000000000
40493  52.344  -43.726  2.493 0.0000000000
40494  51.622  -42.966  1.471 0.0000000000
40495  52.587  -42.815  0.626 0.0000000000
40496  53.550  -42.664  -0.096 0.0000000000
40497  54.531  -42.455  -0.825 0.0000000000
40498  56.851  -43.576  0.439 0.0000000000
40499  56.128  -42.907  -0.543 0.0000000000
40500  55.416  -42.142  -1.534 0.0000000000
40501  56.411  -41.720  -2.222 0.0000000000
40502  57.419  -41.137  -2.814 0.0000000000
40503  58.341  -40.508  -3.325 0.0000000000
40527  61.371  -42.861  -0.860 0.0000000000
40528  60.746  -41.894  -1.729 0.0000000000
40529  60.082  -40.954  -2.744 0.0000000000
40530  59.426  -39.944  -3.693 0.0000000000
40531  60.332  -39.322  -4.014 0.0000000000
41009  43.914  -43.849  8.609 0.0000000000
41010  44.158  -43.841  8.113 0.0000000000
41011  44.476  -44.255  8.257 0.0000000000
41307  56.752  -39.225  -4.117 0.0000000000
41308  56.329  -38.711  -4.302 0.0000000000
41309  57.271  -38.886  -4.263 0.0000000000
41310  57.775  -38.557  -4.392 0.0000000000
41311  58.219  -39.071  -4.230 0.0000000000
41642  59.868  -41.503  15.343 0.0000000000
41643  59.756  -41.312  14.877 0.0000000000
41644  59.278  -41.498  15.162 0.0000000000
41645  58.660  -41.462  15.004 0.0000000000
41646  58.815  -41.683  15.469 0.0000000000
41904  45.365  -36.186  6.290 0.0000000000
41905  44.979  -36.083  5.970 0.0000000000
41906  44.595  -36.472  6.136 0.0000000000
41907  49.060  -42.417  1.524 0.0000000000
41908  48.554  -42.182  1.166 0.0000000000
41909  49.495  -42.306  1.043 0.0000000000
41910  49.922  -42.214  0.575 0.0000000000
41911  50.415  -42.478  0.960 0.0000000000
42797  43.009  -35.276  -0.950 0.0000000000
42798  42.875  -34.611  -1.051 0.0000000000
42799  43.255  -35.152  -1.506 0.0000000000
43810  57.802  -37.021  8.570 0.0000000000
43811  58.388  -36.748  8.289 0.0000000000
43812  57.622  -36.526  8.186 0.0000000000
43813  57.443  -36.045  7.810 0.0000000000
43814  56.852  -36.346  8.090 0.0000000000
43815  56.075  -36.146  7.965 0.0000000000
43816  56.257  -36.627  8.322 0.0000000000
43817  49.218  -40.548  13.460 0.0000000000
43818  48.981  -40.257  13.009 0.0000000000
43819  48.543  -40.534  13.368 0.0000000000
43820  47.883  -40.520  13.237 0.0000000000
43821  48.102  -40.805  13.685 0.0000000000
44027  53.433  -48.743  8.023 0.0000000000
44304  42.994  -39.895  7.637 0.0000000000
44305  42.876  -39.963  7.150 0.0000000000
44306  42.823  -40.514  7.262 0.0000000000
44307  45.948  -43.544  5.338 0.0000000000
44308  45.509  -43.228  5.125 0.0000000000
44309  46.292  -43.404  4.877 0.0000000000
44310  46.644  -43.266  4.411 0.0000000000
44311  47.111  -43.579  4.643 0.0000000000
45197  49.066  -37.876  -3.262 0.0000000000
45198  48.647  -37.333  -3.382 0.0000000000
45199  49.608  -37.545  -3.512 0.0000000000
46209  62.528  -39.450  13.262 0.0000000000
46210  58.965  -40.069  12.227 0.0000000000
46211  59.514  -39.884  11.896 0.0000000000
46212  58.863  -39.773  11.717 0.0000000000
46213  58.737  -39.457  11.220 0.0000000000
46214  58.193  -39.633  11.523 0.0000000000
46215  57.477  -39.495  11.344 0.0000000000
46216  57.655  -39.823  11.857 0.0000000000
46217  54.764  -41.163  14.297 0.0000000000
46218  54.552  -40.872  13.849 0.0000000000
46219  54.046  -41.050  14.167 0.0000000000
46220  53.344  -40.940  14.052 0.0000000000
46221  53.552  -41.237  14.485 0.0000000000
46989  48.882  -33.573  4.163 0.0000000000
46990  48.389  -33.370  3.919 0.0000000000
46991  47.947  -33.673  4.183 0.0000000000
46992  42.943  -35.678  3.344 0.0000000000
46993  43.176  -35.131  3.322 0.0000000000
46994  42.778  -35.660  2.826 0.0000000000
46995  42.663  -35.652  2.316 0.0000000000
46996  42.578  -36.237  2.323 0.0000000000
46997  42.993  -40.299  3.858 0.0000000000
46998  42.804  -39.742  3.747 0.0000000000
46999  43.153  -40.329  3.250 0.0000000000
47000  45.687  -40.324  -0.429 0.0000000000
47001  44.880  -40.011  -0.059 0.0000000000
47002  45.269  -39.860  -0.544 0.0000000000
47003  44.900  -39.365  -0.637 0.0000000000
47004  45.686  -39.696  -0.977 0.0000000000
47005  46.134  -39.496  -1.370 0.0000000000
47006  46.532  -39.968  -1.278 0.0000000000
47007  52.763  -41.498  -1.883 0.0000000000
47008  52.295  -41.130  -2.226 0.0000000000
47009  53.286  -41.322  -2.223 0.0000000000
47010  53.771  -41.098  -2.564 0.0000000000
47011  54.312  -41.497  -2.187 0.0000000000
52139  44.291  -46.313  11.713 0.0000000000
52140  44.776  -46.451  11.125 0.0000000000
52141  44.750  -46.793  11.540 0.0000000000
52522  54.921  -43.005  17.248 0.0000000000
52523  54.854  -42.793  16.877 0.0000000000
52524  54.324  -43.008  17.131 0.0000000000
52525  49.778  -43.202  17.072 0.0000000000
52526  50.381  -43.014  16.712 0.0000000000
52527  49.699  -42.921  16.647 0.0000000000
52528  49.606  -42.618  16.215 0.0000000000
52529  49.022  -42.832  16.559 0.0000000000
52533  44.190  -43.972  16.148 0.0000000000
52534  44.720  -43.727  16.439 0.0000000000
52535  44.634  -43.469  15.985 0.0000000000
52536  45.133  -42.967  15.749 0.0000000000
52537  44.582  -43.196  15.506 0.0000000000
52538  44.528  -42.929  15.059 0.0000000000
52539  44.085  -43.456  15.203 0.0000000000
52540  43.871  -46.306  12.586 0.0000000000
52541  43.552  -45.669  12.621 0.0000000000
52542  43.880  -45.998  12.166 0.0000000000
52543  43.877  -45.712  11.739 0.0000000000
52710  62.967  -38.101  9.982 0.0000000000
52712  63.025  -37.852  9.453 0.0000000000
52713  61.913  -35.034  6.472 0.0000000000
52714  62.653  -35.287  6.553 0.0000000000
52715  62.492  -34.740  6.174 0.0000000000
52720  55.961  -33.761  5.446 0.0000000000
52721  56.538  -33.502  5.145 0.0000000000
52722  55.678  -33.474  5.017 0.0000000000
52723  55.414  -33.180  4.598 0.0000000000
52724  54.847  -33.456  4.881 0.0000000000
52725  53.974  -33.456  4.778 0.0000000000
52726  54.270  -33.730  5.219 0.0000000000
52727  51.426  -35.600  7.280 0.0000000000
52728  51.136  -35.308  6.968 0.0000000000
52729  50.631  -35.617  7.196 0.0000000000
52730  49.820  -35.665  7.085 0.0000000000
52731  50.105  -35.929  7.412 0.0000000000
52732  53.189  -38.725  10.451 0.0000000000
52733  52.983  -38.359  9.969 0.0000000000
52734  52.475  -38.621  10.335 0.0000000000
52735  47.668  -38.425  9.971 0.0000000000
52736  48.153  -38.152  9.620 0.0000000000
52737  47.444  -38.181  9.472 0.0000000000
52738  47.205  -37.938  9.004 0.0000000000
52739  46.724  -38.257  9.333 0.0000000000
52740  46.025  -38.346  9.177 0.0000000000
52741  46.293  -38.530  9.667 0.0000000000
52742  44.137  -41.094  11.945 0.0000000000
52743  43.965  -40.909  11.397 0.0000000000
52744  43.692  -41.371  11.568 0.0000000000
52745  43.375  -41.673  11.199 0.0000000000
52746  43.478  -41.831  11.770 0.0000000000
53356  48.429  -46.594  8.200 0.0000000000
53357  48.182  -46.199  7.764 0.0000000000
53358  48.881  -46.474  7.760 0.0000000000
53359  52.184  -46.173  5.241 0.0000000000
53360  51.446  -45.875  5.174 0.0000000000
53361  51.891  -45.735  4.780 0.0000000000
53362  51.550  -45.260  4.375 0.0000000000
53363  52.358  -45.597  4.382 0.0000000000
53367  56.667  -45.409  2.300 0.0000000000
53368  56.145  -45.590  2.621 0.0000000000
53369  55.921  -44.992  2.254 0.0000000000
53370  55.148  -44.629  2.252 0.0000000000
53371  55.634  -44.416  1.895 0.0000000000
53372  55.342  -43.914  1.487 0.0000000000
53373  56.153  -44.216  1.553 0.0000000000
53374  59.896  -43.600  -0.083 0.0000000000
53375  59.110  -43.362  -0.271 0.0000000000
53376  59.579  -43.144  -0.558 0.0000000000
53377  59.238  -42.701  -1.045 0.0000000000
53378  60.059  -42.911  -0.826 0.0000000000
53904  43.049  -41.986  8.112 0.0000000000
53905  43.126  -42.064  7.607 0.0000000000
53906  43.330  -42.543  7.704 0.0000000000
53907  44.700  -43.811  7.137 0.0000000000
53908  44.337  -43.432  7.002 0.0000000000
53909  44.974  -43.773  6.661 0.0000000000
53910  45.302  -43.723  6.212 0.0000000000
53911  45.714  -44.042  6.381 0.0000000000
54797  52.896  -38.602  -3.965 0.0000000000
54798  52.481  -38.057  -4.038 0.0000000000
54799  53.453  -38.219  -4.186 0.0000000000
54800  55.485  -37.609  -4.562 0.0000000000
54801  54.537  -37.425  -4.504 0.0000000000
54802  55.073  -37.076  -4.674 0.0000000000
55807  61.488  -40.486  14.304 0.0000000000
55808  61.419  -40.311  13.900 0.0000000000
55809  61.018  -40.591  14.112 0.0000000000
55810  59.557  -40.908  13.978 0.0000000000
55811  59.999  -40.729  13.713 0.0000000000
55812  59.414  -40.718  13.549 0.0000000000
55813  59.280  -40.517  13.138 0.0000000000
55814  58.739  -40.667  13.439 0.0000000000
55815  58.098  -40.603  13.295 0.0000000000
55816  58.252  -40.817  13.737 0.0000000000
55817  57.394  -41.373  14.731 0.0000000000
55818  57.258  -41.151  14.335 0.0000000000
55819  56.764  -41.346  14.613 0.0000000000
55820  56.083  -41.316  14.528 0.0000000000
55821  56.270  -41.518  14.901 0.0000000000
56589  47.049  -34.744  5.286 0.0000000000
56590  46.586  -34.608  4.999 0.0000000000
56591  46.211  -34.935  5.282 0.0000000000
56592  44.155  -35.877  5.201 0.0000000000
56593  44.528  -35.444  5.029 0.0000000000
56594  43.791  -35.817  4.787 0.0000000000
56595  43.469  -35.741  4.310 0.0000000000
56596  43.224  -36.245  4.417 0.0000000000
56597  45.513  -41.845  2.311 0.0000000000
56598  45.052  -41.514  2.069 0.0000000000
56599  45.858  -41.762  1.768 0.0000000000
56600  47.514  -41.711  0.492 0.0000000000
56601  46.623  -41.554  0.720 0.0000000000
56602  47.052  -41.431  0.219 0.0000000000
56603  46.560  -41.107  -0.036 0.0000000000
56604  47.490  -41.293  -0.279 0.0000000000
56605  47.932  -41.125  -0.762 0.0000000000
56606  48.389  -41.439  -0.453 0.0000000000
56607  50.840  -42.045  -0.306 0.0000000000
56608  50.321  -41.751  -0.656 0.0000000000
56609  51.292  -41.921  -0.708 0.0000000000
56610  51.793  -41.803  -1.118 0.0000000000
56611  52.282  -42.118  -0.725 0.0000000000
59267  42.847  -33.078  1.314 0.0000000000
59268  43.035  -32.468  1.319 0.0000000000
59269  42.678  -32.966  0.748 0.0000000000
59270  42.652  -33.327  -1.088 0.0000000000
59271  42.584  -32.753  -0.468 0.0000000000
59272  42.616  -32.666  -1.069 0.0000000000
59273  42.620  -31.995  -1.028 0.0000000000
59274  42.689  -32.569  -1.660 0.0000000000
62123  52.655  -43.648  17.998 0.0000000000
62126  50.857  -43.820  18.281 0.0000000000
62127  50.188  -43.824  18.248 0.0000000000
62128  50.048  -43.629  17.877 0.0000000000
62310  60.760  -37.982  9.071 0.0000000000
62311  61.343  -37.725  8.791 0.0000000000
62312  60.624  -37.516  8.630 0.0000000000
62313  59.582  -36.173  7.743 0.0000000000
62314  60.367  -36.447  7.814 0.0000000000
62315  60.177  -35.913  7.428 0.0000000000
62316  60.789  -35.623  7.104 0.0000000000
62317  60.007  -35.383  7.037 0.0000000000
62318  59.756  -34.895  6.664 0.0000000000
62319  59.178  -35.202  6.979 0.0000000000
62320  56.960  -35.147  7.124 0.0000000000
62321  57.520  -34.860  6.815 0.0000000000
62322  56.700  -34.744  6.732 0.0000000000
62323  56.472  -34.377  6.308 0.0000000000
62324  55.929  -34.617  6.629 0.0000000000
62325  55.133  -34.542  6.524 0.0000000000
62326  55.408  -34.854  6.918 0.0000000000
62327  54.565  -35.839  7.727 0.0000000000
62328  54.322  -35.430  7.398 0.0000000000
62329  53.769  -35.724  7.606 0.0000000000
62330  52.990  -35.632  7.470 0.0000000000
62331  53.233  -36.033  7.825 0.0000000000
62332  51.143  -39.611  12.045 0.0000000000
62333  50.949  -39.281  11.529 0.0000000000
62334  50.443  -39.518  11.938 0.0000000000
62335  48.573  -39.618  12.058 0.0000000000
62336  49.035  -39.325  11.681 0.0000000000
62337  48.368  -39.294  11.541 0.0000000000
62338  48.125  -39.004  11.027 0.0000000000
62339  47.649  -39.284  11.395 0.0000000000
62340  46.965  -39.252  11.225 0.0000000000
62341  47.190  -39.592  11.773 0.0000000000
62342  46.579  -40.567  12.951 0.0000000000
62343  46.317  -40.273  12.461 0.0000000000
62344  45.883  -40.627  12.750 0.0000000000
62345  45.242  -40.712  12.541 0.0000000000
62346  45.476  -40.977  13.015 0.0000000000
62956  51.129  -47.852  8.201 0.0000000000
62957  50.901  -47.361  7.789 0.0000000000
62958  51.569  -47.702  7.822 0.0000000000
62959  53.132  -47.789  7.137 0.0000000000
62960  52.486  -47.457  7.082 0.0000000000
62961  52.917  -47.333  6.697 0.0000000000
62962  52.728  -46.929  6.234 0.0000000000
62963  53.406  -47.231  6.315 0.0000000000
62967  59.464  -47.077  2.864 0.0000000000
62968  58.889  -47.186  3.098 0.0000000000
62969  58.845  -46.673  2.604 0.0000000000
62970  58.115  -46.236  2.465 0.0000000000
62971  58.677  -46.052  2.205 0.0000000000
62972  58.468  -45.458  1.830 0.0000000000
62973  59.217  -45.884  1.954 0.0000000000
62975  60.282  -45.560  1.458 0.0000000000
62976  60.781  -45.372  1.212 0.0000000000
62977  60.526  -44.751  0.819 0.0000000000
63789  43.949  -37.870  7.000 0.0000000000
63790  43.638  -37.832  6.608 0.0000000000
63791  43.386  -38.296  6.767 0.0000000000
63792  42.754  -40.092  6.121 0.0000000000
63793  42.753  -39.521  6.021 0.0000000000
63794  42.749  -40.162  5.579 0.0000000000
63795  42.776  -40.228  5.022 0.0000000000
63796  42.927  -40.766  5.135 0.0000000000
63797  43.368  -42.153  6.602 0.0000000000
63798  43.121  -41.693  6.481 0.0000000000
63799  43.561  -42.190  6.073 0.0000000000
63800  44.644  -42.547  4.685 0.0000000000
63801  43.999  -42.194  5.002 0.0000000000
63802  44.289  -42.159  4.464 0.0000000000
63803  43.916  -41.740  4.266 0.0000000000
63804  44.594  -42.107  3.933 0.0000000000
63805  44.896  -42.033  3.395 0.0000000000
63806  45.322  -42.361  3.631 0.0000000000
63807  47.414  -42.997  3.447 0.0000000000
63808  46.961  -42.717  3.174 0.0000000000
63809  47.812  -42.838  2.964 0.0000000000
63810  48.213  -42.683  2.497 0.0000000000
63811  48.738  -42.935  2.809 0.0000000000
66467  45.493  -36.945  -2.476 0.0000000000
66468  45.149  -36.405  -2.623 0.0000000000
66469  45.969  -36.690  -2.853 0.0000000000
66470  47.836  -36.320  -3.712 0.0000000000
66471  46.937  -36.134  -3.583 0.0000000000
66472  47.451  -35.827  -3.978 0.0000000000
66475  51.724  -36.974  -4.194 0.0000000000
66476  50.722  -36.846  -4.039 0.0000000000
66477  51.356  -36.484  -4.347 0.0000000000
69505  62.868  -38.877  12.094 0.0000000000
69507  62.854  -38.715  11.582 0.0000000000
69508  62.847  -38.515  11.061 0.0000000000
69509  62.435  -38.814  11.273 0.0000000000
69510  61.261  -40.076  12.943 0.0000000000
69511  61.651  -39.758  12.754 0.0000000000
69512  61.165  -39.876  12.528 0.0000000000
69513  60.525  -39.457  11.344 0.0000000000
69514  61.042  -39.481  11.570 0.0000000000
69515  61.013  -39.221  11.064 0.0000000000
69516  61.496  -38.973  10.786 0.0000000000
69517  60.925  -38.986  10.538 0.0000000000
69518  60.893  -38.702  10.015 0.0000000000
69519  60.343  -38.927  10.307 0.0000000000
69520  58.374  -38.802  10.208 0.0000000000
69521  58.966  -38.629  9.908 0.0000000000
69522  58.218  -38.439  9.738 0.0000000000
69523  58.080  -38.017  9.310 0.0000000000
69524  57.472  -38.248  9.582 0.0000000000
69525  56.774  -38.024  9.437 0.0000000000
69526  56.911  -38.452  9.862 0.0000000000
69527  56.027  -39.229  11.046 0.0000000000
69528  55.841  -38.898  10.556 0.0000000000
69529  55.291  -39.095  10.887 0.0000000000
69530  54.549  -38.957  10.720 0.0000000000
69531  54.748  -39.266  11.220 0.0000000000
69532  56.757  -40.421  13.009 0.0000000000
69533  56.585  -40.118  12.529 0.0000000000
69534  56.088  -40.326  12.870 0.0000000000
69535  54.150  -40.271  12.978 0.0000000000
69536  54.638  -40.062  12.623 0.0000000000
69537  53.931  -39.974  12.504 0.0000000000
69538  53.752  -39.674  11.996 0.0000000000
69539  53.245  -39.875  12.380 0.0000000000
69540  52.541  -39.795  12.241 0.0000000000
69541  52.760  -40.087  12.702 0.0000000000
69542  51.936  -40.764  13.878 0.0000000000
69543  51.747  -40.485  13.449 0.0000000000
69544  51.260  -40.702  13.790 0.0000000000
69545  50.585  -40.631  13.682 0.0000000000
69546  50.788  -40.896  14.128 0.0000000000
71852  45.676  -34.280  4.419 0.0000000000
71853  46.103  -33.946  4.168 0.0000000000
71854  45.247  -34.126  4.134 0.0000000000
71855  43.725  -34.130  3.191 0.0000000000
71856  44.415  -33.808  3.517 0.0000000000
71857  44.041  -33.662  3.140 0.0000000000
71858  44.372  -33.171  3.064 0.0000000000
71859  43.687  -33.504  2.734 0.0000000000
71860  43.341  -33.342  2.296 0.0000000000
71861  43.110  -33.906  2.318 0.0000000000
71862  42.542  -35.587  1.221 0.0000000000
71863  42.560  -34.946  1.236 0.0000000000
71864  42.584  -35.514  0.661 0.0000000000
71865  42.671  -35.441  0.109 0.0000000000
71866  42.735  -36.056  0.132 0.0000000000
71867  43.090  -37.855  5.696 0.0000000000
71868  43.307  -37.309  5.575 0.0000000000
71869  42.905  -37.850  5.210 0.0000000000
71870  42.585  -38.616  3.583 0.0000000000
71871  42.613  -37.957  4.120 0.0000000000
71872  42.536  -37.993  3.542 0.0000000000
71873  42.543  -37.391  3.514 0.0000000000
71874  42.517  -37.996  2.972 0.0000000000
71875  44.203  -40.744  1.691 0.0000000000
71876  43.575  -40.319  2.093 0.0000000000
71877  43.843  -40.289  1.537 0.0000000000
71878  43.535  -39.171  0.770 0.0000000000
71879  43.251  -39.215  1.312 0.0000000000
71880  43.008  -38.642  1.249 0.0000000000
71881  42.687  -38.082  1.787 0.0000000000
71882  42.841  -38.069  1.234 0.0000000000
71883  42.714  -37.471  1.226 0.0000000000
71884  43.058  -38.049  0.671 0.0000000000
71885  44.213  -38.301  -0.790 0.0000000000
71886  43.573  -37.846  -0.358 0.0000000000
71887  43.886  -37.728  -0.819 0.0000000000
71888  43.617  -37.128  -0.853 0.0000000000
71889  44.239  -37.558  -1.271 0.0000000000
71890  44.622  -37.361  -1.689 0.0000000000
71891  44.977  -37.910  -1.616 0.0000000000
71892  47.042  -39.016  -2.096 0.0000000000
71893  46.600  -38.523  -2.142 0.0000000000
71894  47.535  -38.749  -2.401 0.0000000000
71895  48.040  -38.482  -2.704 0.0000000000
71896  48.474  -38.982  -2.656 0.0000000000
71897  48.855  -40.770  -1.556 0.0000000000
71898  48.325  -40.375  -1.750 0.0000000000
71899  49.330  -40.566  -1.921 0.0000000000
71900  51.292  -40.349  -2.711 0.0000000000
71901  50.340  -40.150  -2.587 0.0000000000
71902  50.827  -39.882  -2.898 0.0000000000
71903  50.392  -39.395  -3.032 0.0000000000
71904  51.366  -39.596  -3.179 0.0000000000
71905  51.880  -39.295  -3.467 0.0000000000
71906  52.322  -39.775  -3.329 0.0000000000
71907  54.793  -40.559  -3.197 0.0000000000
71908  54.294  -40.092  -3.473 0.0000000000
71909  55.290  -40.236  -3.471 0.0000000000
71910  55.791  -39.882  -3.726 0.0000000000
71911  56.253  -40.351  -3.465 0.0000000000
74939  62.840  -40.272  15.167 0.0000000000
74940  62.394  -40.326  14.821 0.0000000000
74941  62.451  -40.533  15.287 0.0000000000
74942  61.810  -41.355  16.091 0.0000000000
74943  61.776  -41.127  15.626 0.0000000000
74944  61.338  -41.395  15.856 0.0000000000
74945  60.856  -41.429  15.669 0.0000000000
74946  60.909  -41.662  16.104 0.0000000000
79900  44.548  -35.346  -2.945 0.0000000000
79901  43.904  -34.909  -2.614 0.0000000000
87299  44.295  -45.102  9.993 0.0000000000
87300  44.755  -45.207  9.416 0.0000000000
87301  44.779  -45.512  9.856 0.0000000000
87302  45.893  -46.600  10.023 0.0000000000
87303  45.898  -46.286  9.618 0.0000000000
87304  46.520  -46.623  9.533 0.0000000000
87305  47.146  -46.618  9.052 0.0000000000
87306  47.135  -46.935  9.458 0.0000000000
87313  48.383  -47.584  9.417 0.0000000000
87314  49.026  -47.914  9.414 0.0000000000
87315  49.723  -47.895  8.981 0.0000000000
88375  59.685  -42.675  17.457 0.0000000000
88377  59.755  -42.398  17.028 0.0000000000
88378  59.831  -42.174  16.605 0.0000000000
88379  59.239  -42.352  16.842 0.0000000000
88443  56.746  -42.581  16.926 0.0000000000
88444  57.422  -42.642  17.111 0.0000000000
88445  57.401  -42.401  16.704 0.0000000000
88446  58.059  -42.242  16.482 0.0000000000
88447  57.405  -42.192  16.290 0.0000000000
88448  57.424  -41.986  15.899 0.0000000000
88449  56.769  -42.164  16.132 0.0000000000
88450  54.863  -42.371  16.150 0.0000000000
88451  55.502  -42.171  15.892 0.0000000000
88452  54.827  -42.150  15.790 0.0000000000
88453  54.823  -41.921  15.417 0.0000000000
88454  54.165  -42.127  15.684 0.0000000000
88455  52.518  -43.311  17.230 0.0000000000
88456  53.103  -43.067  16.921 0.0000000000
88457  52.440  -43.112  16.902 0.0000000000
88458  51.599  -42.552  16.058 0.0000000000
88459  52.269  -42.605  16.140 0.0000000000
88460  52.187  -42.292  15.769 0.0000000000
88461  52.840  -42.030  15.493 0.0000000000
88462  52.157  -41.960  15.384 0.0000000000
88463  52.154  -41.642  15.032 0.0000000000
88464  51.490  -41.874  15.310 0.0000000000
88465  49.462  -41.994  15.465 0.0000000000
88466  50.109  -41.712  15.146 0.0000000000
88467  49.411  -41.669  15.058 0.0000000000
88468  49.417  -41.377  14.676 0.0000000000
88469  48.760  -41.664  14.984 0.0000000000
88481  45.914  -43.379  16.839 0.0000000000
88483  46.544  -43.303  16.981 0.0000000000
88484  47.163  -43.276  17.114 0.0000000000
88485  47.067  -43.012  16.664 0.0000000000
88486  47.686  -42.753  16.350 0.0000000000
88487  47.015  -42.756  16.234 0.0000000000
88488  46.241  -42.234  15.213 0.0000000000
88489  46.870  -42.208  15.374 0.0000000000
88490  46.832  -41.931  14.972 0.0000000000
88491  47.431  -41.646  14.717 0.0000000000
88492  46.786  -41.672  14.574 0.0000000000
88493  46.766  -41.398  14.179 0.0000000000
88494  46.149  -41.725  14.400 0.0000000000
88495  44.432  -42.419  14.162 0.0000000000
88496  44.938  -41.938  13.975 0.0000000000
88497  44.383  -42.153  13.733 0.0000000000
88498  44.339  -41.884  13.303 0.0000000000
88499  43.921  -42.415  13.440 0.0000000000
88500  43.270  -44.790  14.472 0.0000000000
88501  43.403  -44.140  14.467 0.0000000000
88502  43.232  -44.538  13.993 0.0000000000
88503  43.212  -44.369  12.662 0.0000000000
88504  43.209  -43.986  13.099 0.0000000000
88505  43.200  -43.708  12.663 0.0000000000
88506  43.301  -43.037  12.664 0.0000000000
88507  43.166  -43.424  12.231 0.0000000000
88508  43.138  -43.136  11.793 0.0000000000
88509  43.156  -43.802  11.787 0.0000000000
88510  43.892  -45.124  10.845 0.0000000000
88511  43.528  -44.536  10.875 0.0000000000
88512  43.872  -44.839  10.431 0.0000000000
88513  43.842  -44.546  9.986 0.0000000000
89018  62.467  -37.167  8.221 0.0000000000
89019  63.087  -37.277  8.414 0.0000000000
89020  63.025  -36.861  7.904 0.0000000000
89040  59.256  -34.013  5.897 0.0000000000
89041  59.856  -33.737  5.600 0.0000000000
89042  59.034  -33.632  5.513 0.0000000000
89057  52.325  -33.479  4.534 0.0000000000
89058  51.995  -33.210  4.150 0.0000000000
89059  51.447  -33.482  4.441 0.0000000000
89060  50.584  -33.506  4.327 0.0000000000
89061  50.920  -33.749  4.737 0.0000000000
89062  53.527  -34.427  6.287 0.0000000000
89063  53.251  -34.193  5.885 0.0000000000
89064  52.698  -34.448  6.161 0.0000000000
89065  50.532  -34.766  6.186 0.0000000000
89066  51.031  -34.486  5.898 0.0000000000
89067  50.217  -34.529  5.771 0.0000000000
89068  49.896  -34.305  5.345 0.0000000000
89069  49.410  -34.593  5.657 0.0000000000
89070  48.620  -34.656  5.532 0.0000000000
89071  48.951  -34.892  5.944 0.0000000000
89072  48.291  -35.791  6.853 0.0000000000
89073  47.972  -35.544  6.477 0.0000000000
89074  47.537  -35.872  6.739 0.0000000000
89075  46.802  -35.941  6.615 0.0000000000
89076  47.107  -36.237  6.984 0.0000000000
89077  55.332  -37.696  9.171 0.0000000000
89078  55.160  -37.250  8.768 0.0000000000
89079  54.586  -37.535  9.021 0.0000000000
89080  52.621  -37.542  9.050 0.0000000000
89081  53.153  -37.236  8.764 0.0000000000
89082  52.404  -37.128  8.638 0.0000000000
89083  52.177  -36.706  8.263 0.0000000000
89084  51.638  -37.045  8.529 0.0000000000
89085  50.562  -38.603  10.507 0.0000000000
89086  51.068  -38.373  10.115 0.0000000000
89087  50.361  -38.290  10.019 0.0000000000
89088  49.153  -37.563  8.926 0.0000000000
89089  49.882  -37.600  9.015 0.0000000000
89090  49.646  -37.268  8.570 0.0000000000
89091  50.159  -36.941  8.281 0.0000000000
89092  49.377  -36.953  8.195 0.0000000000
89093  49.105  -36.648  7.866 0.0000000000
89094  48.624  -36.972  8.098 0.0000000000
89095  46.687  -37.435  8.125 0.0000000000
89096  47.164  -37.110  7.891 0.0000000000
89097  46.455  -37.206  7.767 0.0000000000
89098  46.164  -36.947  7.373 0.0000000000
89099  45.761  -37.317  7.610 0.0000000000
89100  45.107  -37.464  7.432 0.0000000000
89101  45.346  -37.678  7.837 0.0000000000
89102  44.795  -38.626  8.833 0.0000000000
89103  44.583  -38.442  8.366 0.0000000000
89104  44.214  -38.844  8.611 0.0000000000
89105  43.701  -39.149  8.337 0.0000000000
89106  43.877  -39.304  8.863 0.0000000000
89107  45.640  -39.406  10.880 0.0000000000
89108  45.419  -39.194  10.359 0.0000000000
89109  45.023  -39.577  10.673 0.0000000000
89110  43.640  -40.532  10.366 0.0000000000
89111  43.930  -40.070  10.132 0.0000000000
89112  43.515  -40.393  9.818 0.0000000000
89113  43.373  -40.257  9.296 0.0000000000
89114  43.173  -40.768  9.434 0.0000000000
89115  43.016  -41.161  9.023 0.0000000000
89116  43.079  -41.288  9.561 0.0000000000
89117  43.080  -42.449  10.368 0.0000000000
89118  43.064  -42.302  9.799 0.0000000000
89119  43.103  -42.832  9.927 0.0000000000
89120  43.289  -43.196  9.459 0.0000000000
89121  43.221  -43.346  10.035 0.0000000000
90946  45.867  -45.350  8.359 0.0000000000
90947  45.594  -44.949  7.995 0.0000000000
90948  46.211  -45.262  7.897 0.0000000000
90949  47.616  -45.363  6.908 0.0000000000
90950  46.929  -45.061  6.974 0.0000000000
90951  47.312  -44.971  6.524 0.0000000000
90952  47.035  -44.599  6.189 0.0000000000
90953  47.698  -44.892  6.107 0.0000000000
90954  50.376  -46.529  6.905 0.0000000000
90955  49.682  -46.236  6.871 0.0000000000
90956  50.114  -46.173  6.457 0.0000000000
90957  49.962  -45.257  5.146 0.0000000000
90958  49.514  -45.370  5.563 0.0000000000
90959  49.166  -44.945  5.214 0.0000000000
90960  48.439  -44.655  5.272 0.0000000000
90961  48.815  -44.518  4.920 0.0000000000
90962  48.513  -44.085  4.557 0.0000000000
90963  49.236  -44.365  4.512 0.0000000000
90964  50.908  -44.286  3.690 0.0000000000
90965  50.118  -43.995  3.699 0.0000000000
90966  50.603  -43.794  3.280 0.0000000000
90967  50.264  -43.338  2.831 0.0000000000
90968  51.055  -43.597  2.868 0.0000000000
90972  55.533  -47.676  5.749 0.0000000000
90973  55.116  -47.761  6.123 0.0000000000
90974  54.952  -47.329  5.622 0.0000000000
90975  54.319  -47.023  5.500 0.0000000000
90976  54.780  -46.957  5.098 0.0000000000
90977  57.223  -47.477  4.153 0.0000000000
90978  56.769  -47.534  4.587 0.0000000000
90979  56.617  -47.125  3.988 0.0000000000
90980  55.129  -45.932  3.327 0.0000000000
90981  55.387  -46.425  3.790 0.0000000000
90982  54.724  -46.065  3.726 0.0000000000
90983  54.303  -46.187  4.117 0.0000000000
90984  54.029  -45.685  3.674 0.0000000000
90985  53.294  -45.289  3.619 0.0000000000
90986  53.754  -45.129  3.259 0.0000000000
90987  53.656  -43.883  2.114 0.0000000000
90988  53.161  -44.049  2.527 0.0000000000
90989  52.852  -43.585  2.055 0.0000000000
90990  52.014  -43.303  1.992 0.0000000000
90991  52.499  -43.209  1.540 0.0000000000
90992  52.096  -42.898  1.034 0.0000000000
90993  52.995  -43.120  1.118 0.0000000000
90994  54.706  -43.212  0.461 0.0000000000
90995  53.900  -42.981  0.351 0.0000000000
90996  54.338  -42.899  -0.008 0.0000000000
90997  54.028  -42.585  -0.461 0.0000000000
90998  54.815  -42.811  -0.345 0.0000000000
90999  57.953  -44.263  1.114 0.0000000000
91000  57.190  -43.931  0.942 0.0000000000
91001  57.672  -43.817  0.616 0.0000000000
91002  57.426  -42.969  -0.704 0.0000000000
91003  56.960  -43.120  -0.386 0.0000000000
91004  56.578  -42.770  -0.890 0.0000000000
91005  55.760  -42.557  -1.027 0.0000000000
91006  56.235  -42.383  -1.375 0.0000000000
91007  55.912  -41.973  -1.887 0.0000000000
91008  56.725  -42.184  -1.693 0.0000000000
91009  58.546  -41.858  -2.027 0.0000000000
91010  57.723  -41.672  -2.273 0.0000000000
91011  58.229  -41.358  -2.536 0.0000000000
91012  57.873  -40.814  -3.096 0.0000000000
91013  58.688  -41.005  -2.802 0.0000000000
91074  61.891  -42.560  -1.096 0.0000000000
91075  61.074  -42.347  -1.284 0.0000000000
91076  61.592  -42.049  -1.495 0.0000000000
91077  61.429  -40.883  -2.622 0.0000000000
91078  60.956  -41.149  -2.438 0.0000000000
91079  60.617  -40.693  -2.946 0.0000000000
91080  59.751  -40.471  -3.256 0.0000000000
91081  60.256  -40.193  -3.417 0.0000000000
91082  59.891  -39.629  -3.855 0.0000000000
91083  60.732  -39.893  -3.595 0.0000000000
92247  43.416  -42.952  8.330 0.0000000000
92248  43.559  -43.000  7.839 0.0000000000
92249  43.851  -43.425  7.975 0.0000000000
92250  44.429  -43.834  7.620 0.0000000000
92251  45.072  -44.172  7.264 0.0000000000
92783  54.838  -38.915  -4.127 0.0000000000
92784  54.428  -38.386  -4.277 0.0000000000
92785  55.377  -38.529  -4.306 0.0000000000
92786  55.910  -38.167  -4.448 0.0000000000
92787  56.431  -37.820  -4.565 0.0000000000
92789  57.364  -38.011  -4.536 0.0000000000
92790  58.263  -38.203  -4.525 0.0000000000
92791  59.157  -38.394  -4.503 0.0000000000
93388  60.719  -41.054  14.828 0.0000000000
93389  60.628  -40.852  14.351 0.0000000000
93390  60.212  -41.104  14.619 0.0000000000
93391  59.651  -41.096  14.432 0.0000000000
93392  59.022  -41.059  14.268 0.0000000000
93393  58.394  -41.009  14.162 0.0000000000
93394  58.519  -41.239  14.560 0.0000000000
93395  58.019  -41.430  14.859 0.0000000000
93396  57.506  -41.584  15.146 0.0000000000
93858  46.200  -35.440  5.836 0.0000000000
93859  45.782  -35.295  5.537 0.0000000000
93860  45.353  -35.685  5.762 0.0000000000
93861  44.565  -35.979  5.601 0.0000000000
93862  43.852  -36.353  5.336 0.0000000000
93863  47.231  -42.203  1.823 0.0000000000
93864  46.696  -41.961  1.540 0.0000000000
93865  47.638  -42.089  1.321 0.0000000000
93866  48.002  -41.945  0.832 0.0000000000
93867  48.447  -41.832  0.347 0.0000000000
93868  48.899  -41.709  -0.125 0.0000000000
93869  49.412  -41.960  0.207 0.0000000000
93870  50.377  -42.140  0.111 0.0000000000
93871  51.358  -42.318  0.067 0.0000000000
95465  42.565  -34.127  0.121 0.0000000000
95466  42.562  -33.476  0.115 0.0000000000
95467  42.626  -34.038  -0.483 0.0000000000
95468  42.724  -33.980  -1.047 0.0000000000
95469  42.906  -33.872  -1.643 0.0000000000
97290  59.278  -37.533  8.774 0.0000000000
97291  59.893  -37.259  8.518 0.0000000000
97292  59.159  -37.003  8.411 0.0000000000
97293  58.988  -36.456  8.036 0.0000000000
97294  58.813  -35.971  7.663 0.0000000000
97295  58.608  -35.498  7.280 0.0000000000
97296  58.029  -35.774  7.556 0.0000000000
97297  57.202  -35.582  7.471 0.0000000000
97298  56.396  -35.415  7.394 0.0000000000
97299  55.620  -35.246  7.288 0.0000000000
97300  55.860  -35.669  7.633 0.0000000000
97301  55.310  -35.976  7.825 0.0000000000
97302  54.778  -36.286  8.034 0.0000000000
97303  50.182  -40.067  12.790 0.0000000000
97304  49.950  -39.758  12.310 0.0000000000
97305  49.460  -40.008  12.670 0.0000000000
97306  48.767  -39.965  12.558 0.0000000000
97307  48.111  -39.932  12.422 0.0000000000
97308  47.419  -39.922  12.282 0.0000000000
97309  47.649  -40.235  12.763 0.0000000000
97310  47.219  -40.541  13.097 0.0000000000
97311  46.767  -40.855  13.397 0.0000000000
97678  52.353  -48.535  8.285 0.0000000000
97679  52.201  -48.039  7.876 0.0000000000
97680  52.815  -48.378  7.939 0.0000000000
97681  53.297  -48.264  7.571 0.0000000000
97682  53.746  -48.132  7.208 0.0000000000
98178  43.378  -38.838  7.354 0.0000000000
98179  43.150  -38.869  6.896 0.0000000000
98180  42.988  -39.410  7.031 0.0000000000
98181  42.789  -40.030  6.655 0.0000000000
98182  42.821  -40.660  6.204 0.0000000000
98183  44.454  -43.004  5.903 0.0000000000
98184  44.122  -42.631  5.691 0.0000000000
98185  44.781  -42.975  5.395 0.0000000000
98186  45.087  -42.900  4.892 0.0000000000
98187  45.383  -42.788  4.398 0.0000000000
98188  45.737  -42.671  3.909 0.0000000000
98189  46.193  -42.971  4.163 0.0000000000
98190  47.004  -43.130  3.932 0.0000000000
98191  47.871  -43.272  3.695 0.0000000000
99785  47.196  -37.443  -2.877 0.0000000000
99786  46.795  -36.915  -3.039 0.0000000000
99787  47.699  -37.131  -3.208 0.0000000000
99788  48.232  -36.823  -3.520 0.0000000000
99789  48.808  -36.510  -3.830 0.0000000000
101609  62.439  -39.163  12.307 0.0000000000
101610  60.210  -40.155  12.583 0.0000000000
101611  60.640  -39.947  12.312 0.0000000000
101612  60.088  -39.953  12.103 0.0000000000
101613  60.025  -39.687  11.613 0.0000000000
101614  59.907  -39.415  11.106 0.0000000000
101615  59.795  -39.123  10.598 0.0000000000
101616  59.250  -39.302  10.898 0.0000000000
101617  58.558  -39.142  10.717 0.0000000000
101618  57.795  -38.991  10.516 0.0000000000
101619  57.072  -38.830  10.349 0.0000000000
101620  57.268  -39.168  10.855 0.0000000000
101621  56.754  -39.360  11.194 0.0000000000
101622  56.225  -39.541  11.545 0.0000000000
101623  55.716  -40.799  13.655 0.0000000000
101624  55.565  -40.523  13.191 0.0000000000
101625  55.026  -40.681  13.495 0.0000000000
101626  54.348  -40.564  13.418 0.0000000000
101627  53.656  -40.443  13.324 0.0000000000
101628  52.964  -40.355  13.187 0.0000000000
101629  53.148  -40.631  13.664 0.0000000000
101630  52.640  -40.839  13.979 0.0000000000
101631  52.146  -41.054  14.295 0.0000000000
103016  44.070  -34.799  4.092 0.0000000000
103017  44.454  -34.384  3.976 0.0000000000
103018  43.737  -34.711  3.695 0.0000000000
103019  43.426  -34.619  3.256 0.0000000000
103020  43.136  -34.527  2.762 0.0000000000
103021  42.913  -34.472  2.281 0.0000000000
103022  42.774  -35.057  2.303 0.0000000000
103023  42.583  -35.635  1.784 0.0000000000
103024  42.571  -36.229  1.231 0.0000000000
103025  42.658  -39.071  4.817 0.0000000000
103026  42.666  -38.486  4.743 0.0000000000
103027  42.634  -39.134  4.233 0.0000000000
103028  42.668  -39.183  3.660 0.0000000000
103029  42.751  -39.218  3.051 0.0000000000
103030  44.876  -40.593  0.588 0.0000000000
103031  44.135  -40.231  1.005 0.0000000000
103032  44.495  -40.136  0.466 0.0000000000
103033  44.161  -39.635  0.339 0.0000000000
103034  43.844  -39.102  0.252 0.0000000000
103035  43.550  -38.554  0.191 0.0000000000
103036  44.159  -38.981  -0.249 0.0000000000
103037  44.532  -38.854  -0.702 0.0000000000
103038  44.916  -38.683  -1.138 0.0000000000
103039  45.297  -38.461  -1.546 0.0000000000
103040  45.726  -39.021  -1.448 0.0000000000
103041  46.584  -39.276  -1.741 0.0000000000
103042  47.458  -39.495  -2.018 0.0000000000
103043  50.800  -41.128  -1.769 0.0000000000
103044  50.314  -40.770  -2.044 0.0000000000
103045  51.309  -40.962  -2.165 0.0000000000
103046  51.811  -40.751  -2.501 0.0000000000
103047  52.302  -40.506  -2.835 0.0000000000
103048  52.785  -40.232  -3.158 0.0000000000
103049  53.275  -40.677  -2.898 0.0000000000
103050  54.275  -40.842  -2.891 0.0000000000
103051  55.307  -40.987  -2.848 0.0000000000
104868  62.492  -40.788  15.757 0.0000000000
104870  62.228  -41.277  16.415 0.0000000000
104871  61.812  -41.569  16.607 0.0000000000
112283  44.315  -45.689  10.833 0.0000000000
112284  44.780  -45.812  10.282 0.0000000000
112285  44.786  -46.124  10.700 0.0000000000
112286  45.302  -46.544  10.564 0.0000000000
112287  45.878  -46.916  10.447 0.0000000000
112931  59.111  -42.846  17.728 0.0000000000
112971  56.131  -42.793  17.148 0.0000000000
112972  56.086  -42.551  16.757 0.0000000000
112973  56.109  -42.361  16.379 0.0000000000
112974  55.454  -42.569  16.628 0.0000000000
112975  54.844  -42.575  16.505 0.0000000000
112976  54.261  -42.573  16.378 0.0000000000
112977  51.152  -43.296  17.193 0.0000000000
112978  51.759  -43.106  16.859 0.0000000000
112979  51.083  -43.083  16.781 0.0000000000
112980  50.995  -42.797  16.370 0.0000000000
112981  50.897  -42.479  15.976 0.0000000000
112982  50.843  -42.133  15.600 0.0000000000
112983  50.207  -42.386  15.892 0.0000000000
112984  49.514  -42.318  15.827 0.0000000000
112985  48.846  -42.258  15.773 0.0000000000
112994  45.287  -43.519  16.670 0.0000000000
112995  45.800  -43.119  16.406 0.0000000000
112996  46.378  -42.782  16.127 0.0000000000
112997  45.749  -42.859  15.948 0.0000000000
112998  45.705  -42.581  15.496 0.0000000000
112999  45.645  -42.326  15.052 0.0000000000
113000  45.603  -42.073  14.625 0.0000000000
113001  45.052  -42.438  14.857 0.0000000000
113002  44.487  -42.675  14.596 0.0000000000
113003  44.003  -42.940  14.284 0.0000000000
113004  43.332  -45.601  13.503 0.0000000000
113005  43.227  -44.929  13.538 0.0000000000
113006  43.309  -45.320  13.066 0.0000000000
113007  43.322  -45.021  12.658 0.0000000000
113008  43.318  -44.737  12.206 0.0000000000
113009  43.325  -44.464  11.761 0.0000000000
113010  43.552  -45.097  11.754 0.0000000000
113011  43.866  -45.411  11.286 0.0000000000
113315  62.266  -36.133  7.289 0.0000000000
113316  62.925  -36.364  7.424 0.0000000000
113317  62.809  -35.825  6.974 0.0000000000
113328  57.631  -33.820  5.705 0.0000000000
113329  58.204  -33.552  5.404 0.0000000000
113330  57.389  -33.501  5.270 0.0000000000
113331  57.114  -33.202  4.872 0.0000000000
113332  56.880  -32.875  4.475 0.0000000000
113334  56.019  -32.873  4.348 0.0000000000
113338  53.641  -33.172  4.353 0.0000000000
113339  53.165  -33.464  4.650 0.0000000000
113340  52.658  -33.700  4.950 0.0000000000
113341  52.465  -35.014  6.811 0.0000000000
113342  52.192  -34.734  6.423 0.0000000000
113343  51.648  -35.011  6.698 0.0000000000
113344  50.817  -35.013  6.569 0.0000000000
113345  50.019  -35.078  6.448 0.0000000000
113346  49.226  -35.146  6.351 0.0000000000
113347  49.520  -35.409  6.707 0.0000000000
113348  49.027  -35.719  6.985 0.0000000000
113349  48.564  -36.027  7.213 0.0000000000
113350  54.255  -38.219  9.750 0.0000000000
113351  54.066  -37.820  9.314 0.0000000000
113352  53.523  -38.097  9.630 0.0000000000
113353  52.814  -37.958  9.492 0.0000000000
113354  52.088  -37.835  9.357 0.0000000000
113355  49.092  -38.463  10.244 0.0000000000
113356  49.608  -38.210  9.879 0.0000000000
113357  48.880  -38.164  9.745 0.0000000000
113358  48.654  -37.866  9.278 0.0000000000
113359  48.414  -37.567  8.811 0.0000000000
113360  48.197  -37.287  8.347 0.0000000000
113361  47.712  -37.585  8.660 0.0000000000
113362  46.960  -37.670  8.537 0.0000000000
113363  46.237  -37.776  8.409 0.0000000000
113364  45.581  -37.884  8.263 0.0000000000
113365  45.807  -38.113  8.709 0.0000000000
113366  45.387  -38.447  9.012 0.0000000000
113367  45.015  -38.805  9.343 0.0000000000
113368  44.852  -40.213  11.493 0.0000000000
113369  44.632  -39.978  10.952 0.0000000000
113370  44.276  -40.442  11.217 0.0000000000
113371  43.795  -40.712  10.905 0.0000000000
113372  43.447  -41.024  10.527 0.0000000000
113373  43.178  -41.375  10.123 0.0000000000
113374  43.286  -41.528  10.662 0.0000000000
113375  43.152  -42.026  10.788 0.0000000000
113376  43.087  -42.578  10.952 0.0000000000
114472  47.120  -46.018  8.202 0.0000000000
114473  46.857  -45.579  7.815 0.0000000000
114474  47.503  -45.910  7.774 0.0000000000
114475  47.889  -45.797  7.347 0.0000000000
114476  48.276  -45.663  6.893 0.0000000000
114477  51.270  -46.364  6.060 0.0000000000
114478  50.543  -46.060  6.008 0.0000000000
114479  50.985  -45.970  5.587 0.0000000000
114480  50.748  -45.579  5.121 0.0000000000
114481  50.381  -45.107  4.745 0.0000000000
114482  50.007  -44.650  4.438 0.0000000000
114483  50.788  -44.929  4.363 0.0000000000
114484  51.232  -44.752  4.027 0.0000000000
114485  51.685  -44.588  3.698 0.0000000000
114489  56.110  -48.037  5.880 0.0000000000
114490  55.917  -47.586  5.361 0.0000000000
114491  56.966  -46.529  3.086 0.0000000000
114492  56.470  -46.654  3.482 0.0000000000
114493  56.288  -46.159  3.010 0.0000000000
114494  55.627  -45.770  2.968 0.0000000000
114495  54.943  -45.379  2.948 0.0000000000
114496  54.221  -44.972  2.922 0.0000000000
114497  54.683  -44.807  2.590 0.0000000000
114498  54.402  -44.234  2.204 0.0000000000
114499  54.133  -43.731  1.715 0.0000000000
114500  53.841  -43.355  1.233 0.0000000000
114501  54.609  -43.616  1.367 0.0000000000
114502  55.070  -43.524  0.987 0.0000000000
114503  55.534  -43.438  0.613 0.0000000000
114504  58.920  -43.955  0.503 0.0000000000
114505  58.148  -43.707  0.289 0.0000000000
114506  58.632  -43.555  0.017 0.0000000000
114507  58.288  -43.163  -0.481 0.0000000000
114508  57.940  -42.768  -0.965 0.0000000000
114509  57.571  -42.370  -1.465 0.0000000000
114510  58.410  -42.535  -1.247 0.0000000000
114511  58.881  -42.273  -1.531 0.0000000000
114512  59.364  -42.004  -1.774 0.0000000000
115401  42.882  -40.972  7.923 0.0000000000
115402  42.850  -41.043  7.400 0.0000000000
115403  42.960  -41.562  7.507 0.0000000000
115404  43.230  -42.121  7.103 0.0000000000
115405  43.669  -42.596  6.711 0.0000000000
115406  43.766  -43.005  7.335 0.0000000000
115407  43.985  -43.019  6.866 0.0000000000
115408  44.215  -43.022  6.392 0.0000000000
115409  44.899  -43.381  6.052 0.0000000000
115410  45.635  -43.652  5.776 0.0000000000
115411  46.405  -43.863  5.525 0.0000000000
116651  50.965  -38.272  -3.630 0.0000000000
116652  50.587  -37.734  -3.692 0.0000000000
116653  51.549  -37.886  -3.867 0.0000000000
116654  52.103  -37.517  -4.091 0.0000000000
116655  52.648  -37.153  -4.314 0.0000000000
116656  53.992  -37.827  -4.357 0.0000000000
116657  53.579  -37.279  -4.436 0.0000000000
118066  62.258  -39.874  13.903 0.0000000000
118067  62.179  -39.740  13.442 0.0000000000
118068  61.806  -40.015  13.697 0.0000000000
118069  61.341  -40.172  13.451 0.0000000000
118070  60.844  -40.281  13.196 0.0000000000
118071  60.516  -40.669  13.896 0.0000000000
118072  60.428  -40.512  13.458 0.0000000000
118073  60.327  -40.333  13.020 0.0000000000
118074  59.763  -40.348  12.854 0.0000000000
118075  59.111  -40.332  12.685 0.0000000000
118076  58.431  -40.233  12.537 0.0000000000
118077  57.770  -40.119  12.398 0.0000000000
118078  57.943  -40.377  12.835 0.0000000000
118079  57.443  -40.514  13.152 0.0000000000
118080  56.920  -40.685  13.495 0.0000000000
118081  57.755  -40.975  14.043 0.0000000000
118082  57.101  -40.926  13.938 0.0000000000
118083  56.400  -40.872  13.814 0.0000000000
118084  55.895  -41.076  14.097 0.0000000000
118085  55.402  -41.245  14.417 0.0000000000
118086  54.906  -41.434  14.725 0.0000000000
119160  47.988  -34.153  4.704 0.0000000000
119161  47.503  -33.983  4.449 0.0000000000
119162  47.042  -34.298  4.710 0.0000000000
119163  46.128  -34.464  4.714 0.0000000000
119164  45.267  -34.651  4.647 0.0000000000
119165  45.345  -35.165  5.190 0.0000000000
119166  44.890  -35.045  4.846 0.0000000000
119167  44.446  -34.926  4.492 0.0000000000
119168  43.757  -35.251  4.228 0.0000000000
119169  43.188  -35.691  3.828 0.0000000000
119170  42.772  -36.241  3.372 0.0000000000
119171  44.048  -41.241  2.977 0.0000000000
119172  43.683  -40.814  2.809 0.0000000000
119173  44.317  -41.199  2.419 0.0000000000
119174  44.606  -41.148  1.854 0.0000000000
119175  44.953  -41.081  1.305 0.0000000000
119176  46.222  -41.672  1.219 0.0000000000
119177  45.764  -41.349  0.974 0.0000000000
119178  45.314  -40.997  0.761 0.0000000000
119179  45.693  -40.888  0.227 0.0000000000
119180  46.101  -40.736  -0.252 0.0000000000
119181  46.527  -40.594  -0.692 0.0000000000
119182  46.965  -40.422  -1.123 0.0000000000
119183  47.424  -40.812  -0.913 0.0000000000
119184  48.393  -40.954  -1.174 0.0000000000
119185  49.360  -41.114  -1.301 0.0000000000
119186  49.351  -41.579  -0.579 0.0000000000
119187  49.824  -41.448  -0.994 0.0000000000
119188  50.306  -41.292  -1.381 0.0000000000
119189  51.307  -41.474  -1.466 0.0000000000
119190  52.268  -41.660  -1.508 0.0000000000
119191  53.250  -41.842  -1.520 0.0000000000
122909  43.913  -32.268  2.223 0.0000000000
122914  42.591  -32.855  0.143 0.0000000000
122915  42.684  -32.204  0.172 0.0000000000
122917  42.726  -31.425  -0.379 0.0000000000
126907  53.807  -43.429  17.770 0.0000000000
126908  53.752  -43.211  17.432 0.0000000000
126909  53.168  -43.428  17.697 0.0000000000
126910  52.555  -43.483  17.615 0.0000000000
126911  51.938  -43.509  17.585 0.0000000000
126912  51.498  -43.842  18.314 0.0000000000
126913  51.387  -43.667  17.946 0.0000000000
126914  51.242  -43.493  17.575 0.0000000000
126915  50.576  -43.469  17.536 0.0000000000
126916  49.883  -43.438  17.491 0.0000000000
126917  49.196  -43.365  17.411 0.0000000000
126929  43.723  -44.010  15.339 0.0000000000
127170  62.049  -38.183  9.487 0.0000000000
127171  62.595  -37.912  9.210 0.0000000000
127172  61.996  -37.867  8.981 0.0000000000
127173  61.913  -37.453  8.507 0.0000000000
127174  61.808  -36.978  8.055 0.0000000000
127175  60.508  -36.983  8.230 0.0000000000
127176  61.115  -36.721  7.920 0.0000000000
127177  61.696  -36.460  7.628 0.0000000000
127178  61.525  -35.883  7.199 0.0000000000
127179  61.345  -35.332  6.793 0.0000000000
127180  61.147  -34.816  6.399 0.0000000000
127181  60.899  -34.312  6.049 0.0000000000
127182  60.322  -34.619  6.348 0.0000000000
127183  59.503  -34.444  6.285 0.0000000000
127184  58.696  -34.270  6.208 0.0000000000
127185  58.374  -35.011  6.900 0.0000000000
127186  58.093  -34.568  6.492 0.0000000000
127187  57.866  -34.174  6.111 0.0000000000
127188  57.058  -34.107  6.003 0.0000000000
127189  56.250  -34.058  5.888 0.0000000000
127190  55.391  -34.027  5.788 0.0000000000
127191  54.581  -33.995  5.677 0.0000000000
127192  54.856  -34.252  6.112 0.0000000000
127193  54.315  -34.471  6.413 0.0000000000
127194  53.756  -34.690  6.705 0.0000000000
127195  54.843  -35.114  7.162 0.0000000000
127196  54.051  -35.047  7.053 0.0000000000
127197  53.250  -35.015  6.942 0.0000000000
127198  52.749  -35.306  7.179 0.0000000000
127199  52.226  -35.607  7.396 0.0000000000
127200  51.693  -35.924  7.614 0.0000000000
127201  52.136  -39.162  11.220 0.0000000000
127202  51.927  -38.823  10.716 0.0000000000
127203  51.436  -39.045  11.117 0.0000000000
127204  50.753  -38.940  11.029 0.0000000000
127205  50.041  -38.836  10.906 0.0000000000
127206  49.725  -39.403  11.808 0.0000000000
127207  49.499  -39.062  11.301 0.0000000000
127208  49.309  -38.762  10.782 0.0000000000
127209  48.599  -38.728  10.642 0.0000000000
127210  47.891  -38.718  10.498 0.0000000000
127211  47.184  -38.734  10.348 0.0000000000
127212  46.516  -38.767  10.182 0.0000000000
127213  46.738  -39.020  10.708 0.0000000000
127214  46.298  -39.328  11.064 0.0000000000
127215  45.859  -39.683  11.420 0.0000000000
127216  46.722  -39.916  12.145 0.0000000000
127217  46.079  -39.981  11.953 0.0000000000
127218  45.440  -40.068  11.748 0.0000000000
127219  45.051  -40.455  12.028 0.0000000000
127220  44.682  -40.865  12.275 0.0000000000
127221  44.330  -41.292  12.495 0.0000000000
128074  49.795  -47.192  8.208 0.0000000000
128075  49.562  -46.756  7.774 0.0000000000
128076  50.222  -47.050  7.794 0.0000000000
128077  50.640  -46.923  7.348 0.0000000000
128078  51.092  -46.831  6.947 0.0000000000
128079  52.026  -47.575  7.452 0.0000000000
128080  51.781  -47.141  7.028 0.0000000000
128081  51.544  -46.743  6.534 0.0000000000
128082  52.013  -46.659  6.120 0.0000000000
128083  52.492  -46.572  5.723 0.0000000000
128084  52.940  -46.468  5.305 0.0000000000
128088  57.851  -47.824  4.354 0.0000000000
128089  57.693  -47.397  3.769 0.0000000000
128090  58.954  -47.657  3.655 0.0000000000
128091  58.275  -47.295  3.409 0.0000000000
128092  57.626  -46.911  3.201 0.0000000000
128093  57.537  -46.417  2.728 0.0000000000
128094  57.380  -45.820  2.362 0.0000000000
128095  57.167  -45.211  2.001 0.0000000000
128096  56.943  -44.618  1.664 0.0000000000
128097  57.706  -45.044  1.736 0.0000000000
128098  58.219  -44.860  1.487 0.0000000000
128099  58.735  -44.668  1.237 0.0000000000
128100  59.768  -45.730  1.705 0.0000000000
128101  59.517  -45.106  1.310 0.0000000000
128102  59.234  -44.495  0.913 0.0000000000
128103  59.727  -44.315  0.630 0.0000000000
128104  60.210  -44.129  0.358 0.0000000000
128105  60.697  -43.961  0.076 0.0000000000
129183  44.585  -37.008  6.640 0.0000000000
129184  44.219  -36.927  6.290 0.0000000000
129185  43.901  -37.384  6.446 0.0000000000
129186  43.320  -37.861  6.160 0.0000000000
129187  42.922  -38.409  5.809 0.0000000000
129188  42.966  -38.907  6.409 0.0000000000
129189  42.816  -38.960  5.902 0.0000000000
129190  42.722  -39.003  5.386 0.0000000000
129191  42.695  -39.648  4.913 0.0000000000
129192  42.860  -40.250  4.469 0.0000000000
129193  43.238  -40.823  3.981 0.0000000000
129194  42.878  -41.133  6.864 0.0000000000
129195  42.935  -41.201  6.328 0.0000000000
129196  43.023  -41.259  5.794 0.0000000000
129197  43.774  -42.207  5.534 0.0000000000
129198  43.456  -41.758  5.382 0.0000000000
129199  43.187  -41.285  5.226 0.0000000000
129200  43.359  -41.298  4.674 0.0000000000
129201  43.556  -41.294  4.105 0.0000000000
129202  43.795  -41.270  3.526 0.0000000000
129203  44.455  -41.643  3.169 0.0000000000
129204  45.182  -41.924  2.846 0.0000000000
129205  46.001  -42.158  2.553 0.0000000000
129206  46.119  -42.551  3.388 0.0000000000
129207  46.493  -42.430  2.857 0.0000000000
129208  46.818  -42.297  2.325 0.0000000000
129209  47.717  -42.439  2.154 0.0000000000
129210  48.632  -42.544  2.012 0.0000000000
129211  49.559  -42.658  1.882 0.0000000000
132575  44.055  -36.237  -1.876 0.0000000000
132576  43.792  -35.634  -1.982 0.0000000000
132577  44.438  -36.072  -2.336 0.0000000000
132578  44.837  -35.892  -2.770 0.0000000000
132579  45.252  -35.673  -3.194 0.0000000000
132580  46.459  -36.407  -3.224 0.0000000000
132581  46.083  -35.929  -3.424 0.0000000000
132586  50.156  -37.203  -3.767 0.0000000000
132587  49.769  -36.684  -3.921 0.0000000000
132588  49.367  -36.178  -4.152 0.0000000000
136429  62.903  -38.344  10.529 0.0000000000
136430  62.461  -38.411  10.255 0.0000000000
136431  62.103  -39.604  12.998 0.0000000000
136432  62.041  -39.456  12.530 0.0000000000
136433  61.985  -39.293  12.041 0.0000000000
136434  61.085  -39.696  12.054 0.0000000000
136435  61.526  -39.414  11.804 0.0000000000
136436  61.980  -39.108  11.552 0.0000000000
136437  61.975  -38.899  11.036 0.0000000000
136438  61.964  -38.678  10.534 0.0000000000
136439  61.996  -38.454  10.014 0.0000000000
136440  61.484  -38.434  9.754 0.0000000000
136441  60.856  -38.365  9.524 0.0000000000
136442  60.139  -38.260  9.330 0.0000000000
136443  59.699  -38.808  10.104 0.0000000000
136444  59.545  -38.453  9.615 0.0000000000
136445  59.411  -38.015  9.174 0.0000000000
136446  58.680  -37.772  9.047 0.0000000000
136447  57.961  -37.524  8.935 0.0000000000
136448  57.196  -37.313  8.807 0.0000000000
136449  56.466  -37.127  8.670 0.0000000000
136450  56.629  -37.585  9.050 0.0000000000
136451  56.076  -37.844  9.304 0.0000000000
136452  55.515  -38.138  9.595 0.0000000000
136453  56.376  -38.672  10.216 0.0000000000
136454  55.674  -38.532  10.063 0.0000000000
136455  54.968  -38.369  9.896 0.0000000000
136456  54.416  -38.594  10.223 0.0000000000
136457  53.870  -38.813  10.570 0.0000000000
136458  53.377  -39.061  10.946 0.0000000000
136459  57.115  -39.995  12.201 0.0000000000
136460  56.435  -39.843  12.039 0.0000000000
136461  55.682  -39.701  11.915 0.0000000000
136462  55.379  -40.167  12.744 0.0000000000
136463  55.142  -39.865  12.268 0.0000000000
136464  54.946  -39.579  11.755 0.0000000000
136465  54.261  -39.483  11.579 0.0000000000
136466  53.570  -39.378  11.462 0.0000000000
136467  52.864  -39.283  11.336 0.0000000000
136468  52.351  -39.500  11.732 0.0000000000
136469  51.820  -39.701  12.133 0.0000000000
136470  51.347  -39.921  12.560 0.0000000000
136471  52.247  -40.275  13.096 0.0000000000
136472  51.539  -40.202  13.031 0.0000000000
136473  50.865  -40.139  12.916 0.0000000000
136474  50.389  -40.360  13.243 0.0000000000
136475  49.894  -40.566  13.549 0.0000000000
136476  49.425  -40.832  13.907 0.0000000000
139340  47.013  -33.810  4.211 0.0000000000
139341  46.518  -33.628  3.987 0.0000000000
139342  46.041  -33.408  3.760 0.0000000000
139343  44.825  -33.972  3.842 0.0000000000
139344  45.195  -33.572  3.693 0.0000000000
139345  45.600  -33.169  3.509 0.0000000000
139346  45.167  -32.928  3.250 0.0000000000
139347  44.725  -32.688  2.979 0.0000000000
139348  44.297  -32.475  2.616 0.0000000000
139349  43.603  -32.812  2.275 0.0000000000
139350  43.079  -33.188  1.839 0.0000000000
139351  42.720  -33.682  1.291 0.0000000000
139352  42.751  -34.401  1.781 0.0000000000
139353  42.625  -34.319  1.253 0.0000000000
139354  42.550  -34.224  0.710 0.0000000000
139355  42.597  -34.789  0.117 0.0000000000
139356  42.791  -35.344  -0.422 0.0000000000
139357  43.169  -35.860  -0.917 0.0000000000
139358  43.885  -36.844  5.904 0.0000000000
139359  43.565  -36.813  5.457 0.0000000000
139360  43.277  -36.777  4.997 0.0000000000
139361  42.743  -37.881  4.702 0.0000000000
139362  42.850  -37.293  4.589 0.0000000000
139363  43.011  -36.759  4.508 0.0000000000
139364  42.784  -36.774  3.975 0.0000000000
139365  42.646  -36.808  3.439 0.0000000000
139366  42.563  -36.825  2.902 0.0000000000
139367  43.356  -40.331  2.653 0.0000000000
139368  43.084  -39.825  2.542 0.0000000000
139369  42.881  -39.245  2.450 0.0000000000
139370  43.536  -39.768  1.422 0.0000000000
139371  43.049  -39.263  1.869 0.0000000000
139372  42.711  -38.657  2.393 0.0000000000
139373  42.578  -38.066  2.358 0.0000000000
139374  42.516  -37.476  2.347 0.0000000000
139375  42.531  -36.824  2.357 0.0000000000
139376  42.547  -36.878  1.786 0.0000000000
139377  42.611  -36.844  1.217 0.0000000000
139378  42.719  -36.782  0.665 0.0000000000
139379  43.294  -37.960  0.148 0.0000000000
139380  43.075  -37.336  0.129 0.0000000000
139381  42.872  -36.713  0.137 0.0000000000
139382  43.114  -36.617  -0.382 0.0000000000
139383  43.382  -36.495  -0.891 0.0000000000
139384  43.677  -36.356  -1.379 0.0000000000
139385  44.323  -36.811  -1.775 0.0000000000
139386  45.046  -37.149  -2.086 0.0000000000
139387  45.865  -37.445  -2.341 0.0000000000
139388  45.754  -38.233  -1.903 0.0000000000
139389  46.214  -37.997  -2.227 0.0000000000
139390  46.695  -37.734  -2.549 0.0000000000
139391  47.620  -37.973  -2.769 0.0000000000
139392  48.550  -38.195  -2.997 0.0000000000
139393  49.501  -38.409  -3.193 0.0000000000
139394  47.380  -40.191  -1.543 0.0000000000
139395  47.864  -39.953  -1.903 0.0000000000
139396  48.383  -39.717  -2.251 0.0000000000
139397  49.847  -40.380  -2.263 0.0000000000
139398  49.355  -39.915  -2.443 0.0000000000
139399  48.917  -39.475  -2.581 0.0000000000
139400  49.398  -39.182  -2.846 0.0000000000
139401  49.944  -38.908  -3.118 0.0000000000
139402  50.475  -38.613  -3.385 0.0000000000
139403  51.421  -38.805  -3.577 0.0000000000
139404  52.401  -38.966  -3.744 0.0000000000
139405  53.363  -39.101  -3.858 0.0000000000
139406  53.325  -39.938  -3.434 0.0000000000
139407  53.812  -39.611  -3.688 0.0000000000
139408  54.300  -39.265  -3.921 0.0000000000
139409  55.296  -39.406  -3.944 0.0000000000
139410  56.291  -39.535  -3.948 0.0000000000
139411  57.231  -39.675  -3.908 0.0000000000
143112  62.737  -39.809  14.206 0.0000000000
143113  62.332  -40.095  14.371 0.0000000000
143114  61.951  -40.399  14.534 0.0000000000
143115  61.574  -40.691  14.752 0.0000000000
143116  62.098  -40.818  15.436 0.0000000000
143117  61.669  -40.893  15.197 0.0000000000
143118  61.183  -40.976  15.027 0.0000000000
143119  60.787  -41.268  15.278 0.0000000000
143120  60.364  -41.495  15.530 0.0000000000
143121  59.930  -41.725  15.799 0.0000000000
149117  43.545  -35.019  -2.074 0.0000000000
149118  43.346  -34.390  -2.164 0.0000000000
158009  44.241  -44.542  9.153 0.0000000000
158010  44.707  -44.672  8.570 0.0000000000
158011  44.747  -44.931  8.992 0.0000000000
158012  45.294  -45.297  8.876 0.0000000000
158013  45.891  -45.646  8.772 0.0000000000
158014  45.293  -45.911  9.740 0.0000000000
158015  45.890  -45.974  9.207 0.0000000000
158016  46.499  -46.001  8.701 0.0000000000
158017  47.130  -46.319  8.644 0.0000000000
158018  47.781  -46.612  8.613 0.0000000000
158019  48.424  -46.887  8.603 0.0000000000
158020  45.273  -47.195  11.384 0.0000000000
158021  45.835  -47.241  10.861 0.0000000000
158022  46.470  -47.263  10.342 0.0000000000
158025  47.117  -47.270  9.853 0.0000000000
158026  47.761  -47.249  9.397 0.0000000000
158027  48.426  -47.231  8.990 0.0000000000
158028  49.086  -47.215  8.601 0.0000000000
158029  49.765  -47.545  8.567 0.0000000000
158030  50.424  -47.866  8.548 0.0000000000
158031  51.090  -48.207  8.566 0.0000000000
158034  51.672  -48.567  8.637 0.0000000000
158035  52.261  -48.920  8.703 0.0000000000
159299  61.326  -41.849  16.758 0.0000000000
159302  60.856  -41.885  16.491 0.0000000000
159303  60.366  -41.929  16.338 0.0000000000
159304  59.894  -41.965  16.197 0.0000000000
159305  59.356  -41.955  16.049 0.0000000000
159380  58.534  -42.790  17.539 0.0000000000
159382  57.982  -42.719  17.342 0.0000000000
159383  58.599  -42.537  17.105 0.0000000000
159384  58.676  -42.290  16.663 0.0000000000
159385  58.689  -42.088  16.266 0.0000000000
159386  58.735  -41.895  15.879 0.0000000000
159387  58.125  -41.834  15.679 0.0000000000
159388  57.471  -41.791  15.519 0.0000000000
159389  56.820  -41.775  15.382 0.0000000000
159390  56.145  -42.166  15.999 0.0000000000
159391  56.152  -41.971  15.625 0.0000000000
159392  56.201  -41.742  15.263 0.0000000000
159393  55.535  -41.713  15.161 0.0000000000
159394  54.864  -41.680  15.073 0.0000000000
159395  54.206  -41.613  14.960 0.0000000000
159396  53.710  -43.029  17.032 0.0000000000
159397  53.666  -42.835  16.638 0.0000000000
159398  53.620  -42.604  16.306 0.0000000000
159399  52.367  -42.896  16.542 0.0000000000
159400  52.962  -42.624  16.216 0.0000000000
159401  53.570  -42.355  15.980 0.0000000000
159402  53.522  -42.093  15.586 0.0000000000
159403  53.512  -41.807  15.190 0.0000000000
159404  53.538  -41.513  14.861 0.0000000000
159405  52.845  -41.421  14.761 0.0000000000
159406  52.161  -41.344  14.685 0.0000000000
159407  51.490  -41.251  14.603 0.0000000000
159408  50.804  -41.780  15.224 0.0000000000
159409  50.798  -41.469  14.877 0.0000000000
159410  50.804  -41.171  14.512 0.0000000000
159411  50.113  -41.103  14.417 0.0000000000
159412  49.422  -41.089  14.312 0.0000000000
159413  48.737  -41.100  14.226 0.0000000000
159421  48.643  -43.572  17.787 0.0000000000
159422  48.513  -43.318  17.347 0.0000000000
159429  47.286  -43.551  17.580 0.0000000000
159430  47.828  -43.275  17.235 0.0000000000
159431  48.412  -43.049  16.894 0.0000000000
159432  48.337  -42.781  16.470 0.0000000000
159433  48.248  -42.490  16.043 0.0000000000
159434  48.158  -42.208  15.654 0.0000000000
159435  46.944  -42.484  15.798 0.0000000000
159436  47.506  -42.196  15.526 0.0000000000
159437  48.128  -41.931  15.282 0.0000000000
159438  48.091  -41.652  14.877 0.0000000000
159439  48.073  -41.369  14.482 0.0000000000
159440  48.080  -41.081  14.089 0.0000000000
159441  47.424  -41.088  13.935 0.0000000000
159442  46.747  -41.137  13.792 0.0000000000
159443  46.104  -41.185  13.602 0.0000000000
159444  45.545  -41.800  14.187 0.0000000000
159445  45.505  -41.523  13.772 0.0000000000
159446  45.484  -41.258  13.404 0.0000000000
159447  44.891  -41.395  13.179 0.0000000000
159448  44.341  -41.598  12.896 0.0000000000
159449  43.870  -41.823  12.558 0.0000000000
159450  43.674  -43.771  14.872 0.0000000000
159451  43.652  -43.510  14.411 0.0000000000
159452  43.637  -43.249  13.920 0.0000000000
159453  43.242  -44.262  13.558 0.0000000000
159454  43.370  -43.597  13.537 0.0000000000
159455  43.607  -42.973  13.486 0.0000000000
159456  43.566  -42.702  13.084 0.0000000000
159457  43.520  -42.398  12.617 0.0000000000
159458  43.507  -42.105  12.178 0.0000000000
159459  43.237  -42.442  11.801 0.0000000000
159460  43.127  -42.839  11.366 0.0000000000
159461  43.114  -43.228  10.900 0.0000000000
159462  43.278  -44.176  11.323 0.0000000000
159463  43.248  -43.903  10.866 0.0000000000
159464  43.250  -43.609  10.440 0.0000000000
159465  43.485  -43.960  9.988 0.0000000000
159466  43.811  -44.272  9.578 0.0000000000
159467  43.777  -44.004  9.186 0.0000000000
160072  63.096  -37.605  8.929 0.0000000000
160099  60.676  -33.865  5.688 0.0000000000
160123  50.232  -33.258  3.984 0.0000000000
160124  49.718  -33.551  4.247 0.0000000000
160125  49.257  -33.840  4.516 0.0000000000
160126  53.763  -33.965  5.564 0.0000000000
160127  52.967  -33.949  5.430 0.0000000000
160128  52.128  -33.952  5.272 0.0000000000
160129  51.865  -34.478  6.048 0.0000000000
160130  51.564  -34.232  5.609 0.0000000000
160131  51.261  -33.991  5.168 0.0000000000
160132  50.427  -34.034  5.047 0.0000000000
160133  49.595  -34.087  4.903 0.0000000000
160134  48.768  -34.122  4.788 0.0000000000
160135  48.301  -34.420  5.108 0.0000000000
160136  47.818  -34.705  5.399 0.0000000000
160137  47.377  -35.017  5.691 0.0000000000
160138  48.455  -35.214  6.216 0.0000000000
160139  47.667  -35.300  6.103 0.0000000000
160140  46.939  -35.362  5.977 0.0000000000
160141  46.480  -35.676  6.217 0.0000000000
160142  46.077  -36.064  6.463 0.0000000000
160143  45.654  -36.456  6.673 0.0000000000
160144  55.709  -36.943  8.539 0.0000000000
160145  54.972  -36.781  8.385 0.0000000000
160146  54.248  -36.601  8.261 0.0000000000
160147  53.888  -37.371  8.893 0.0000000000
160148  53.697  -36.911  8.501 0.0000000000
160149  53.482  -36.472  8.158 0.0000000000
160150  52.734  -36.375  8.054 0.0000000000
160151  51.928  -36.298  7.947 0.0000000000
160152  51.138  -36.250  7.821 0.0000000000
160153  51.746  -38.482  10.217 0.0000000000
160154  51.517  -38.107  9.684 0.0000000000
160155  51.340  -37.737  9.219 0.0000000000
160156  50.135  -37.952  9.520 0.0000000000
160157  50.589  -37.674  9.111 0.0000000000
160158  51.106  -37.369  8.809 0.0000000000
160159  50.877  -36.992  8.411 0.0000000000
160160  50.636  -36.607  8.045 0.0000000000
160161  50.394  -36.243  7.718 0.0000000000
160162  49.601  -36.303  7.640 0.0000000000
160163  48.821  -36.345  7.542 0.0000000000
160164  48.109  -36.381  7.424 0.0000000000
160165  47.896  -37.032  8.002 0.0000000000
160166  47.640  -36.745  7.647 0.0000000000
160167  47.394  -36.472  7.309 0.0000000000
160168  46.638  -36.587  7.181 0.0000000000
160169  45.903  -36.704  7.024 0.0000000000
160170  45.224  -36.844  6.854 0.0000000000
160171  44.862  -37.215  7.015 0.0000000000
160172  44.493  -37.640  7.234 0.0000000000
160173  44.155  -38.081  7.455 0.0000000000
160174  44.958  -38.051  8.102 0.0000000000
160175  44.370  -38.262  7.928 0.0000000000
160176  43.830  -38.534  7.654 0.0000000000
160177  43.528  -38.994  7.835 0.0000000000
160178  43.251  -39.487  8.027 0.0000000000
160179  43.096  -40.028  8.180 0.0000000000
160180  45.829  -38.842  10.020 0.0000000000
160181  45.220  -38.997  9.854 0.0000000000
160182  44.648  -39.205  9.644 0.0000000000
160183  44.439  -39.798  10.417 0.0000000000
160184  44.287  -39.628  9.907 0.0000000000
160185  44.073  -39.458  9.393 0.0000000000
160186  43.605  -39.770  9.090 0.0000000000
160187  43.217  -40.112  8.729 0.0000000000
160188  42.997  -40.554  8.334 0.0000000000
160189  42.947  -41.065  8.481 0.0000000000
160190  42.951  -41.553  8.591 0.0000000000
160191  43.036  -42.082  8.652 0.0000000000
160192  43.053  -41.791  9.684 0.0000000000
160193  43.030  -42.183  9.232 0.0000000000
160194  43.186  -42.587  8.759 0.0000000000
160195  43.358  -43.060  8.891 0.0000000000
160196  43.552  -43.557  9.024 0.0000000000
162385  45.013  -44.629  8.113 0.0000000000
162386  45.328  -44.569  7.636 0.0000000000
162387  45.659  -44.495  7.155 0.0000000000
162388  46.565  -45.160  7.436 0.0000000000
162389  46.271  -44.773  7.073 0.0000000000
162390  46.020  -44.387  6.700 0.0000000000
162391  46.376  -44.303  6.271 0.0000000000
162392  46.724  -44.228  5.853 0.0000000000
162393  47.057  -44.147  5.424 0.0000000000
162394  49.269  -46.336  7.307 0.0000000000
162395  48.987  -45.956  6.870 0.0000000000
162396  48.685  -45.581  6.423 0.0000000000
162397  49.817  -45.764  5.966 0.0000000000
162398  49.092  -45.478  5.975 0.0000000000
162399  48.372  -45.180  6.023 0.0000000000
162400  48.067  -44.779  5.665 0.0000000000
162401  47.752  -44.389  5.333 0.0000000000
162402  47.427  -43.981  5.005 0.0000000000
162403  47.812  -43.808  4.574 0.0000000000
162404  48.216  -43.632  4.126 0.0000000000
162405  48.617  -43.465  3.701 0.0000000000
162406  49.673  -44.188  4.106 0.0000000000
162407  49.333  -43.693  3.710 0.0000000000
162408  49.042  -43.295  3.267 0.0000000000
162409  49.472  -43.125  2.833 0.0000000000
162410  49.929  -42.951  2.373 0.0000000000
162411  50.366  -42.830  1.903 0.0000000000
162413  54.362  -48.498  7.285 0.0000000000
162414  54.193  -47.995  6.848 0.0000000000
162415  55.245  -48.213  6.589 0.0000000000
162416  54.654  -47.848  6.489 0.0000000000
162417  54.053  -47.529  6.403 0.0000000000
162418  53.892  -47.132  5.922 0.0000000000
162419  53.683  -46.743  5.373 0.0000000000
162420  53.393  -46.380  4.896 0.0000000000
162421  56.953  -47.927  5.162 0.0000000000
162422  56.334  -47.574  5.004 0.0000000000
162423  55.733  -47.230  4.866 0.0000000000
162424  56.023  -46.773  3.900 0.0000000000
162425  55.627  -46.865  4.320 0.0000000000
162426  55.222  -46.908  4.706 0.0000000000
162427  54.562  -46.600  4.566 0.0000000000
162428  53.837  -46.301  4.486 0.0000000000
162429  53.116  -45.961  4.428 0.0000000000
162430  52.836  -45.452  3.991 0.0000000000
162431  52.500  -44.912  3.645 0.0000000000
162432  52.152  -44.408  3.334 0.0000000000
162433  53.452  -44.589  2.885 0.0000000000
162434  52.633  -44.211  2.926 0.0000000000
162435  51.841  -43.889  2.922 0.0000000000
162436  51.533  -43.432  2.439 0.0000000000
162437  51.161  -43.042  1.922 0.0000000000
162438  50.802  -42.744  1.441 0.0000000000
162439  51.239  -42.695  0.999 0.0000000000
162440  51.714  -42.609  0.585 0.0000000000
162441  52.192  -42.530  0.183 0.0000000000
162442  53.480  -43.040  0.723 0.0000000000
162443  53.071  -42.741  0.266 0.0000000000
162444  52.681  -42.450  -0.214 0.0000000000
162445  53.186  -42.346  -0.597 0.0000000000
162446  53.659  -42.223  -0.975 0.0000000000
162447  54.143  -42.085  -1.353 0.0000000000
162448  56.693  -44.053  1.252 0.0000000000
162449  56.364  -43.674  0.780 0.0000000000
162450  56.014  -43.354  0.253 0.0000000000
162451  57.327  -43.485  0.118 0.0000000000
162452  56.495  -43.246  -0.066 0.0000000000
162453  55.647  -43.026  -0.221 0.0000000000
162454  55.312  -42.707  -0.655 0.0000000000
162455  54.982  -42.301  -1.189 0.0000000000
162456  54.661  -41.945  -1.706 0.0000000000
162457  55.136  -41.739  -2.040 0.0000000000
162458  55.619  -41.500  -2.385 0.0000000000
162459  56.102  -41.234  -2.736 0.0000000000
162460  57.217  -41.952  -1.995 0.0000000000
162461  56.933  -41.437  -2.534 0.0000000000
162462  56.566  -40.930  -3.037 0.0000000000
162463  57.035  -40.581  -3.318 0.0000000000
162464  57.517  -40.234  -3.564 0.0000000000
162465  58.027  -39.950  -3.755 0.0000000000
162528  61.174  -43.693  -0.165 0.0000000000
162537  60.871  -43.137  -0.608 0.0000000000
162538  60.556  -42.632  -1.066 0.0000000000
162539  60.223  -42.159  -1.523 0.0000000000
162540  59.888  -41.731  -2.005 0.0000000000
162541  61.254  -41.596  -1.928 0.0000000000
162542  60.415  -41.448  -2.224 0.0000000000
162543  59.526  -41.242  -2.519 0.0000000000
162544  59.221  -40.731  -3.055 0.0000000000
162545  58.868  -40.198  -3.527 0.0000000000
162546  58.542  -39.633  -3.922 0.0000000000
162547  59.017  -39.325  -4.072 0.0000000000
162548  59.504  -39.024  -4.210 0.0000000000
162549  59.954  -38.699  -4.366 0.0000000000
