#!ascii label  , from subject studyTemplate vox2ras=TkReg
1705
132  4.693  -74.808  20.793 0.0000000000
285  6.074  -85.092  21.625 0.0000000000
286  9.208  -80.843  29.532 0.0000000000
552  6.029  -96.686  11.022 0.0000000000
553  3.080  -86.566  8.806 0.0000000000
556  13.432  -64.728  16.322 0.0000000000
765  7.328  -83.507  34.603 0.0000000000
1216  10.076  -92.041  14.108 0.0000000000
1217  4.879  -80.913  21.618 0.0000000000
1218  6.743  -86.253  15.097 0.0000000000
1219  6.430  -80.887  15.468 0.0000000000
1221  2.382  -75.514  15.526 0.0000000000
1227  19.031  -65.454  13.864 0.0000000000
1665  8.827  -87.742  20.555 0.0000000000
1666  7.085  -86.247  28.924 0.0000000000
1667  4.849  -82.274  27.640 0.0000000000
1668  5.674  -77.611  25.648 0.0000000000
2294  7.763  -97.846  5.456 0.0000000000
2295  5.501  -91.086  15.931 0.0000000000
2296  3.658  -92.460  9.548 0.0000000000
2302  13.338  -78.413  24.840 0.0000000000
2303  10.327  -73.477  22.625 0.0000000000
2305  15.819  -70.077  19.737 0.0000000000
2306  6.384  -68.306  17.869 0.0000000000
3134  13.251  -91.645  17.695 0.0000000000
3135  12.403  -92.332  14.076 0.0000000000
3136  11.659  -90.109  17.002 0.0000000000
3137  4.881  -78.025  21.744 0.0000000000
3138  6.657  -80.676  19.004 0.0000000000
3139  5.942  -77.777  18.536 0.0000000000
3140  4.064  -78.529  15.731 0.0000000000
3141  3.399  -74.802  18.276 0.0000000000
3148  18.921  -65.476  11.095 0.0000000000
3735  7.782  -88.191  28.918 0.0000000000
3737  8.031  -81.999  32.180 0.0000000000
3738  5.537  -82.754  31.273 0.0000000000
3739  5.996  -80.983  29.359 0.0000000000
3740  4.517  -79.919  26.839 0.0000000000
3741  7.057  -79.395  27.381 0.0000000000
5087  7.677  -97.511  12.134 0.0000000000
5088  8.326  -100.120  10.630 0.0000000000
5089  6.686  -99.145  9.676 0.0000000000
5090  8.267  -99.347  6.683 0.0000000000
5091  5.505  -98.039  7.843 0.0000000000
5092  7.113  -86.449  21.270 0.0000000000
5093  7.040  -89.094  18.109 0.0000000000
5094  5.343  -87.902  18.845 0.0000000000
5095  5.701  -86.327  11.677 0.0000000000
5096  5.307  -89.151  12.203 0.0000000000
5097  3.391  -89.403  8.656 0.0000000000
5098  4.045  -93.129  5.730 0.0000000000
5099  4.030  -90.324  5.691 0.0000000000
5112  15.958  -76.826  22.799 0.0000000000
5113  11.933  -76.169  23.814 0.0000000000
5114  14.499  -74.644  21.836 0.0000000000
5118  17.600  -66.110  17.452 0.0000000000
5119  18.381  -68.759  18.034 0.0000000000
5120  14.555  -67.079  18.675 0.0000000000
5121  11.402  -68.801  19.347 0.0000000000
5122  9.938  -66.005  16.973 0.0000000000
5123  5.017  -66.762  15.174 0.0000000000
5124  9.098  -64.937  13.957 0.0000000000
5987  10.274  -82.899  34.469 0.0000000000
5988  11.259  -81.955  31.797 0.0000000000
6796  12.265  -95.139  12.903 0.0000000000
6797  9.988  -95.023  12.649 0.0000000000
6798  7.967  -94.547  12.533 0.0000000000
6799  5.530  -83.562  21.639 0.0000000000
6800  5.409  -85.802  18.429 0.0000000000
6801  6.427  -83.349  18.648 0.0000000000
6802  7.385  -83.527  15.321 0.0000000000
6803  4.953  -83.838  12.172 0.0000000000
6804  3.328  -83.965  9.336 0.0000000000
6805  3.662  -81.666  13.178 0.0000000000
6806  2.863  -79.084  13.163 0.0000000000
6816  20.057  -65.923  15.816 0.0000000000
6817  16.653  -64.691  15.405 0.0000000000
6818  12.901  -64.407  13.070 0.0000000000
6819  16.152  -64.603  12.243 0.0000000000
7725  10.328  -89.248  20.665 0.0000000000
7726  8.754  -88.947  24.545 0.0000000000
7727  8.062  -86.951  24.902 0.0000000000
7728  7.324  -85.093  24.833 0.0000000000
7729  6.091  -84.848  32.715 0.0000000000
7730  6.157  -84.290  28.471 0.0000000000
7731  6.151  -83.531  24.727 0.0000000000
7732  4.722  -81.603  24.414 0.0000000000
7733  4.063  -78.835  24.008 0.0000000000
7734  4.859  -75.968  23.415 0.0000000000
9441  9.386  -89.639  17.140 0.0000000000
9442  7.463  -91.963  15.145 0.0000000000
9443  5.857  -93.682  13.010 0.0000000000
9444  5.251  -88.790  15.592 0.0000000000
9445  4.730  -91.761  13.109 0.0000000000
9446  4.575  -95.036  10.095 0.0000000000
9447  4.615  -95.964  6.308 0.0000000000
9448  7.279  -95.711  4.755 0.0000000000
9461  12.869  -80.765  29.213 0.0000000000
9463  14.782  -79.332  26.858 0.0000000000
9464  10.994  -79.630  27.192 0.0000000000
9465  9.362  -77.712  25.616 0.0000000000
9466  7.891  -75.493  24.115 0.0000000000
9467  6.488  -73.320  22.154 0.0000000000
9473  17.168  -72.844  20.061 0.0000000000
9474  13.134  -71.630  21.348 0.0000000000
9475  8.453  -70.748  20.546 0.0000000000
9476  4.412  -71.308  19.740 0.0000000000
9477  2.599  -70.403  17.159 0.0000000000
10814  12.401  -91.251  19.256 0.0000000000
10815  12.585  -90.774  17.232 0.0000000000
10816  11.773  -90.360  19.011 0.0000000000
10817  4.991  -76.426  21.298 0.0000000000
10818  5.734  -77.815  20.339 0.0000000000
10819  5.244  -76.155  19.757 0.0000000000
10820  4.708  -76.238  18.312 0.0000000000
10821  4.228  -74.651  19.491 0.0000000000
11417  8.647  -81.432  30.846 0.0000000000
11418  7.043  -81.452  30.774 0.0000000000
11419  7.541  -80.809  29.524 0.0000000000
11420  6.438  -80.180  28.375 0.0000000000
11421  8.086  -80.172  28.368 0.0000000000
12767  6.832  -97.178  11.656 0.0000000000
12768  6.878  -98.573  11.180 0.0000000000
12769  6.112  -98.101  10.503 0.0000000000
12770  6.051  -98.648  8.787 0.0000000000
12771  5.423  -97.512  9.689 0.0000000000
12772  6.486  -85.757  21.479 0.0000000000
12773  6.082  -87.113  20.165 0.0000000000
12774  5.628  -86.382  20.255 0.0000000000
12775  4.163  -86.435  10.325 0.0000000000
12776  4.374  -87.790  10.224 0.0000000000
12777  3.211  -87.969  8.664 0.0000000000
12778  3.087  -89.704  7.004 0.0000000000
12779  3.149  -88.248  7.039 0.0000000000
12781  3.354  -86.896  7.230 0.0000000000
12793  15.204  -75.925  22.090 0.0000000000
12794  16.604  -75.031  21.242 0.0000000000
12798  15.741  -65.299  17.360 0.0000000000
12799  16.190  -66.476  18.253 0.0000000000
12800  14.032  -65.711  17.745 0.0000000000
12801  12.252  -66.470  17.943 0.0000000000
12802  11.662  -65.215  16.643 0.0000000000
12803  9.458  -65.180  15.480 0.0000000000
12804  11.309  -64.718  15.148 0.0000000000
13820  10.707  -82.424  33.099 0.0000000000
13821  12.387  -82.194  32.927 0.0000000000
15166  13.488  -93.758  13.537 0.0000000000
15167  11.300  -92.101  13.987 0.0000000000
15168  11.240  -93.616  13.117 0.0000000000
15169  10.149  -93.471  13.073 0.0000000000
15170  8.962  -94.821  12.509 0.0000000000
15171  9.010  -93.321  13.267 0.0000000000
15172  5.145  -82.321  21.612 0.0000000000
15173  5.648  -83.456  20.077 0.0000000000
15174  5.724  -82.042  20.194 0.0000000000
15175  7.066  -80.733  17.251 0.0000000000
15176  7.294  -82.133  17.313 0.0000000000
15177  7.118  -82.252  15.445 0.0000000000
15178  6.536  -83.632  13.492 0.0000000000
15179  5.860  -82.401  13.900 0.0000000000
15180  4.360  -82.705  12.770 0.0000000000
15181  5.017  -81.297  14.245 0.0000000000
15182  2.906  -77.203  15.798 0.0000000000
15183  2.977  -78.990  14.604 0.0000000000
15184  2.554  -77.479  14.363 0.0000000000
15186  2.742  -75.769  14.120 0.0000000000
15200  19.544  -65.594  15.008 0.0000000000
15201  18.342  -65.313  15.877 0.0000000000
15202  17.890  -65.010  14.741 0.0000000000
15203  16.218  -64.629  13.849 0.0000000000
15204  17.518  -65.058  13.209 0.0000000000
15205  19.291  -65.207  9.687 0.0000000000
15206  17.889  -64.828  10.042 0.0000000000
16965  9.154  -89.896  24.541 0.0000000000
16967  7.452  -87.225  28.965 0.0000000000
16968  7.806  -87.730  26.905 0.0000000000
16969  7.584  -86.676  27.045 0.0000000000
16970  7.726  -85.943  24.978 0.0000000000
16971  7.350  -85.714  26.966 0.0000000000
16972  7.413  -84.400  35.528 0.0000000000
16973  6.784  -85.114  34.580 0.0000000000
16974  6.401  -84.129  33.995 0.0000000000
16975  5.098  -82.555  29.345 0.0000000000
16976  5.492  -83.590  29.982 0.0000000000
16977  5.498  -83.316  27.983 0.0000000000
16978  6.317  -83.869  26.511 0.0000000000
16979  5.556  -82.920  26.298 0.0000000000
16980  5.477  -82.673  24.570 0.0000000000
16981  4.814  -81.949  26.058 0.0000000000
16982  4.980  -78.699  26.259 0.0000000000
16983  4.223  -79.326  25.402 0.0000000000
16984  4.539  -77.957  25.027 0.0000000000
16985  4.319  -77.338  23.785 0.0000000000
16986  5.215  -76.719  24.600 0.0000000000
21032  8.021  -98.640  6.047 0.0000000000
21037  9.644  -88.406  20.556 0.0000000000
21038  10.159  -88.991  18.717 0.0000000000
21039  9.123  -88.589  18.784 0.0000000000
21040  6.137  -90.189  17.085 0.0000000000
21041  7.206  -90.601  16.616 0.0000000000
21042  6.310  -91.690  15.701 0.0000000000
21043  6.627  -92.882  14.128 0.0000000000
21044  5.589  -92.475  14.540 0.0000000000
21045  6.031  -86.042  16.808 0.0000000000
21046  5.324  -87.235  16.928 0.0000000000
21047  5.965  -87.535  15.309 0.0000000000
21048  4.288  -90.669  10.948 0.0000000000
21049  4.887  -90.434  12.721 0.0000000000
21050  4.219  -92.123  11.455 0.0000000000
21051  4.568  -93.462  11.670 0.0000000000
21052  3.987  -93.929  9.899 0.0000000000
21053  4.250  -95.615  8.254 0.0000000000
21054  3.792  -94.271  7.780 0.0000000000
21055  5.447  -93.455  4.852 0.0000000000
21056  5.540  -94.719  4.870 0.0000000000
21088  13.762  -80.865  30.314 0.0000000000
21089  14.608  -80.129  29.207 0.0000000000
21093  15.339  -78.293  24.724 0.0000000000
21095  14.078  -79.146  25.735 0.0000000000
21096  12.941  -79.757  26.937 0.0000000000
21097  12.149  -79.004  26.060 0.0000000000
21098  10.154  -78.716  26.297 0.0000000000
21099  11.349  -78.033  25.309 0.0000000000
21100  11.190  -74.796  23.379 0.0000000000
21101  9.913  -75.683  24.177 0.0000000000
21102  9.088  -74.448  23.291 0.0000000000
21103  7.214  -74.360  23.152 0.0000000000
21104  8.278  -73.294  22.346 0.0000000000
21116  17.058  -69.429  18.795 0.0000000000
21117  19.088  -69.876  18.546 0.0000000000
21118  17.623  -70.746  18.988 0.0000000000
21120  16.422  -71.483  19.851 0.0000000000
21121  15.190  -72.237  20.842 0.0000000000
21122  14.524  -70.785  20.615 0.0000000000
21123  8.954  -68.339  18.613 0.0000000000
21124  9.856  -69.683  19.884 0.0000000000
21125  7.446  -69.493  19.283 0.0000000000
21126  6.366  -70.835  20.107 0.0000000000
21127  5.149  -69.687  18.790 0.0000000000
21128  3.316  -70.682  18.542 0.0000000000
21129  4.080  -68.884  17.492 0.0000000000
21130  5.149  -66.928  14.065 0.0000000000
21131  3.466  -68.562  14.930 0.0000000000
24074  13.973  -92.235  16.253 0.0000000000
24075  13.488  -92.592  14.410 0.0000000000
24076  13.253  -91.595  15.676 0.0000000000
24077  12.180  -91.105  15.338 0.0000000000
24078  11.022  -90.885  15.259 0.0000000000
24079  4.782  -79.518  21.715 0.0000000000
24080  5.677  -80.700  20.399 0.0000000000
24081  5.700  -79.332  20.534 0.0000000000
24082  6.543  -79.294  18.949 0.0000000000
24083  6.427  -79.296  17.034 0.0000000000
24084  5.381  -79.635  15.541 0.0000000000
24085  5.245  -77.964  16.945 0.0000000000
24086  3.819  -76.714  16.993 0.0000000000
24087  2.708  -75.209  16.958 0.0000000000
24098  18.846  -65.516  12.513 0.0000000000
24099  20.263  -65.709  11.964 0.0000000000
24100  20.363  -65.606  10.729 0.0000000000
25157  7.666  -87.536  30.905 0.0000000000
25158  7.091  -86.584  30.973 0.0000000000
25159  7.595  -82.680  33.435 0.0000000000
25160  6.293  -83.077  33.138 0.0000000000
25161  6.554  -82.188  31.992 0.0000000000
25162  5.684  -81.807  30.333 0.0000000000
25163  4.886  -81.496  28.805 0.0000000000
25164  4.486  -81.162  27.352 0.0000000000
25165  5.127  -80.486  28.108 0.0000000000
25166  5.604  -79.458  27.280 0.0000000000
25167  6.267  -78.509  26.515 0.0000000000
27589  8.679  -97.790  12.356 0.0000000000
27590  9.022  -99.210  11.665 0.0000000000
27591  7.871  -98.927  11.608 0.0000000000
27592  7.418  -99.659  10.261 0.0000000000
27593  7.641  -100.047  8.698 0.0000000000
27594  8.404  -100.108  7.108 0.0000000000
27595  7.248  -99.418  7.936 0.0000000000
27596  6.867  -98.831  7.120 0.0000000000
27597  6.462  -98.183  6.262 0.0000000000
27598  7.909  -87.133  20.892 0.0000000000
27599  8.003  -88.180  19.149 0.0000000000
27600  6.937  -87.729  19.711 0.0000000000
27601  5.980  -88.612  18.687 0.0000000000
27602  5.364  -89.504  17.360 0.0000000000
27603  6.685  -86.284  13.323 0.0000000000
27604  6.168  -87.677  13.558 0.0000000000
27605  5.654  -87.777  11.793 0.0000000000
27606  4.447  -89.264  10.446 0.0000000000
27607  3.485  -90.907  9.045 0.0000000000
27608  3.404  -92.707  7.474 0.0000000000
27609  3.142  -91.237  7.145 0.0000000000
27610  3.966  -91.735  5.633 0.0000000000
27611  5.417  -92.206  4.977 0.0000000000
27634  14.602  -77.717  23.690 0.0000000000
27635  12.576  -77.382  24.230 0.0000000000
27636  13.866  -76.709  23.072 0.0000000000
27637  13.219  -75.405  22.795 0.0000000000
27638  12.509  -73.944  22.592 0.0000000000
27644  19.255  -66.955  17.026 0.0000000000
27645  19.883  -67.952  17.720 0.0000000000
27646  17.949  -67.461  17.782 0.0000000000
27647  16.623  -67.967  18.603 0.0000000000
27648  15.206  -68.616  19.369 0.0000000000
27649  13.723  -69.395  19.908 0.0000000000
27650  12.934  -67.892  18.964 0.0000000000
27651  10.609  -67.315  18.223 0.0000000000
27652  8.106  -67.070  17.289 0.0000000000
27653  5.478  -67.341  16.543 0.0000000000
27654  7.460  -66.114  15.885 0.0000000000
27655  7.095  -65.556  14.449 0.0000000000
29328  8.424  -83.817  35.901 0.0000000000
29331  8.680  -83.119  34.675 0.0000000000
29332  9.091  -82.558  33.349 0.0000000000
29333  9.641  -82.026  32.014 0.0000000000
29334  10.247  -81.484  30.689 0.0000000000
31218  10.974  -96.600  12.530 0.0000000000
31219  12.339  -93.729  13.332 0.0000000000
31220  11.127  -95.150  12.810 0.0000000000
31221  9.780  -96.483  12.570 0.0000000000
31222  8.728  -96.307  12.463 0.0000000000
31223  7.853  -96.085  12.213 0.0000000000
31224  6.992  -95.657  11.921 0.0000000000
31225  5.826  -84.404  21.666 0.0000000000
31226  5.433  -85.553  20.183 0.0000000000
31227  5.471  -84.600  20.025 0.0000000000
31228  5.953  -84.707  18.470 0.0000000000
31229  6.783  -84.800  16.906 0.0000000000
31230  6.645  -81.974  18.878 0.0000000000
31231  7.289  -83.433  17.164 0.0000000000
31232  7.219  -84.861  15.162 0.0000000000
31233  6.821  -84.911  13.267 0.0000000000
31234  5.496  -85.035  11.739 0.0000000000
31235  3.797  -85.227  10.529 0.0000000000
31236  3.069  -85.290  9.019 0.0000000000
31237  3.508  -83.989  10.937 0.0000000000
31238  3.323  -82.745  11.399 0.0000000000
31239  3.275  -81.599  11.603 0.0000000000
31240  3.971  -80.194  14.520 0.0000000000
31241  3.060  -80.525  13.315 0.0000000000
31265  18.762  -65.944  16.559 0.0000000000
31266  17.179  -65.152  16.735 0.0000000000
31267  15.093  -64.616  15.907 0.0000000000
31268  13.020  -64.441  14.729 0.0000000000
31269  14.688  -64.388  14.364 0.0000000000
31270  14.597  -64.393  12.693 0.0000000000
31271  14.824  -64.420  10.857 0.0000000000
31272  17.560  -65.042  11.721 0.0000000000
31273  16.470  -64.470  10.474 0.0000000000
33587  9.592  -89.062  22.533 0.0000000000
33588  9.109  -88.146  22.493 0.0000000000
33589  8.095  -88.680  26.744 0.0000000000
33590  8.421  -88.007  24.668 0.0000000000
33591  8.538  -87.196  22.654 0.0000000000
33592  7.920  -86.356  22.855 0.0000000000
33593  7.346  -85.549  22.941 0.0000000000
33594  6.837  -84.829  22.996 0.0000000000
33596  6.747  -85.901  32.984 0.0000000000
33597  6.537  -85.576  30.899 0.0000000000
33598  5.679  -83.803  32.089 0.0000000000
33599  6.002  -84.578  30.584 0.0000000000
33600  6.669  -85.281  28.815 0.0000000000
33601  6.952  -84.782  26.723 0.0000000000
33602  6.829  -84.313  24.830 0.0000000000
33603  6.323  -84.185  23.094 0.0000000000
33604  5.848  -83.470  23.113 0.0000000000
33605  5.215  -82.519  23.023 0.0000000000
33606  4.582  -81.290  22.944 0.0000000000
33607  4.256  -80.704  25.802 0.0000000000
33608  4.200  -80.301  24.230 0.0000000000
33609  4.266  -79.881  22.846 0.0000000000
33610  4.161  -78.372  22.848 0.0000000000
33611  4.473  -76.831  22.608 0.0000000000
33612  4.802  -75.319  22.152 0.0000000000
38553  9.328  -99.892  5.901 0.0000000000
38559  11.008  -89.549  18.903 0.0000000000
38560  10.520  -89.801  16.919 0.0000000000
38561  9.722  -90.845  15.547 0.0000000000
38562  8.212  -89.419  17.557 0.0000000000
38563  8.394  -90.839  16.051 0.0000000000
38564  8.759  -92.051  14.541 0.0000000000
38565  7.839  -93.126  13.573 0.0000000000
38566  6.895  -94.103  12.799 0.0000000000
38567  6.041  -95.032  11.796 0.0000000000
38568  5.118  -86.925  18.686 0.0000000000
38569  5.035  -88.455  17.276 0.0000000000
38570  5.089  -90.067  15.822 0.0000000000
38571  5.580  -88.996  13.928 0.0000000000
38572  5.077  -90.261  14.306 0.0000000000
38573  5.076  -91.507  14.546 0.0000000000
38574  5.058  -92.959  13.229 0.0000000000
38575  5.168  -94.410  11.727 0.0000000000
38576  5.279  -95.966  10.380 0.0000000000
38577  4.781  -96.743  8.835 0.0000000000
38578  5.051  -97.166  6.986 0.0000000000
38579  6.069  -97.285  5.501 0.0000000000
38580  4.265  -94.579  5.925 0.0000000000
38581  5.746  -96.012  5.087 0.0000000000
38582  7.472  -96.874  5.055 0.0000000000
38618  14.179  -81.652  32.741 0.0000000000
38619  13.060  -81.545  31.609 0.0000000000
38620  12.070  -81.385  30.498 0.0000000000
38621  11.142  -80.896  29.391 0.0000000000
38628  13.751  -80.076  28.004 0.0000000000
38629  12.048  -80.365  28.156 0.0000000000
38630  10.105  -80.230  28.316 0.0000000000
38631  9.001  -79.441  27.281 0.0000000000
38632  8.145  -78.572  26.483 0.0000000000
38633  7.471  -77.605  25.757 0.0000000000
38634  10.655  -76.905  24.766 0.0000000000
38635  8.665  -76.654  24.968 0.0000000000
38636  6.773  -76.556  24.952 0.0000000000
38637  6.176  -75.485  23.974 0.0000000000
38638  5.621  -74.554  22.868 0.0000000000
38639  5.073  -73.745  21.671 0.0000000000
38658  15.834  -73.753  20.898 0.0000000000
38659  13.866  -73.097  21.759 0.0000000000
38660  11.643  -72.509  21.921 0.0000000000
38661  12.264  -70.249  20.414 0.0000000000
38662  10.772  -71.122  20.962 0.0000000000
38663  9.428  -72.177  21.602 0.0000000000
38664  7.373  -72.033  21.327 0.0000000000
38665  5.530  -72.238  20.989 0.0000000000
38666  4.284  -73.060  20.438 0.0000000000
38667  3.358  -72.746  19.289 0.0000000000
38668  2.587  -72.681  18.007 0.0000000000
38669  2.287  -72.857  16.507 0.0000000000
38670  3.421  -68.427  16.099 0.0000000000
38671  2.499  -70.605  15.759 0.0000000000
38672  2.555  -73.316  15.180 0.0000000000
38676  11.069  -64.630  13.489 0.0000000000
41535  12.101  -90.793  19.101 0.0000000000
41537  4.899  -75.598  21.041 0.0000000000
41538  5.200  -76.249  20.531 0.0000000000
41539  4.895  -75.446  20.295 0.0000000000
41540  4.754  -75.366  19.586 0.0000000000
41541  4.541  -74.691  20.135 0.0000000000
42137  8.940  -81.138  30.174 0.0000000000
42138  8.112  -81.099  30.182 0.0000000000
42139  8.393  -80.811  29.548 0.0000000000
42140  7.817  -80.498  28.934 0.0000000000
42141  8.674  -80.502  28.939 0.0000000000
43487  6.405  -96.952  11.348 0.0000000000
43488  6.407  -97.679  11.182 0.0000000000
43489  6.006  -97.457  10.819 0.0000000000
43490  5.760  -97.818  10.096 0.0000000000
43491  5.644  -97.180  10.459 0.0000000000
43492  6.269  -85.407  21.530 0.0000000000
43493  6.033  -86.045  20.879 0.0000000000
43494  5.842  -85.697  20.950 0.0000000000
43495  3.508  -86.509  9.613 0.0000000000
43496  3.639  -87.167  9.525 0.0000000000
43497  3.126  -87.259  8.735 0.0000000000
43498  3.046  -88.083  7.828 0.0000000000
43499  3.023  -87.385  7.871 0.0000000000
43500  3.191  -87.563  7.115 0.0000000000
43501  3.043  -86.714  7.933 0.0000000000
43518  14.614  -64.990  16.931 0.0000000000
43519  14.905  -65.460  17.614 0.0000000000
43520  13.728  -65.174  17.100 0.0000000000
43521  12.841  -65.451  17.220 0.0000000000
43522  12.554  -64.937  16.524 0.0000000000
43523  11.476  -64.879  15.930 0.0000000000
43524  12.372  -64.687  15.740 0.0000000000
45887  10.719  -92.014  13.968 0.0000000000
45888  10.732  -92.773  13.487 0.0000000000
45889  10.149  -92.723  13.539 0.0000000000
45890  9.582  -93.399  13.169 0.0000000000
45891  9.562  -92.666  13.679 0.0000000000
45892  4.991  -81.605  21.610 0.0000000000
45893  5.374  -82.158  20.889 0.0000000000
45894  5.299  -81.461  20.935 0.0000000000
45895  6.893  -80.777  16.311 0.0000000000
45896  7.205  -81.498  16.390 0.0000000000
45897  6.834  -81.576  15.455 0.0000000000
45898  6.581  -82.309  14.612 0.0000000000
45899  6.186  -81.670  14.705 0.0000000000
45900  5.484  -81.821  14.083 0.0000000000
45901  5.746  -81.076  14.787 0.0000000000
45902  2.553  -76.404  15.689 0.0000000000
45903  2.553  -77.389  15.142 0.0000000000
45904  2.442  -76.535  14.988 0.0000000000
45905  2.575  -76.641  14.238 0.0000000000
45906  2.489  -75.661  14.792 0.0000000000
45918  19.912  -65.620  14.093 0.0000000000
45920  19.281  -65.495  14.480 0.0000000000
45921  18.688  -65.328  14.897 0.0000000000
45922  18.468  -65.246  14.283 0.0000000000
45923  17.668  -65.017  13.953 0.0000000000
45924  18.243  -65.268  13.571 0.0000000000
47687  7.282  -86.721  28.954 0.0000000000
47688  7.463  -86.975  28.061 0.0000000000
47689  7.332  -86.515  28.003 0.0000000000
47690  7.492  -86.183  27.007 0.0000000000
47691  7.186  -86.041  27.967 0.0000000000
47692  7.332  -83.955  35.099 0.0000000000
47693  6.875  -84.278  34.854 0.0000000000
47694  6.833  -83.787  34.367 0.0000000000
47695  4.964  -82.426  28.466 0.0000000000
47696  5.210  -82.953  28.697 0.0000000000
47697  5.166  -82.808  27.820 0.0000000000
47698  5.542  -83.121  27.170 0.0000000000
47699  5.172  -82.613  26.989 0.0000000000
47700  5.164  -82.456  26.147 0.0000000000
47701  4.829  -82.104  26.855 0.0000000000
47702  5.307  -78.136  25.957 0.0000000000
47703  4.745  -78.317  25.641 0.0000000000
47704  5.063  -77.704  25.415 0.0000000000
47705  4.863  -77.309  24.854 0.0000000000
47706  5.431  -77.125  25.176 0.0000000000
51752  7.876  -98.254  5.718 0.0000000000
51753  8.710  -98.361  5.768 0.0000000000
51754  8.643  -97.939  5.544 0.0000000000
51756  8.523  -97.542  5.386 0.0000000000
51757  9.269  -88.031  20.555 0.0000000000
51758  9.465  -88.402  19.595 0.0000000000
51759  8.953  -88.129  19.648 0.0000000000
51760  5.790  -90.680  16.528 0.0000000000
51761  6.244  -90.964  16.357 0.0000000000
51762  5.853  -91.479  15.840 0.0000000000
51763  5.950  -92.127  15.103 0.0000000000
51764  5.548  -91.827  15.226 0.0000000000
51765  6.426  -86.176  15.979 0.0000000000
51766  6.008  -86.783  16.038 0.0000000000
51767  6.384  -86.929  15.189 0.0000000000
51768  3.886  -91.541  10.292 0.0000000000
51769  4.217  -91.376  11.218 0.0000000000
51770  3.947  -92.307  10.516 0.0000000000
51771  4.075  -93.041  10.703 0.0000000000
51772  3.795  -93.259  9.741 0.0000000000
51773  3.825  -94.105  8.871 0.0000000000
51774  3.606  -93.373  8.685 0.0000000000
51775  6.269  -93.478  4.746 0.0000000000
51776  6.285  -94.079  4.687 0.0000000000
51808  15.093  -80.121  29.839 0.0000000000
51813  14.346  -78.450  24.704 0.0000000000
51814  14.681  -78.752  25.203 0.0000000000
51815  13.739  -78.820  25.244 0.0000000000
51816  13.141  -79.114  25.876 0.0000000000
51817  12.745  -78.711  25.432 0.0000000000
51818  11.747  -78.536  25.646 0.0000000000
51819  12.338  -78.245  25.053 0.0000000000
51820  10.761  -74.127  23.049 0.0000000000
51821  10.104  -74.589  23.381 0.0000000000
51822  9.676  -73.971  22.965 0.0000000000
51823  8.673  -73.881  22.824 0.0000000000
51824  9.228  -73.376  22.483 0.0000000000
51836  16.460  -69.754  19.281 0.0000000000
51837  17.339  -70.106  18.878 0.0000000000
51838  16.717  -70.439  19.331 0.0000000000
51839  17.015  -71.097  19.395 0.0000000000
51840  16.114  -70.761  19.822 0.0000000000
51841  15.505  -71.132  20.293 0.0000000000
51842  15.182  -70.421  20.181 0.0000000000
51843  7.699  -68.304  18.220 0.0000000000
51844  8.195  -68.926  18.915 0.0000000000
51845  6.934  -68.906  18.580 0.0000000000
51846  6.295  -69.547  19.001 0.0000000000
51847  5.697  -68.937  18.268 0.0000000000
51848  4.590  -69.239  18.149 0.0000000000
51849  5.175  -68.476  17.655 0.0000000000
55484  13.639  -91.902  16.941 0.0000000000
55485  13.632  -91.917  15.960 0.0000000000
55486  13.309  -91.557  16.688 0.0000000000
55487  12.169  -90.354  17.090 0.0000000000
55488  12.458  -90.837  16.255 0.0000000000
55489  11.943  -90.574  16.094 0.0000000000
55490  11.612  -90.960  15.271 0.0000000000
55491  11.387  -90.417  16.042 0.0000000000
55492  4.791  -78.797  21.771 0.0000000000
55493  5.190  -79.406  21.175 0.0000000000
55494  5.263  -78.673  21.170 0.0000000000
55495  5.968  -77.785  19.466 0.0000000000
55496  6.130  -78.560  19.676 0.0000000000
55497  6.327  -78.547  18.774 0.0000000000
55498  6.668  -79.288  17.988 0.0000000000
55499  6.275  -78.555  17.826 0.0000000000
55500  5.889  -78.623  16.967 0.0000000000
55501  5.706  -77.818  17.685 0.0000000000
55502  4.000  -75.535  18.271 0.0000000000
55503  4.278  -76.424  17.638 0.0000000000
55504  3.571  -75.735  17.652 0.0000000000
55505  3.194  -76.007  17.014 0.0000000000
55506  2.985  -75.025  17.669 0.0000000000
55528  20.519  -65.455  10.095 0.0000000000
55617  13.700  -92.134  17.699 0.0000000000
55618  14.076  -92.345  17.023 0.0000000000
57289  7.587  -87.175  31.908 0.0000000000
57290  7.385  -87.069  30.944 0.0000000000
57291  7.266  -86.726  31.939 0.0000000000
57292  7.782  -82.325  32.824 0.0000000000
57293  7.046  -82.423  32.741 0.0000000000
57294  7.272  -82.062  32.129 0.0000000000
57295  6.534  -81.229  30.074 0.0000000000
57296  6.315  -81.577  30.634 0.0000000000
57297  5.818  -81.399  29.867 0.0000000000
57298  5.290  -81.672  29.525 0.0000000000
57299  5.343  -81.192  29.162 0.0000000000
57300  4.970  -80.993  28.483 0.0000000000
57301  5.541  -80.741  28.724 0.0000000000
57302  6.726  -79.804  27.857 0.0000000000
57303  6.002  -79.834  27.838 0.0000000000
57304  6.295  -79.387  27.399 0.0000000000
57305  5.911  -78.972  26.886 0.0000000000
57306  6.634  -78.946  26.956 0.0000000000
61342  8.152  -97.670  12.282 0.0000000000
61343  8.252  -98.435  12.096 0.0000000000
61344  7.727  -98.247  11.955 0.0000000000
61345  6.675  -98.925  10.500 0.0000000000
61346  7.106  -99.137  10.759 0.0000000000
61347  7.051  -99.399  10.001 0.0000000000
61348  7.442  -99.879  9.489 0.0000000000
61349  7.155  -99.590  9.165 0.0000000000
61350  7.436  -99.726  8.304 0.0000000000
61351  6.884  -99.309  8.784 0.0000000000
61352  5.793  -98.379  8.303 0.0000000000
61353  6.421  -98.785  7.871 0.0000000000
61354  6.170  -98.502  7.414 0.0000000000
61355  6.668  -98.534  6.691 0.0000000000
61356  5.902  -98.182  6.969 0.0000000000
61357  7.483  -86.811  21.084 0.0000000000
61358  7.426  -87.376  20.220 0.0000000000
61359  6.989  -87.071  20.475 0.0000000000
61360  5.639  -87.519  19.566 0.0000000000
61361  5.997  -87.855  19.430 0.0000000000
61362  5.604  -88.282  18.811 0.0000000000
61363  5.602  -89.065  18.074 0.0000000000
61364  5.303  -88.694  18.129 0.0000000000
61365  6.315  -86.287  12.466 0.0000000000
61366  6.198  -87.017  12.549 0.0000000000
61367  5.715  -87.023  11.714 0.0000000000
61368  3.796  -88.606  9.437 0.0000000000
61369  4.472  -88.520  10.228 0.0000000000
61370  3.836  -89.328  9.546 0.0000000000
61371  3.859  -90.056  9.759 0.0000000000
61372  3.424  -90.181  8.797 0.0000000000
61373  3.205  -91.059  8.063 0.0000000000
61374  3.171  -90.292  7.911 0.0000000000
61375  3.401  -89.980  6.188 0.0000000000
61376  3.427  -90.737  6.220 0.0000000000
61377  3.982  -91.037  5.611 0.0000000000
61378  4.646  -92.005  5.168 0.0000000000
61379  4.677  -91.338  5.231 0.0000000000
61381  4.744  -90.677  5.394 0.0000000000
61417  15.257  -77.298  23.219 0.0000000000
61418  14.215  -77.273  23.342 0.0000000000
61419  14.892  -76.883  22.832 0.0000000000
61420  14.834  -75.306  21.921 0.0000000000
61421  14.203  -75.705  22.401 0.0000000000
61422  13.855  -75.029  22.309 0.0000000000
61423  12.902  -74.694  22.736 0.0000000000
61424  13.531  -74.313  22.290 0.0000000000
61433  18.405  -66.577  17.177 0.0000000000
61434  18.600  -67.213  17.365 0.0000000000
61435  17.771  -66.760  17.642 0.0000000000
61436  15.411  -66.744  18.483 0.0000000000
61437  16.400  -67.219  18.439 0.0000000000
61438  15.652  -67.535  18.752 0.0000000000
61439  15.949  -68.338  19.027 0.0000000000
61440  14.875  -67.872  19.026 0.0000000000
61441  14.098  -68.222  19.241 0.0000000000
61442  13.737  -67.468  18.815 0.0000000000
61443  11.099  -66.212  17.476 0.0000000000
61444  11.441  -66.892  18.078 0.0000000000
61445  10.271  -66.640  17.630 0.0000000000
61446  9.375  -67.103  17.772 0.0000000000
61447  9.019  -66.495  17.116 0.0000000000
61448  7.773  -66.537  16.582 0.0000000000
61449  8.727  -66.010  16.399 0.0000000000
61450  9.257  -65.010  14.712 0.0000000000
61451  8.282  -65.315  14.924 0.0000000000
61452  8.119  -65.180  14.161 0.0000000000
61453  7.067  -65.617  13.800 0.0000000000
61454  8.055  -65.273  13.489 0.0000000000
64498  9.255  -83.282  35.244 0.0000000000
64499  9.452  -82.994  34.588 0.0000000000
64500  8.882  -82.834  34.010 0.0000000000
64501  9.664  -82.751  33.907 0.0000000000
64502  10.975  -82.190  32.446 0.0000000000
64503  10.139  -82.258  32.551 0.0000000000
64504  10.428  -82.014  31.896 0.0000000000
64505  9.945  -81.764  31.343 0.0000000000
64506  10.755  -81.757  31.239 0.0000000000
68539  12.210  -95.829  12.647 0.0000000000
68540  11.593  -96.543  12.444 0.0000000000
68541  11.613  -95.887  12.694 0.0000000000
68542  12.947  -92.473  14.237 0.0000000000
68543  12.925  -93.087  13.738 0.0000000000
68544  12.374  -93.023  13.615 0.0000000000
68545  10.627  -94.327  12.848 0.0000000000
68546  11.190  -94.396  12.927 0.0000000000
68547  10.543  -95.096  12.735 0.0000000000
68548  10.417  -95.855  12.679 0.0000000000
68549  9.881  -95.776  12.590 0.0000000000
68550  9.206  -96.409  12.527 0.0000000000
68551  9.347  -95.683  12.517 0.0000000000
68552  8.473  -94.695  12.493 0.0000000000
68553  8.408  -95.491  12.357 0.0000000000
68554  7.953  -95.344  12.283 0.0000000000
68555  7.436  -95.902  12.050 0.0000000000
68556  7.494  -95.124  12.220 0.0000000000
68557  5.683  -84.008  21.649 0.0000000000
68558  5.569  -84.529  20.879 0.0000000000
68559  5.535  -84.062  20.855 0.0000000000
68560  6.017  -83.365  19.357 0.0000000000
68561  5.831  -84.054  19.308 0.0000000000
68562  6.222  -84.030  18.551 0.0000000000
68563  6.356  -84.728  17.677 0.0000000000
68564  6.664  -84.054  17.806 0.0000000000
68565  6.173  -80.689  19.746 0.0000000000
68566  6.149  -81.326  19.669 0.0000000000
68567  6.652  -81.345  18.950 0.0000000000
68568  7.469  -82.852  16.348 0.0000000000
68569  7.349  -82.761  17.282 0.0000000000
68570  7.433  -83.488  16.267 0.0000000000
68571  7.324  -84.140  16.161 0.0000000000
68572  7.334  -84.179  15.239 0.0000000000
68573  7.143  -84.869  14.228 0.0000000000
68574  7.156  -84.214  14.281 0.0000000000
68575  5.813  -83.705  12.783 0.0000000000
68576  6.066  -84.321  12.577 0.0000000000
68577  5.249  -84.424  11.917 0.0000000000
68578  4.596  -85.152  11.137 0.0000000000
68579  4.386  -84.541  11.324 0.0000000000
68580  3.649  -84.613  10.717 0.0000000000
68581  4.160  -83.962  11.558 0.0000000000
68582  4.023  -82.176  13.023 0.0000000000
68583  3.735  -82.775  12.139 0.0000000000
68584  3.510  -82.212  12.330 0.0000000000
68585  3.273  -82.156  11.530 0.0000000000
68586  3.299  -81.664  12.446 0.0000000000
68587  4.743  -79.077  15.640 0.0000000000
68588  4.647  -79.931  15.010 0.0000000000
68589  4.059  -79.373  15.144 0.0000000000
68590  2.780  -79.095  13.891 0.0000000000
68591  3.041  -79.793  13.969 0.0000000000
68592  2.852  -79.868  13.279 0.0000000000
68593  3.111  -80.462  12.472 0.0000000000
68640  20.429  -66.074  16.300 0.0000000000
68641  19.705  -66.258  16.492 0.0000000000
68642  19.409  -65.912  16.127 0.0000000000
68643  17.527  -64.990  15.762 0.0000000000
68644  17.794  -65.204  16.345 0.0000000000
68645  16.932  -64.873  16.140 0.0000000000
68646  16.209  -64.830  16.426 0.0000000000
68647  15.919  -64.622  15.688 0.0000000000
68648  14.867  -64.428  15.151 0.0000000000
68649  15.681  -64.483  14.918 0.0000000000
68650  16.129  -64.647  13.079 0.0000000000
68651  15.382  -64.494  13.344 0.0000000000
68652  15.405  -64.451  12.470 0.0000000000
68653  14.704  -64.367  11.761 0.0000000000
68654  15.497  -64.408  11.559 0.0000000000
68655  18.845  -65.518  11.807 0.0000000000
68656  18.168  -65.326  12.180 0.0000000000
68657  18.232  -65.266  11.402 0.0000000000
68659  17.203  -64.618  10.258 0.0000000000
73940  9.359  -88.608  22.499 0.0000000000
73941  9.000  -88.526  23.470 0.0000000000
73945  7.912  -87.379  25.961 0.0000000000
73946  8.076  -87.894  25.814 0.0000000000
73947  8.230  -87.496  24.798 0.0000000000
73948  8.538  -87.596  23.658 0.0000000000
73949  8.296  -87.090  23.772 0.0000000000
73950  8.228  -86.773  22.767 0.0000000000
73951  8.066  -86.581  23.880 0.0000000000
73952  7.521  -85.510  24.896 0.0000000000
73953  7.604  -85.678  23.877 0.0000000000
73954  7.369  -85.255  23.854 0.0000000000
73955  7.092  -85.182  22.960 0.0000000000
73956  7.162  -84.857  23.888 0.0000000000
73960  6.389  -85.004  33.710 0.0000000000
73961  6.671  -85.523  33.870 0.0000000000
73962  6.421  -85.404  32.897 0.0000000000
73963  6.598  -85.746  31.952 0.0000000000
73964  6.303  -85.220  31.842 0.0000000000
73965  5.843  -82.888  32.218 0.0000000000
73966  5.899  -83.421  32.652 0.0000000000
73967  5.557  -83.256  31.696 0.0000000000
73968  5.765  -83.966  29.225 0.0000000000
73969  5.730  -84.078  30.312 0.0000000000
73970  6.027  -84.454  29.499 0.0000000000
73971  6.284  -84.968  29.722 0.0000000000
73972  6.444  -84.780  28.651 0.0000000000
73973  6.841  -85.042  27.753 0.0000000000
73974  6.568  -84.560  27.634 0.0000000000
73975  6.302  -83.664  25.564 0.0000000000
73976  6.652  -84.083  25.691 0.0000000000
73977  6.486  -83.927  24.787 0.0000000000
73978  6.586  -84.199  23.941 0.0000000000
73979  6.281  -83.846  23.949 0.0000000000
73980  6.091  -83.845  23.110 0.0000000000
73981  5.999  -83.490  23.887 0.0000000000
73982  5.089  -82.160  24.471 0.0000000000
73983  5.358  -82.579  23.756 0.0000000000
73984  4.987  -82.054  23.706 0.0000000000
73985  4.869  -81.932  22.982 0.0000000000
73986  4.628  -81.471  23.657 0.0000000000
73987  4.432  -80.555  27.116 0.0000000000
73988  4.339  -80.944  26.613 0.0000000000
73989  4.305  -80.291  26.381 0.0000000000
73990  4.094  -79.065  24.693 0.0000000000
73991  4.125  -79.794  24.857 0.0000000000
73992  4.098  -79.574  24.105 0.0000000000
73993  4.228  -80.097  23.472 0.0000000000
73994  4.081  -79.361  23.433 0.0000000000
73995  4.167  -79.147  22.844 0.0000000000
73996  4.057  -78.593  23.409 0.0000000000
73997  4.579  -76.653  23.631 0.0000000000
73998  4.355  -77.074  23.205 0.0000000000
73999  4.582  -76.354  23.039 0.0000000000
74000  4.655  -76.067  22.395 0.0000000000
74001  4.818  -75.619  22.792 0.0000000000
86115  8.649  -99.695  11.206 0.0000000000
86137  8.360  -99.719  6.901 0.0000000000
86138  8.868  -100.012  6.443 0.0000000000
86139  8.874  -99.604  6.363 0.0000000000
86152  10.596  -89.710  20.748 0.0000000000
86153  10.975  -89.801  19.857 0.0000000000
86154  10.665  -89.403  19.760 0.0000000000
86155  9.834  -89.172  17.896 0.0000000000
86156  10.334  -89.344  17.821 0.0000000000
86157  9.966  -89.712  17.017 0.0000000000
86158  10.142  -90.258  16.162 0.0000000000
86159  9.540  -90.235  16.333 0.0000000000
86160  7.524  -88.608  18.596 0.0000000000
86161  8.113  -88.779  18.336 0.0000000000
86162  7.614  -89.264  17.818 0.0000000000
86163  7.338  -91.314  15.915 0.0000000000
86164  7.781  -90.719  16.345 0.0000000000
86165  7.942  -91.417  15.597 0.0000000000
86166  8.577  -91.469  15.296 0.0000000000
86167  8.089  -92.026  14.821 0.0000000000
86168  8.274  -92.600  14.072 0.0000000000
86169  7.646  -92.538  14.353 0.0000000000
86170  6.217  -93.278  13.594 0.0000000000
86171  6.776  -93.448  13.446 0.0000000000
86172  6.357  -93.895  12.926 0.0000000000
86173  6.449  -94.568  12.334 0.0000000000
86174  5.961  -94.322  12.359 0.0000000000
86175  5.299  -85.692  19.290 0.0000000000
86176  5.272  -86.212  19.436 0.0000000000
86177  5.202  -86.347  18.514 0.0000000000
86178  5.283  -88.008  16.252 0.0000000000
86179  5.100  -87.845  17.095 0.0000000000
86180  5.115  -88.632  16.420 0.0000000000
86181  5.072  -89.252  16.556 0.0000000000
86182  5.101  -89.446  15.731 0.0000000000
86183  5.783  -88.393  12.839 0.0000000000
86184  5.880  -88.342  13.732 0.0000000000
86185  5.544  -89.042  13.051 0.0000000000
86186  4.708  -91.096  12.924 0.0000000000
86187  5.022  -90.312  13.524 0.0000000000
86188  4.890  -90.984  13.706 0.0000000000
86189  5.017  -90.918  14.426 0.0000000000
86190  4.903  -91.645  13.853 0.0000000000
86191  5.033  -92.229  13.925 0.0000000000
86192  4.842  -92.406  13.210 0.0000000000
86193  4.553  -94.278  10.889 0.0000000000
86194  4.838  -93.983  11.723 0.0000000000
86195  4.903  -94.718  10.924 0.0000000000
86196  5.253  -95.137  10.978 0.0000000000
86197  4.920  -95.541  10.204 0.0000000000
86198  4.987  -96.375  9.657 0.0000000000
86199  4.654  -95.892  9.384 0.0000000000
86200  4.321  -95.861  7.247 0.0000000000
86201  4.549  -96.462  7.546 0.0000000000
86202  4.830  -96.616  6.636 0.0000000000
86203  5.466  -97.290  6.166 0.0000000000
86204  5.278  -96.674  5.844 0.0000000000
86205  3.614  -92.902  6.529 0.0000000000
86206  3.771  -93.649  6.683 0.0000000000
86207  4.145  -93.845  5.817 0.0000000000
86208  6.374  -95.342  4.693 0.0000000000
86209  5.624  -95.365  4.948 0.0000000000
86210  6.472  -95.945  4.795 0.0000000000
86211  6.585  -96.537  4.962 0.0000000000
86212  7.379  -96.288  4.894 0.0000000000
86242  3.165  -84.634  9.161 0.0000000000
86243  3.217  -85.336  8.198 0.0000000000
86303  13.598  -81.620  32.164 0.0000000000
86304  13.920  -81.255  31.561 0.0000000000
86305  13.300  -80.837  29.754 0.0000000000
86306  12.924  -81.163  30.390 0.0000000000
86307  12.462  -81.052  29.847 0.0000000000
86308  11.605  -81.181  29.950 0.0000000000
86309  12.023  -80.884  29.307 0.0000000000
86321  15.390  -78.873  26.358 0.0000000000
86326  14.661  -79.729  28.050 0.0000000000
86327  14.227  -79.709  27.415 0.0000000000
86328  12.008  -79.723  27.080 0.0000000000
86329  12.500  -80.070  27.541 0.0000000000
86330  11.516  -80.001  27.658 0.0000000000
86331  11.084  -80.313  28.248 0.0000000000
86332  10.529  -79.930  27.742 0.0000000000
86333  9.517  -79.843  27.785 0.0000000000
86334  9.991  -79.538  27.261 0.0000000000
86335  9.732  -78.223  25.936 0.0000000000
86336  9.146  -78.621  26.383 0.0000000000
86337  8.748  -78.157  26.040 0.0000000000
86338  7.764  -78.114  26.155 0.0000000000
86339  8.404  -77.677  25.736 0.0000000000
86340  12.255  -76.799  24.017 0.0000000000
86341  11.619  -77.125  24.553 0.0000000000
86342  11.282  -76.524  24.323 0.0000000000
86343  8.893  -75.565  24.169 0.0000000000
86344  9.296  -76.163  24.571 0.0000000000
86345  8.277  -76.081  24.564 0.0000000000
86346  7.669  -76.599  24.987 0.0000000000
86347  7.322  -76.031  24.556 0.0000000000
86348  6.475  -76.001  24.533 0.0000000000
86349  7.020  -75.462  24.077 0.0000000000
86350  6.877  -73.824  22.664 0.0000000000
86351  6.379  -74.402  23.039 0.0000000000
86352  6.035  -73.913  22.506 0.0000000000
86353  5.368  -74.134  22.247 0.0000000000
86354  5.672  -73.442  21.953 0.0000000000
86386  19.121  -68.388  17.824 0.0000000000
86388  19.438  -68.879  18.152 0.0000000000
86396  17.865  -72.337  19.804 0.0000000000
86400  17.559  -73.414  20.328 0.0000000000
86401  16.889  -73.928  20.652 0.0000000000
86402  16.464  -73.304  20.421 0.0000000000
86403  14.202  -71.904  21.210 0.0000000000
86404  14.538  -72.651  21.309 0.0000000000
86405  13.508  -72.339  21.600 0.0000000000
86406  12.782  -72.770  21.961 0.0000000000
86407  12.395  -72.058  21.643 0.0000000000
86408  12.558  -69.090  19.671 0.0000000000
86409  12.980  -69.804  20.170 0.0000000000
86410  11.840  -69.546  19.891 0.0000000000
86411  9.143  -70.182  20.228 0.0000000000
86412  10.313  -70.406  20.451 0.0000000000
86413  9.615  -70.908  20.774 0.0000000000
86414  10.093  -71.627  21.266 0.0000000000
86415  8.957  -71.457  21.089 0.0000000000
86416  8.358  -72.064  21.436 0.0000000000
86417  7.874  -71.393  20.927 0.0000000000
86418  5.344  -70.996  19.922 0.0000000000
86419  5.904  -71.525  20.564 0.0000000000
86420  4.982  -71.763  20.402 0.0000000000
86421  4.800  -72.561  20.747 0.0000000000
86422  4.250  -72.185  20.146 0.0000000000
86423  3.812  -72.881  19.879 0.0000000000
86424  3.693  -71.945  19.600 0.0000000000
86425  2.892  -70.496  17.892 0.0000000000
86426  2.773  -71.535  18.335 0.0000000000
86427  2.495  -71.536  17.621 0.0000000000
86428  2.385  -72.753  17.258 0.0000000000
86429  2.365  -71.585  16.872 0.0000000000
86430  5.121  -66.974  15.829 0.0000000000
86431  4.298  -67.725  16.281 0.0000000000
86432  4.118  -67.539  15.612 0.0000000000
86434  2.880  -69.558  15.371 0.0000000000
86435  2.730  -70.822  15.256 0.0000000000
86436  2.488  -71.964  15.565 0.0000000000
86437  2.794  -72.230  15.066 0.0000000000
86445  12.924  -64.393  13.924 0.0000000000
86446  12.029  -64.503  14.146 0.0000000000
86447  11.998  -64.497  13.281 0.0000000000
93194  12.833  -91.385  18.487 0.0000000000
93195  12.931  -91.219  17.471 0.0000000000
93196  12.548  -90.923  18.275 0.0000000000
93197  12.203  -90.508  18.118 0.0000000000
93198  11.802  -90.115  18.013 0.0000000000
93199  4.978  -77.244  21.542 0.0000000000
93200  5.335  -77.909  21.060 0.0000000000
93201  5.352  -77.113  20.834 0.0000000000
93202  5.566  -76.977  20.055 0.0000000000
93203  5.636  -76.971  19.155 0.0000000000
93204  5.399  -77.007  18.373 0.0000000000
93205  5.050  -76.151  19.030 0.0000000000
93206  4.418  -75.392  18.939 0.0000000000
93207  3.807  -74.681  18.865 0.0000000000
94279  8.331  -81.721  31.519 0.0000000000
94280  7.528  -81.719  31.498 0.0000000000
94281  7.818  -81.385  30.834 0.0000000000
94282  7.298  -81.132  30.152 0.0000000000
94283  6.737  -80.860  29.470 0.0000000000
94284  6.209  -80.570  28.844 0.0000000000
94285  6.991  -80.511  28.918 0.0000000000
94286  7.252  -80.165  28.381 0.0000000000
94287  7.528  -79.809  27.837 0.0000000000
96709  7.233  -97.336  11.926 0.0000000000
96710  7.242  -98.059  11.732 0.0000000000
96711  6.816  -97.883  11.472 0.0000000000
96712  6.484  -98.344  10.929 0.0000000000
96713  6.288  -98.686  10.154 0.0000000000
96714  6.354  -98.887  9.252 0.0000000000
96715  5.971  -98.414  9.687 0.0000000000
96716  5.677  -98.117  9.260 0.0000000000
96717  5.383  -97.817  8.778 0.0000000000
96718  6.767  -86.113  21.413 0.0000000000
96719  6.583  -86.749  20.696 0.0000000000
96720  6.250  -86.419  20.858 0.0000000000
96721  5.819  -86.758  20.238 0.0000000000
96722  5.433  -87.133  19.584 0.0000000000
96723  4.924  -86.355  11.004 0.0000000000
96724  5.003  -87.025  10.986 0.0000000000
96725  4.281  -87.086  10.264 0.0000000000
96726  3.708  -87.862  9.456 0.0000000000
96727  3.296  -88.685  8.627 0.0000000000
96728  3.124  -89.532  7.830 0.0000000000
96729  3.060  -88.804  7.811 0.0000000000
96730  3.108  -88.969  7.004 0.0000000000
96731  3.425  -89.177  6.249 0.0000000000
96732  4.096  -89.643  5.835 0.0000000000
96733  3.502  -88.506  6.366 0.0000000000
96734  3.665  -87.843  6.537 0.0000000000
96755  15.592  -76.480  22.367 0.0000000000
96756  16.311  -75.967  21.958 0.0000000000
96757  15.879  -75.491  21.633 0.0000000000
96758  15.506  -74.901  21.460 0.0000000000
96764  16.771  -65.629  17.590 0.0000000000
96765  16.918  -66.264  17.891 0.0000000000
96766  15.979  -65.789  17.914 0.0000000000
96767  15.199  -66.029  18.151 0.0000000000
96768  14.330  -66.346  18.291 0.0000000000
96769  13.419  -66.731  18.380 0.0000000000
96770  13.152  -66.054  17.843 0.0000000000
96771  11.963  -65.804  17.337 0.0000000000
96772  10.820  -65.579  16.814 0.0000000000
96773  9.673  -65.518  16.236 0.0000000000
96774  10.581  -65.140  16.088 0.0000000000
96775  10.370  -64.893  15.314 0.0000000000
96776  10.203  -64.801  14.520 0.0000000000
98604  10.497  -82.668  33.789 0.0000000000
98605  11.313  -82.566  33.669 0.0000000000
98606  11.561  -82.328  33.004 0.0000000000
98607  11.814  -82.096  32.355 0.0000000000
101028  12.908  -94.418  13.143 0.0000000000
101029  11.858  -92.209  14.007 0.0000000000
101030  11.840  -92.933  13.526 0.0000000000
101031  11.298  -92.843  13.507 0.0000000000
101032  10.702  -93.534  13.093 0.0000000000
101033  10.081  -94.257  12.777 0.0000000000
101034  9.456  -94.937  12.564 0.0000000000
101035  9.547  -94.162  12.772 0.0000000000
101036  9.015  -94.056  12.807 0.0000000000
101037  8.480  -93.943  12.881 0.0000000000
101038  5.331  -82.986  21.613 0.0000000000
101039  5.498  -83.521  20.852 0.0000000000
101040  5.438  -82.904  20.854 0.0000000000
101041  5.707  -82.759  20.122 0.0000000000
101042  6.115  -82.663  19.414 0.0000000000
101043  6.967  -80.704  18.163 0.0000000000
101044  7.008  -81.408  18.173 0.0000000000
101045  7.209  -81.450  17.296 0.0000000000
101046  7.405  -82.214  16.398 0.0000000000
101047  7.295  -82.910  15.406 0.0000000000
101048  7.065  -83.585  14.370 0.0000000000
101049  6.874  -82.948  14.505 0.0000000000
101050  6.223  -83.004  13.706 0.0000000000
101051  5.477  -83.108  13.060 0.0000000000
101052  4.656  -83.268  12.462 0.0000000000
101053  5.111  -82.538  13.309 0.0000000000
101054  4.710  -82.011  13.561 0.0000000000
101055  4.284  -81.494  13.771 0.0000000000
101056  3.420  -77.919  15.822 0.0000000000
101057  3.472  -78.760  15.223 0.0000000000
101058  2.947  -78.099  15.225 0.0000000000
101059  2.685  -78.271  14.498 0.0000000000
101060  2.682  -78.325  13.761 0.0000000000
101061  3.005  -78.315  13.093 0.0000000000
101062  2.769  -77.510  13.665 0.0000000000
101063  2.974  -76.716  13.642 0.0000000000
101088  19.787  -65.755  15.438 0.0000000000
101089  19.145  -65.663  15.816 0.0000000000
101090  18.897  -65.495  15.380 0.0000000000
101091  18.102  -65.152  15.335 0.0000000000
101092  17.267  -64.833  15.076 0.0000000000
101093  16.392  -64.618  14.617 0.0000000000
101094  17.060  -64.794  14.300 0.0000000000
101095  16.922  -64.811  13.558 0.0000000000
101096  16.828  -64.847  12.788 0.0000000000
101097  19.077  -65.370  10.357 0.0000000000
101098  18.368  -65.162  10.603 0.0000000000
101099  18.589  -65.034  9.840 0.0000000000
104267  8.809  -89.737  25.638 0.0000000000
104269  7.596  -87.751  28.989 0.0000000000
104270  7.760  -88.002  27.887 0.0000000000
104271  7.606  -87.513  27.956 0.0000000000
104272  7.684  -87.194  27.008 0.0000000000
104273  7.810  -86.829  26.031 0.0000000000
104274  7.896  -86.420  24.970 0.0000000000
104275  7.700  -86.316  26.021 0.0000000000
104276  7.556  -85.838  25.971 0.0000000000
104277  7.381  -85.377  25.893 0.0000000000
104279  7.264  -85.238  35.399 0.0000000000
104280  7.035  -84.731  35.127 0.0000000000
104281  6.557  -84.627  34.337 0.0000000000
104282  6.128  -84.475  33.463 0.0000000000
104283  5.265  -82.645  30.303 0.0000000000
104284  5.358  -83.158  30.713 0.0000000000
104285  5.284  -83.081  29.654 0.0000000000
104286  5.489  -83.472  28.927 0.0000000000
104287  5.832  -83.808  28.191 0.0000000000
104288  6.263  -84.087  27.474 0.0000000000
104289  5.921  -83.603  27.286 0.0000000000
104290  5.939  -83.397  26.406 0.0000000000
104291  5.923  -83.214  25.531 0.0000000000
104292  5.820  -83.127  24.641 0.0000000000
104293  5.526  -82.778  25.427 0.0000000000
104294  5.143  -82.306  25.321 0.0000000000
104295  4.777  -81.786  25.219 0.0000000000
104296  4.717  -79.290  26.545 0.0000000000
104297  4.368  -79.625  26.135 0.0000000000
104298  4.509  -78.951  25.878 0.0000000000
104299  4.341  -78.634  25.207 0.0000000000
104300  4.164  -78.337  24.550 0.0000000000
104301  4.120  -78.081  23.918 0.0000000000
104302  4.400  -77.635  24.403 0.0000000000
104303  4.698  -76.962  24.232 0.0000000000
104304  5.011  -76.329  24.021 0.0000000000
111586  8.136  -99.008  6.438 0.0000000000
111587  8.834  -99.204  6.241 0.0000000000
111588  8.776  -98.787  6.031 0.0000000000
111595  9.981  -88.835  20.588 0.0000000000
111596  10.299  -89.037  19.675 0.0000000000
111597  9.899  -88.700  19.605 0.0000000000
111598  9.664  -88.783  18.716 0.0000000000
111599  9.276  -89.059  17.951 0.0000000000
111600  6.529  -89.629  17.646 0.0000000000
111601  7.094  -89.889  17.341 0.0000000000
111602  6.653  -90.426  16.865 0.0000000000
111603  6.758  -91.172  16.159 0.0000000000
111604  6.859  -91.851  15.445 0.0000000000
111605  7.036  -92.444  14.650 0.0000000000
111606  6.438  -92.310  14.931 0.0000000000
111607  6.067  -92.711  14.357 0.0000000000
111608  5.717  -93.036  13.787 0.0000000000
111609  5.660  -85.919  17.595 0.0000000000
111610  5.361  -86.469  17.614 0.0000000000
111611  5.639  -86.640  16.838 0.0000000000
111612  5.574  -87.401  16.115 0.0000000000
111613  5.561  -88.148  15.446 0.0000000000
111614  4.791  -89.907  11.561 0.0000000000
111615  5.092  -89.797  12.457 0.0000000000
111616  4.633  -90.581  11.864 0.0000000000
111617  4.539  -91.260  12.113 0.0000000000
111618  4.531  -91.930  12.285 0.0000000000
111619  4.623  -92.590  12.411 0.0000000000
111620  4.355  -92.835  11.586 0.0000000000
111621  4.272  -93.720  10.823 0.0000000000
111622  4.261  -94.489  10.010 0.0000000000
111623  4.345  -95.337  9.193 0.0000000000
111624  4.066  -94.758  9.060 0.0000000000
111625  4.022  -94.984  8.044 0.0000000000
111626  4.117  -95.149  6.977 0.0000000000
111627  4.643  -93.351  5.113 0.0000000000
111628  4.737  -93.981  5.201 0.0000000000
111629  5.480  -94.083  4.839 0.0000000000
111630  6.330  -94.726  4.652 0.0000000000
111631  7.209  -95.152  4.677 0.0000000000
111649  3.529  -83.294  9.591 0.0000000000
111686  14.295  -80.916  30.929 0.0000000000
111687  14.682  -80.540  30.351 0.0000000000
111688  14.141  -80.526  29.745 0.0000000000
111689  13.700  -80.505  29.145 0.0000000000
111698  15.039  -78.857  25.742 0.0000000000
111699  14.435  -79.260  26.280 0.0000000000
111700  13.856  -79.615  26.848 0.0000000000
111701  13.515  -79.432  26.337 0.0000000000
111702  12.559  -79.424  26.495 0.0000000000
111703  11.553  -79.335  26.636 0.0000000000
111704  10.547  -79.208  26.734 0.0000000000
111705  11.137  -78.864  26.200 0.0000000000
111706  10.724  -78.351  25.824 0.0000000000
111707  10.346  -77.826  25.486 0.0000000000
111708  11.599  -75.489  23.629 0.0000000000
111709  10.953  -75.883  24.062 0.0000000000
111710  10.517  -75.238  23.751 0.0000000000
111711  9.491  -75.069  23.764 0.0000000000
111712  8.500  -74.964  23.699 0.0000000000
111713  7.559  -74.930  23.631 0.0000000000
111714  8.117  -74.400  23.208 0.0000000000
111715  7.763  -73.823  22.741 0.0000000000
111716  7.378  -73.267  22.262 0.0000000000
111736  17.650  -69.098  18.352 0.0000000000
111737  18.688  -69.339  18.259 0.0000000000
111738  17.984  -69.747  18.510 0.0000000000
111739  18.343  -70.372  18.693 0.0000000000
111740  18.737  -70.852  19.044 0.0000000000
111742  17.996  -71.347  19.198 0.0000000000
111743  17.424  -71.775  19.488 0.0000000000
111744  16.795  -72.208  19.871 0.0000000000
111745  16.142  -72.607  20.325 0.0000000000
111746  15.823  -71.869  20.331 0.0000000000
111747  14.866  -71.500  20.787 0.0000000000
111748  13.839  -71.185  21.016 0.0000000000
111749  10.184  -68.487  19.016 0.0000000000
111750  10.635  -69.240  19.591 0.0000000000
111751  9.436  -68.988  19.286 0.0000000000
111752  8.688  -69.532  19.603 0.0000000000
111753  8.008  -70.121  19.939 0.0000000000
111754  7.414  -70.758  20.302 0.0000000000
111755  6.868  -70.145  19.659 0.0000000000
111756  5.782  -70.251  19.451 0.0000000000
111757  4.715  -70.462  19.266 0.0000000000
111758  3.835  -70.958  19.162 0.0000000000
111759  4.133  -70.072  18.670 0.0000000000
111760  3.604  -69.743  18.029 0.0000000000
111761  3.194  -69.519  17.358 0.0000000000
111762  5.027  -66.762  14.578 0.0000000000
111763  4.100  -67.525  14.990 0.0000000000
111764  4.240  -67.676  14.486 0.0000000000
111771  12.960  -64.450  12.126 0.0000000000
111772  12.005  -64.580  12.345 0.0000000000
117615  14.001  -92.728  14.612 0.0000000000
117616  13.833  -92.338  15.280 0.0000000000
117617  13.395  -92.100  15.017 0.0000000000
117618  12.900  -91.869  14.799 0.0000000000
117619  12.913  -91.179  16.451 0.0000000000
117620  12.741  -91.308  15.480 0.0000000000
117621  12.374  -91.665  14.623 0.0000000000
117622  11.812  -91.508  14.560 0.0000000000
117623  11.192  -91.459  14.570 0.0000000000
117624  10.568  -91.444  14.626 0.0000000000
117625  4.815  -80.216  21.654 0.0000000000
117626  5.231  -80.768  21.005 0.0000000000
117627  5.197  -80.079  21.080 0.0000000000
117628  5.682  -80.028  20.479 0.0000000000
117629  6.168  -79.991  19.808 0.0000000000
117630  5.775  -78.609  20.535 0.0000000000
117631  6.188  -79.299  19.788 0.0000000000
117632  6.624  -79.987  19.011 0.0000000000
117633  6.882  -80.014  18.104 0.0000000000
117634  6.842  -80.013  17.153 0.0000000000
117635  6.472  -80.076  16.240 0.0000000000
117636  5.961  -80.220  15.464 0.0000000000
117637  5.976  -79.412  16.216 0.0000000000
117638  5.379  -78.802  16.251 0.0000000000
117639  4.668  -78.225  16.290 0.0000000000
117640  5.015  -77.122  17.644 0.0000000000
117641  4.522  -77.330  16.949 0.0000000000
117642  3.980  -77.641  16.361 0.0000000000
117643  3.332  -77.000  16.416 0.0000000000
117644  2.786  -76.257  16.388 0.0000000000
117645  2.486  -75.371  16.236 0.0000000000
117667  19.653  -65.597  13.504 0.0000000000
117668  18.875  -65.498  13.196 0.0000000000
117669  19.578  -65.644  12.834 0.0000000000
117670  19.544  -65.667  12.176 0.0000000000
117671  19.536  -65.695  11.504 0.0000000000
117673  20.281  -65.706  11.338 0.0000000000
117674  19.623  -65.611  10.865 0.0000000000
117675  19.775  -65.498  10.216 0.0000000000
117676  19.991  -65.296  9.571 0.0000000000
120141  7.726  -87.882  29.934 0.0000000000
120142  7.507  -87.414  29.946 0.0000000000
120143  7.306  -86.905  29.952 0.0000000000
120144  7.051  -86.427  29.942 0.0000000000
120145  7.442  -83.067  34.034 0.0000000000
120146  6.846  -83.300  33.865 0.0000000000
120147  6.907  -82.836  33.342 0.0000000000
120148  6.386  -82.614  32.574 0.0000000000
120149  5.915  -82.409  31.750 0.0000000000
120150  6.772  -81.797  31.409 0.0000000000
120151  6.099  -81.966  31.201 0.0000000000
120152  5.580  -82.275  30.813 0.0000000000
120153  5.272  -82.153  29.904 0.0000000000
120154  4.939  -82.042  29.060 0.0000000000
120155  4.766  -81.894  28.283 0.0000000000
120156  4.635  -81.742  27.531 0.0000000000
120157  4.637  -81.354  28.112 0.0000000000
120158  4.603  -80.782  27.808 0.0000000000
120159  4.745  -80.205  27.472 0.0000000000
120160  5.759  -80.286  28.285 0.0000000000
120161  5.329  -79.969  27.699 0.0000000000
120162  4.975  -79.629  27.103 0.0000000000
120163  5.241  -79.061  26.739 0.0000000000
120164  5.577  -78.556  26.418 0.0000000000
120165  5.969  -78.073  26.073 0.0000000000
125815  9.270  -97.886  12.325 0.0000000000
125817  8.821  -98.556  12.105 0.0000000000
125818  8.427  -99.084  11.709 0.0000000000
125819  8.092  -99.528  11.138 0.0000000000
125820  7.338  -98.769  11.434 0.0000000000
125821  7.567  -99.331  10.993 0.0000000000
125822  7.840  -99.896  10.480 0.0000000000
125823  7.743  -100.189  9.768 0.0000000000
125824  7.852  -100.379  8.988 0.0000000000
125825  8.069  -100.485  8.139 0.0000000000
125826  8.401  -100.517  7.274 0.0000000000
125827  7.967  -100.133  7.849 0.0000000000
125828  7.887  -99.778  7.573 0.0000000000
125829  7.749  -99.431  7.257 0.0000000000
125830  6.634  -99.037  8.362 0.0000000000
125831  7.063  -99.120  7.541 0.0000000000
125832  7.560  -99.118  6.899 0.0000000000
125833  7.405  -98.797  6.511 0.0000000000
125834  7.246  -98.449  6.114 0.0000000000
125835  7.067  -98.075  5.756 0.0000000000
125836  8.366  -87.442  20.703 0.0000000000
125837  8.429  -87.848  19.784 0.0000000000
125838  7.924  -87.593  19.989 0.0000000000
125839  7.463  -87.972  19.414 0.0000000000
125840  6.981  -88.403  18.912 0.0000000000
125841  6.438  -87.426  19.995 0.0000000000
125842  6.460  -88.155  19.195 0.0000000000
125843  6.488  -88.876  18.416 0.0000000000
125844  6.022  -89.363  17.902 0.0000000000
125845  5.665  -89.886  17.301 0.0000000000
125846  5.426  -90.303  16.634 0.0000000000
125847  6.851  -86.290  14.226 0.0000000000
125848  6.523  -86.980  14.311 0.0000000000
125849  6.474  -87.007  13.419 0.0000000000
125850  6.015  -87.713  12.678 0.0000000000
125851  5.517  -88.478  12.002 0.0000000000
125852  5.072  -87.753  10.987 0.0000000000
125853  5.048  -88.504  11.121 0.0000000000
125854  4.954  -89.223  11.345 0.0000000000
125855  4.384  -89.977  10.685 0.0000000000
125856  3.895  -90.788  10.013 0.0000000000
125857  3.566  -91.678  9.307 0.0000000000
125858  3.398  -92.564  8.531 0.0000000000
125859  3.250  -91.773  8.309 0.0000000000
125860  3.247  -91.968  7.294 0.0000000000
125861  3.520  -92.210  6.412 0.0000000000
125862  3.108  -90.454  7.032 0.0000000000
125863  3.460  -91.475  6.308 0.0000000000
125864  3.969  -92.454  5.677 0.0000000000
125865  4.623  -92.684  5.117 0.0000000000
125866  5.444  -92.842  4.896 0.0000000000
125919  14.999  -78.053  24.155 0.0000000000
125920  13.950  -78.088  24.268 0.0000000000
125921  12.936  -77.962  24.486 0.0000000000
125922  13.561  -77.640  23.896 0.0000000000
125923  13.212  -77.077  23.638 0.0000000000
125924  12.894  -76.448  23.463 0.0000000000
125925  14.533  -76.332  22.576 0.0000000000
125926  13.540  -76.070  22.919 0.0000000000
125927  12.574  -75.784  23.310 0.0000000000
125928  12.267  -75.113  23.196 0.0000000000
125929  11.851  -74.354  22.987 0.0000000000
125930  11.429  -73.645  22.674 0.0000000000
125944  19.527  -67.518  17.267 0.0000000000
125945  18.815  -67.861  17.526 0.0000000000
125946  18.112  -68.134  17.868 0.0000000000
125947  17.114  -66.975  18.093 0.0000000000
125948  17.297  -67.714  18.213 0.0000000000
125949  17.457  -68.408  18.289 0.0000000000
125950  16.835  -68.717  18.762 0.0000000000
125951  16.221  -69.045  19.240 0.0000000000
125952  15.549  -69.363  19.662 0.0000000000
125953  14.826  -69.723  19.970 0.0000000000
125954  14.473  -68.995  19.638 0.0000000000
125955  13.326  -68.658  19.443 0.0000000000
125956  12.158  -68.343  19.138 0.0000000000
125957  12.572  -67.159  18.481 0.0000000000
125958  11.777  -67.592  18.611 0.0000000000
125959  10.969  -68.032  18.775 0.0000000000
125960  9.763  -67.791  18.392 0.0000000000
125961  8.513  -67.692  17.941 0.0000000000
125962  7.231  -67.691  17.528 0.0000000000
125963  5.899  -67.784  17.227 0.0000000000
125964  6.788  -67.137  16.872 0.0000000000
125965  6.443  -66.691  16.166 0.0000000000
125966  6.165  -66.313  15.433 0.0000000000
125967  8.478  -65.603  15.679 0.0000000000
125968  7.249  -65.752  15.191 0.0000000000
125969  6.041  -66.098  14.784 0.0000000000
125970  6.046  -66.118  14.172 0.0000000000
130073  7.849  -84.083  35.802 0.0000000000
130074  7.845  -83.680  35.277 0.0000000000
130082  8.504  -83.442  35.292 0.0000000000
130083  7.947  -83.291  34.698 0.0000000000
130084  8.114  -82.932  34.075 0.0000000000
130085  8.318  -82.626  33.442 0.0000000000
130086  8.535  -82.306  32.796 0.0000000000
130087  9.885  -82.501  33.210 0.0000000000
130088  9.307  -82.274  32.701 0.0000000000
130089  8.816  -82.016  32.128 0.0000000000
130090  9.139  -81.746  31.446 0.0000000000
130091  9.456  -81.461  30.773 0.0000000000
130092  9.743  -81.166  30.131 0.0000000000
135203  10.987  -97.227  12.256 0.0000000000
135204  10.386  -97.268  12.375 0.0000000000
135205  13.494  -93.138  13.905 0.0000000000
135206  12.923  -93.737  13.426 0.0000000000
135207  12.322  -94.429  13.097 0.0000000000
135208  11.777  -93.691  13.190 0.0000000000
135209  11.749  -94.435  13.025 0.0000000000
135210  11.700  -95.189  12.881 0.0000000000
135211  11.007  -95.901  12.709 0.0000000000
135212  10.373  -96.546  12.571 0.0000000000
135213  9.785  -97.206  12.468 0.0000000000
135214  9.198  -97.136  12.470 0.0000000000
135215  8.649  -97.042  12.451 0.0000000000
135216  8.130  -96.922  12.391 0.0000000000
135217  8.857  -95.576  12.448 0.0000000000
135218  8.281  -96.218  12.352 0.0000000000
135219  7.710  -96.795  12.237 0.0000000000
135220  7.328  -96.619  11.997 0.0000000000
135221  6.918  -96.422  11.759 0.0000000000
135222  6.487  -96.186  11.529 0.0000000000
135223  5.955  -84.760  21.669 0.0000000000
135224  5.707  -85.336  20.990 0.0000000000
135225  5.641  -84.949  20.949 0.0000000000
135226  5.422  -85.087  20.093 0.0000000000
135227  5.462  -85.192  19.228 0.0000000000
135228  5.578  -84.075  20.047 0.0000000000
135229  5.645  -84.658  19.256 0.0000000000
135230  5.675  -85.280  18.420 0.0000000000
135231  6.006  -85.338  17.615 0.0000000000
135232  6.442  -85.473  16.797 0.0000000000
135233  6.793  -85.530  15.982 0.0000000000
135234  5.675  -81.362  20.311 0.0000000000
135235  6.130  -81.977  19.552 0.0000000000
135236  6.560  -82.664  18.772 0.0000000000
135237  7.039  -82.047  18.138 0.0000000000
135238  7.004  -82.701  18.055 0.0000000000
135239  6.881  -83.378  17.943 0.0000000000
135240  7.089  -84.109  17.049 0.0000000000
135241  7.102  -84.828  16.072 0.0000000000
135242  7.026  -85.554  15.122 0.0000000000
135243  7.069  -85.580  14.173 0.0000000000
135244  6.798  -85.583  13.278 0.0000000000
135245  6.310  -85.620  12.420 0.0000000000
135246  6.755  -84.280  13.297 0.0000000000
135247  6.234  -84.970  12.453 0.0000000000
135248  5.624  -85.676  11.677 0.0000000000
135249  4.779  -85.759  11.031 0.0000000000
135250  3.979  -85.828  10.407 0.0000000000
135251  3.380  -85.879  9.689 0.0000000000
135252  3.045  -85.934  8.887 0.0000000000
135253  3.285  -85.260  9.805 0.0000000000
135254  3.220  -84.624  9.961 0.0000000000
135255  3.222  -83.973  10.136 0.0000000000
135256  3.957  -83.358  11.879 0.0000000000
135257  3.408  -83.362  11.182 0.0000000000
135258  3.249  -83.301  10.341 0.0000000000
135259  3.324  -82.655  10.528 0.0000000000
135262  5.241  -80.497  14.889 0.0000000000
135263  4.497  -80.741  14.397 0.0000000000
135264  3.838  -80.967  13.898 0.0000000000
135265  3.461  -79.625  14.611 0.0000000000
135266  3.417  -80.415  13.973 0.0000000000
135267  3.337  -81.123  13.278 0.0000000000
135268  3.149  -81.102  12.460 0.0000000000
135329  19.964  -66.680  16.821 0.0000000000
135330  18.991  -66.419  16.799 0.0000000000
135331  18.197  -66.009  17.003 0.0000000000
135332  18.572  -65.541  16.286 0.0000000000
135333  17.995  -65.524  16.768 0.0000000000
135334  17.457  -65.545  17.221 0.0000000000
135335  16.493  -65.186  17.059 0.0000000000
135336  15.417  -64.900  16.671 0.0000000000
135337  14.251  -64.648  16.109 0.0000000000
135338  13.222  -64.530  15.505 0.0000000000
135339  13.990  -64.468  15.313 0.0000000000
135340  13.850  -64.386  14.542 0.0000000000
135341  13.759  -64.364  13.744 0.0000000000
135342  15.489  -64.467  14.139 0.0000000000
135343  14.580  -64.374  13.579 0.0000000000
135344  13.764  -64.377  12.886 0.0000000000
135345  13.850  -64.394  11.966 0.0000000000
135348  18.162  -65.318  12.877 0.0000000000
135349  17.498  -65.089  12.484 0.0000000000
135350  16.855  -64.791  12.024 0.0000000000
135351  17.697  -64.929  10.876 0.0000000000
135352  17.008  -64.699  11.139 0.0000000000
135353  16.267  -64.518  11.361 0.0000000000
135354  15.644  -64.406  10.644 0.0000000000
141890  9.822  -89.514  22.550 0.0000000000
141891  9.984  -89.131  21.582 0.0000000000
141892  9.695  -88.709  21.527 0.0000000000
141893  9.394  -88.266  21.512 0.0000000000
141894  9.053  -87.852  21.506 0.0000000000
141897  8.379  -88.824  25.636 0.0000000000
141898  7.961  -88.231  26.796 0.0000000000
141899  8.243  -88.373  25.694 0.0000000000
141900  8.588  -88.469  24.584 0.0000000000
141901  8.769  -88.080  23.571 0.0000000000
141902  8.835  -87.675  22.534 0.0000000000
141903  8.684  -87.466  21.567 0.0000000000
141904  8.295  -87.093  21.665 0.0000000000
141905  7.917  -86.701  21.813 0.0000000000
141906  7.613  -86.264  21.934 0.0000000000
141907  7.839  -86.116  23.901 0.0000000000
141908  7.627  -85.931  22.911 0.0000000000
141909  7.294  -85.900  22.049 0.0000000000
141910  6.968  -85.578  22.143 0.0000000000
141911  6.706  -85.232  22.180 0.0000000000
141912  6.450  -84.924  22.275 0.0000000000
141916  7.073  -85.636  34.779 0.0000000000
141917  7.001  -86.012  33.975 0.0000000000
141918  7.128  -86.363  32.973 0.0000000000
141919  6.912  -86.246  32.000 0.0000000000
141920  6.805  -86.097  30.992 0.0000000000
141921  6.800  -85.943  29.906 0.0000000000
141922  6.318  -83.597  33.548 0.0000000000
141923  6.003  -83.953  33.059 0.0000000000
141924  5.846  -84.303  32.447 0.0000000000
141925  5.539  -83.675  31.057 0.0000000000
141926  5.768  -84.189  31.371 0.0000000000
141927  6.018  -84.682  31.669 0.0000000000
141928  6.269  -85.070  30.777 0.0000000000
141929  6.541  -85.449  29.860 0.0000000000
141930  6.873  -85.778  28.931 0.0000000000
141931  7.017  -85.553  27.914 0.0000000000
141932  7.184  -85.242  26.833 0.0000000000
141933  7.203  -84.938  25.776 0.0000000000
141934  6.670  -84.336  26.684 0.0000000000
141935  6.955  -84.506  25.750 0.0000000000
141936  7.101  -84.688  24.812 0.0000000000
141937  6.888  -84.535  23.899 0.0000000000
141938  6.554  -84.518  23.081 0.0000000000
141939  6.242  -84.609  22.343 0.0000000000
141940  6.087  -84.281  22.381 0.0000000000
141941  5.918  -83.921  22.389 0.0000000000
141942  5.681  -83.520  22.379 0.0000000000
141943  5.695  -83.060  23.823 0.0000000000
141944  5.573  -83.052  23.058 0.0000000000
141945  5.398  -83.039  22.348 0.0000000000
141946  5.102  -82.452  22.304 0.0000000000
141947  4.827  -81.777  22.288 0.0000000000
141948  4.684  -81.089  22.265 0.0000000000
141949  4.529  -81.567  26.761 0.0000000000
141950  4.498  -81.355  25.940 0.0000000000
141951  4.441  -81.164  25.137 0.0000000000
141952  4.176  -80.027  25.616 0.0000000000
141953  4.241  -80.500  25.011 0.0000000000
141954  4.406  -80.990  24.356 0.0000000000
141955  4.400  -80.807  23.546 0.0000000000
141956  4.436  -80.595  22.875 0.0000000000
141957  4.566  -80.394  22.251 0.0000000000
141958  4.457  -79.683  22.261 0.0000000000
141959  4.428  -78.952  22.311 0.0000000000
141960  4.491  -78.172  22.292 0.0000000000
141961  4.171  -77.828  23.324 0.0000000000
141962  4.283  -77.573  22.777 0.0000000000
141963  4.591  -77.390  22.189 0.0000000000
141964  4.697  -76.607  21.980 0.0000000000
141965  4.754  -75.819  21.757 0.0000000000
141966  4.769  -75.051  21.472 0.0000000000
156615  8.817  -100.411  6.530 0.0000000000
156633  11.309  -90.267  19.881 0.0000000000
156634  11.401  -89.933  18.962 0.0000000000
156635  11.311  -89.808  17.965 0.0000000000
156636  10.598  -89.239  18.790 0.0000000000
156637  10.824  -89.555  17.868 0.0000000000
156638  11.092  -89.937  16.962 0.0000000000
156639  10.772  -90.305  16.069 0.0000000000
156640  10.360  -90.857  15.348 0.0000000000
156641  9.906  -91.436  14.791 0.0000000000
156642  8.550  -88.386  18.923 0.0000000000
156643  8.696  -88.932  18.110 0.0000000000
156644  8.788  -89.553  17.315 0.0000000000
156645  7.671  -90.003  17.072 0.0000000000
156646  8.279  -90.123  16.809 0.0000000000
156647  8.895  -90.212  16.554 0.0000000000
156648  9.060  -90.844  15.802 0.0000000000
156649  9.257  -91.465  15.039 0.0000000000
156650  9.424  -92.050  14.313 0.0000000000
156651  8.921  -92.631  13.827 0.0000000000
156652  8.428  -93.218  13.401 0.0000000000
156653  7.922  -93.792  13.013 0.0000000000
156654  7.232  -93.012  13.855 0.0000000000
156655  7.358  -93.622  13.207 0.0000000000
156656  7.453  -94.326  12.629 0.0000000000
156657  6.987  -94.840  12.226 0.0000000000
156658  6.518  -95.355  11.855 0.0000000000
156659  6.066  -95.863  11.313 0.0000000000
156660  5.492  -85.995  20.263 0.0000000000
156661  5.318  -86.697  19.532 0.0000000000
156662  5.185  -87.463  18.796 0.0000000000
156663  5.150  -87.078  17.800 0.0000000000
156664  5.079  -87.674  17.962 0.0000000000
156665  5.138  -88.230  18.078 0.0000000000
156666  5.154  -89.022  17.347 0.0000000000
156667  5.165  -89.846  16.606 0.0000000000
156668  5.224  -90.618  15.899 0.0000000000
156669  6.154  -87.636  14.438 0.0000000000
156670  5.791  -88.270  14.591 0.0000000000
156671  5.438  -88.906  14.772 0.0000000000
156672  5.270  -89.658  13.314 0.0000000000
156673  5.286  -89.633  14.126 0.0000000000
156674  5.200  -89.557  14.927 0.0000000000
156675  5.082  -90.211  15.047 0.0000000000
156676  5.073  -90.848  15.150 0.0000000000
156677  5.230  -91.394  15.268 0.0000000000
156678  5.262  -92.032  14.602 0.0000000000
156679  5.311  -92.690  13.912 0.0000000000
156680  5.387  -93.403  13.170 0.0000000000
156681  4.808  -93.227  12.506 0.0000000000
156682  5.103  -93.699  12.476 0.0000000000
156683  5.498  -94.053  12.415 0.0000000000
156684  5.574  -94.724  11.733 0.0000000000
156685  5.638  -95.522  11.102 0.0000000000
156686  5.654  -96.354  10.694 0.0000000000
156687  5.313  -96.789  10.022 0.0000000000
156688  5.097  -97.183  9.211 0.0000000000
156689  5.075  -97.435  8.307 0.0000000000
156690  4.505  -96.205  8.501 0.0000000000
156691  4.806  -96.992  7.892 0.0000000000
156692  5.273  -97.631  7.390 0.0000000000
156693  5.658  -97.762  6.507 0.0000000000
156694  6.256  -97.764  5.863 0.0000000000
156695  6.915  -97.633  5.438 0.0000000000
156696  3.595  -93.483  7.640 0.0000000000
156697  3.927  -94.399  6.790 0.0000000000
156698  4.425  -95.290  6.056 0.0000000000
156699  4.833  -94.664  5.269 0.0000000000
156700  4.967  -95.346  5.415 0.0000000000
156701  5.116  -96.024  5.592 0.0000000000
156702  5.881  -96.690  5.238 0.0000000000
156703  6.733  -97.115  5.171 0.0000000000
156704  7.631  -97.392  5.241 0.0000000000
156705  8.390  -97.067  5.230 0.0000000000
156741  3.113  -86.030  8.034 0.0000000000
156813  13.286  -81.940  32.820 0.0000000000
156814  12.725  -81.882  32.259 0.0000000000
156815  12.202  -81.831  31.675 0.0000000000
156816  13.410  -81.199  30.973 0.0000000000
156817  12.558  -81.497  31.032 0.0000000000
156818  11.688  -81.684  31.133 0.0000000000
156819  11.183  -81.483  30.598 0.0000000000
156820  10.700  -81.181  30.034 0.0000000000
156821  10.197  -80.874  29.491 0.0000000000
156841  14.169  -80.118  28.594 0.0000000000
156842  13.300  -80.434  28.600 0.0000000000
156843  13.326  -79.960  27.435 0.0000000000
156844  12.900  -80.298  28.051 0.0000000000
156845  12.455  -80.617  28.678 0.0000000000
156846  11.582  -80.636  28.771 0.0000000000
156847  10.656  -80.585  28.861 0.0000000000
156848  9.679  -80.530  28.916 0.0000000000
156849  9.103  -80.166  28.348 0.0000000000
156850  8.521  -79.812  27.811 0.0000000000
156851  7.999  -79.404  27.339 0.0000000000
156852  9.546  -79.074  26.767 0.0000000000
156853  8.552  -79.013  26.851 0.0000000000
156854  7.568  -78.971  26.919 0.0000000000
156855  7.165  -78.528  26.560 0.0000000000
156856  6.829  -78.063  26.132 0.0000000000
156857  6.535  -77.581  25.724 0.0000000000
156858  11.970  -77.716  24.782 0.0000000000
156859  11.008  -77.484  25.017 0.0000000000
156860  10.014  -77.296  25.190 0.0000000000
156861  10.328  -76.298  24.495 0.0000000000
156862  9.685  -76.732  24.921 0.0000000000
156863  9.029  -77.197  25.328 0.0000000000
156864  8.051  -77.132  25.365 0.0000000000
156865  7.129  -77.084  25.359 0.0000000000
156866  6.230  -77.073  25.301 0.0000000000
156867  5.939  -76.562  24.883 0.0000000000
156868  5.686  -76.084  24.329 0.0000000000
156869  5.441  -75.629  23.765 0.0000000000
156870  6.688  -74.925  23.548 0.0000000000
156871  5.894  -75.011  23.407 0.0000000000
156872  5.244  -75.224  23.167 0.0000000000
156873  5.092  -74.854  22.528 0.0000000000
156874  4.941  -74.511  21.877 0.0000000000
156875  4.742  -74.205  21.268 0.0000000000
156930  17.357  -74.469  20.937 0.0000000000
156931  16.207  -74.418  21.041 0.0000000000
156932  15.150  -74.220  21.360 0.0000000000
156933  15.468  -73.030  20.826 0.0000000000
156934  14.821  -73.476  21.324 0.0000000000
156935  14.185  -73.918  21.810 0.0000000000
156936  13.166  -73.522  22.188 0.0000000000
156937  12.068  -73.205  22.305 0.0000000000
156938  10.973  -72.973  22.256 0.0000000000
156939  14.145  -70.085  20.353 0.0000000000
156940  13.428  -70.477  20.663 0.0000000000
156941  12.695  -70.926  20.930 0.0000000000
156942  11.072  -69.962  20.146 0.0000000000
156943  11.511  -70.670  20.674 0.0000000000
156944  11.971  -71.385  21.170 0.0000000000
156945  11.233  -71.843  21.425 0.0000000000
156946  10.523  -72.336  21.746 0.0000000000
156947  9.858  -72.868  22.131 0.0000000000
156948  8.815  -72.734  21.958 0.0000000000
156949  7.837  -72.670  21.823 0.0000000000
156950  6.932  -72.674  21.745 0.0000000000
156951  6.894  -71.423  20.746 0.0000000000
156952  6.391  -72.062  21.165 0.0000000000
156953  6.003  -72.755  21.601 0.0000000000
156954  5.260  -72.989  21.365 0.0000000000
156955  4.732  -73.385  21.057 0.0000000000
156956  4.478  -73.956  20.644 0.0000000000
156957  4.139  -73.829  20.015 0.0000000000
156958  3.711  -73.733  19.434 0.0000000000
156959  3.234  -73.716  18.903 0.0000000000
156960  3.225  -71.710  18.986 0.0000000000
156961  2.893  -72.617  18.688 0.0000000000
156962  2.882  -73.813  18.230 0.0000000000
156963  2.577  -73.940  17.546 0.0000000000
156964  2.391  -74.089  16.793 0.0000000000
156965  2.341  -74.238  16.045 0.0000000000
156966  4.683  -68.069  16.979 0.0000000000
156967  3.661  -68.599  16.805 0.0000000000
156968  2.925  -69.371  16.632 0.0000000000
156969  3.364  -68.447  15.472 0.0000000000
156970  2.843  -69.409  15.945 0.0000000000
156971  2.512  -70.465  16.427 0.0000000000
156972  2.320  -71.718  16.190 0.0000000000
156973  2.358  -73.097  15.831 0.0000000000
156974  2.413  -74.415  15.313 0.0000000000
156975  2.662  -74.589  14.664 0.0000000000
156984  12.184  -64.553  14.939 0.0000000000
156985  11.144  -64.640  14.333 0.0000000000
156986  10.120  -64.776  13.683 0.0000000000
156989  9.061  -65.046  13.160 0.0000000000
