#!ascii label  , from subject studyTemplate vox2ras=TkReg
1282
179  5.148  18.695  30.007 0.0000000000
180  7.480  23.444  20.402 0.0000000000
181  9.355  29.590  22.715 0.0000000000
183  5.016  7.343  35.266 0.0000000000
659  9.361  20.007  29.316 0.0000000000
660  6.826  24.809  26.989 0.0000000000
661  12.023  25.212  25.862 0.0000000000
663  8.352  14.897  32.705 0.0000000000
902  6.560  30.107  17.012 0.0000000000
910  4.712  8.567  29.751 0.0000000000
1475  5.129  14.258  27.243 0.0000000000
1476  7.828  16.942  23.888 0.0000000000
1477  5.442  21.191  24.793 0.0000000000
1478  5.386  28.097  22.426 0.0000000000
1479  7.088  33.783  19.167 0.0000000000
1482  7.946  9.601  35.648 0.0000000000
1483  5.001  13.009  32.735 0.0000000000
2579  11.790  20.515  29.149 0.0000000000
2580  10.835  22.612  27.538 0.0000000000
2583  11.205  17.881  30.604 0.0000000000
2822  6.068  33.631  15.752 0.0000000000
2823  7.670  31.177  14.602 0.0000000000
2830  6.883  9.509  28.536 0.0000000000
2831  6.712  6.446  29.741 0.0000000000
3419  5.065  16.519  28.439 0.0000000000
3420  5.083  17.789  25.985 0.0000000000
3421  5.215  20.088  27.513 0.0000000000
3422  8.039  27.232  24.775 0.0000000000
3423  5.648  26.837  25.070 0.0000000000
3424  6.537  29.567  23.186 0.0000000000
3425  5.685  31.343  21.069 0.0000000000
3426  8.014  31.731  21.074 0.0000000000
3428  9.789  7.704  36.310 0.0000000000
3429  10.004  10.318  35.110 0.0000000000
3430  6.354  17.193  31.880 0.0000000000
3431  5.959  14.444  33.410 0.0000000000
3432  5.020  15.869  31.415 0.0000000000
3433  4.924  13.660  29.786 0.0000000000
4147  7.696  20.215  22.158 0.0000000000
4170  5.994  6.166  37.256 0.0000000000
4172  4.785  4.281  36.481 0.0000000000
5795  6.759  19.817  30.262 0.0000000000
5796  5.627  22.044  28.767 0.0000000000
5797  8.205  22.472  28.180 0.0000000000
5798  9.530  24.866  26.020 0.0000000000
5799  10.726  27.239  24.130 0.0000000000
5801  10.250  12.909  33.764 0.0000000000
5802  10.703  15.374  32.236 0.0000000000
5803  8.849  17.398  31.018 0.0000000000
6232  7.103  26.797  18.748 0.0000000000
6233  8.001  24.265  18.002 0.0000000000
6234  8.058  27.809  16.323 0.0000000000
6235  7.948  28.545  13.925 0.0000000000
6236  6.967  29.386  11.698 0.0000000000
6237  5.927  30.389  9.710 0.0000000000
6246  4.757  7.902  32.248 0.0000000000
6247  4.809  4.941  33.487 0.0000000000
6248  4.656  5.557  30.840 0.0000000000
6249  6.642  3.422  30.748 0.0000000000
7283  7.016  12.349  27.175 0.0000000000
7284  7.837  13.329  25.363 0.0000000000
7285  6.514  15.766  25.709 0.0000000000
7286  6.104  19.101  24.038 0.0000000000
7287  6.053  22.332  22.457 0.0000000000
7288  5.218  23.568  26.441 0.0000000000
7289  5.614  24.668  23.635 0.0000000000
7290  6.109  25.669  20.949 0.0000000000
7291  5.802  29.056  19.623 0.0000000000
7292  5.657  32.568  18.417 0.0000000000
7293  6.516  35.600  17.033 0.0000000000
7296  9.479  4.985  37.546 0.0000000000
7297  7.894  6.987  36.872 0.0000000000
7298  6.144  8.858  36.124 0.0000000000
7299  8.031  12.210  34.250 0.0000000000
7300  5.931  11.616  34.897 0.0000000000
7301  5.048  10.119  34.000 0.0000000000
7302  4.753  10.777  31.061 0.0000000000
7303  4.888  11.469  28.554 0.0000000000
9191  11.520  30.856  21.233 0.0000000000
9192  10.448  32.722  19.337 0.0000000000
10502  5.842  35.521  15.245 0.0000000000
10503  6.358  34.117  14.429 0.0000000000
10510  7.618  9.744  27.687 0.0000000000
10511  7.620  8.261  28.401 0.0000000000
11099  5.129  17.646  29.277 0.0000000000
11100  5.208  18.301  27.978 0.0000000000
11101  5.115  19.425  28.817 0.0000000000
11102  8.613  28.444  23.728 0.0000000000
11103  7.248  28.473  24.030 0.0000000000
11104  7.868  29.639  23.016 0.0000000000
11105  7.206  30.725  22.192 0.0000000000
11106  8.684  30.646  21.939 0.0000000000
11110  5.521  18.129  31.171 0.0000000000
11111  5.416  16.695  31.897 0.0000000000
11112  5.086  17.258  30.739 0.0000000000
11113  5.045  16.236  29.967 0.0000000000
11827  7.594  21.789  21.293 0.0000000000
11828  8.031  20.501  21.011 0.0000000000
11829  8.049  22.158  20.105 0.0000000000
11850  5.345  6.847  36.506 0.0000000000
11851  5.173  5.290  37.134 0.0000000000
11852  4.947  5.818  35.862 0.0000000000
13499  8.083  19.947  29.741 0.0000000000
13500  7.473  21.199  29.254 0.0000000000
13501  8.799  21.236  28.751 0.0000000000
13502  11.461  23.899  26.657 0.0000000000
13503  10.196  23.717  26.772 0.0000000000
13504  10.768  24.928  25.779 0.0000000000
13505  10.128  26.021  25.037 0.0000000000
13506  11.383  26.148  24.978 0.0000000000
13510  10.308  18.835  29.877 0.0000000000
13511  10.047  17.577  30.691 0.0000000000
13512  9.087  18.704  30.129 0.0000000000
13513  7.852  18.625  30.590 0.0000000000
14227  6.842  28.425  17.895 0.0000000000
14228  7.699  27.337  17.573 0.0000000000
14229  7.440  29.043  16.699 0.0000000000
14230  8.062  31.670  13.354 0.0000000000
14231  8.204  29.928  14.235 0.0000000000
14232  8.248  30.290  12.999 0.0000000000
14233  7.537  28.974  12.775 0.0000000000
14234  8.080  30.617  11.776 0.0000000000
14235  7.796  30.993  10.633 0.0000000000
14250  4.556  8.230  30.886 0.0000000000
14251  4.546  6.735  31.436 0.0000000000
14252  4.704  7.058  30.307 0.0000000000
14253  7.497  5.288  29.591 0.0000000000
14254  6.652  4.971  30.267 0.0000000000
14255  7.535  3.822  30.100 0.0000000000
14256  7.586  2.291  30.605 0.0000000000
16019  5.973  13.337  27.156 0.0000000000
16020  6.774  14.067  26.504 0.0000000000
16021  5.731  15.036  26.429 0.0000000000
16022  5.243  19.479  25.398 0.0000000000
16023  5.422  18.434  24.956 0.0000000000
16024  5.438  20.073  24.234 0.0000000000
16025  6.014  20.734  23.232 0.0000000000
16026  5.628  21.745  23.554 0.0000000000
16027  6.159  23.466  27.956 0.0000000000
16028  5.314  22.867  27.699 0.0000000000
16029  5.609  24.448  27.017 0.0000000000
16030  5.401  27.550  23.811 0.0000000000
16031  5.365  25.893  24.447 0.0000000000
16032  5.494  26.380  23.086 0.0000000000
16033  5.812  25.087  22.217 0.0000000000
16034  5.721  26.846  21.582 0.0000000000
16035  5.967  27.314  20.243 0.0000000000
16036  5.584  28.535  21.004 0.0000000000
16037  6.164  32.738  20.215 0.0000000000
16038  5.544  32.000  19.791 0.0000000000
16039  5.911  33.562  19.047 0.0000000000
16040  5.774  34.230  17.836 0.0000000000
16041  6.756  34.696  18.103 0.0000000000
16045  8.916  8.644  35.935 0.0000000000
16046  8.828  7.347  36.579 0.0000000000
16047  7.977  8.339  36.196 0.0000000000
16048  7.026  8.007  36.553 0.0000000000
16049  7.018  9.307  35.937 0.0000000000
16050  9.324  13.860  33.150 0.0000000000
16051  9.152  12.542  33.925 0.0000000000
16052  8.134  13.611  33.455 0.0000000000
16053  5.246  13.856  33.316 0.0000000000
16054  5.893  13.002  34.188 0.0000000000
16055  5.255  12.416  33.975 0.0000000000
16056  5.300  10.975  34.666 0.0000000000
16057  5.009  11.544  33.366 0.0000000000
16058  4.954  10.442  32.538 0.0000000000
16059  4.913  11.945  31.943 0.0000000000
16060  4.833  13.980  28.370 0.0000000000
16061  4.691  12.518  29.031 0.0000000000
16062  5.007  12.868  27.902 0.0000000000
16063  5.847  11.937  27.813 0.0000000000
18202  7.862  15.176  24.677 0.0000000000
18278  4.618  3.747  32.552 0.0000000000
18279  4.785  3.447  34.036 0.0000000000
20422  12.516  31.700  20.768 0.0000000000
20423  10.983  31.751  20.320 0.0000000000
20424  12.083  32.550  19.760 0.0000000000
23075  10.611  20.172  29.091 0.0000000000
23076  10.138  21.337  28.436 0.0000000000
23077  11.367  21.567  28.306 0.0000000000
23078  11.948  22.916  27.582 0.0000000000
23083  11.509  19.187  29.852 0.0000000000
23512  6.322  31.833  16.308 0.0000000000
23513  7.126  30.670  15.792 0.0000000000
23514  6.755  32.346  15.043 0.0000000000
23515  7.189  32.887  13.811 0.0000000000
23516  7.618  33.404  12.514 0.0000000000
23526  5.641  9.009  29.036 0.0000000000
23527  5.524  7.453  29.577 0.0000000000
23528  6.743  8.000  29.162 0.0000000000
23529  7.554  6.736  29.032 0.0000000000
24587  4.969  15.356  27.691 0.0000000000
24588  5.080  16.051  26.629 0.0000000000
24589  5.071  17.162  27.207 0.0000000000
24590  5.241  18.888  26.668 0.0000000000
24591  5.350  20.690  26.179 0.0000000000
24592  7.438  26.084  25.865 0.0000000000
24593  6.156  25.909  26.132 0.0000000000
24594  6.679  27.249  25.117 0.0000000000
24595  6.012  28.283  24.189 0.0000000000
24596  5.594  29.125  23.045 0.0000000000
24597  5.472  29.723  21.797 0.0000000000
24598  6.019  30.537  22.181 0.0000000000
24599  6.646  31.775  21.281 0.0000000000
24600  7.450  32.856  20.140 0.0000000000
24604  9.874  9.027  35.737 0.0000000000
24605  8.983  9.923  35.327 0.0000000000
24606  7.362  16.061  32.326 0.0000000000
24607  7.108  14.705  33.118 0.0000000000
24608  6.118  15.831  32.701 0.0000000000
24609  5.295  15.290  32.591 0.0000000000
24610  5.023  14.473  32.069 0.0000000000
24611  4.972  13.384  31.286 0.0000000000
24612  5.018  14.802  30.660 0.0000000000
24613  4.976  15.081  29.114 0.0000000000
25897  7.759  18.615  23.052 0.0000000000
25899  7.964  18.910  21.848 0.0000000000
25938  6.779  5.191  37.663 0.0000000000
28883  5.664  19.476  30.394 0.0000000000
28884  5.282  20.423  29.431 0.0000000000
28885  6.147  21.005  29.589 0.0000000000
28886  6.792  22.335  28.710 0.0000000000
28887  7.511  23.642  27.643 0.0000000000
28888  9.545  22.479  27.791 0.0000000000
28889  8.944  23.672  27.119 0.0000000000
28890  8.202  24.872  26.506 0.0000000000
28891  8.783  26.023  25.386 0.0000000000
28892  9.388  27.184  24.383 0.0000000000
28893  10.007  28.431  23.409 0.0000000000
28897  10.415  14.145  33.024 0.0000000000
28898  9.586  15.120  32.378 0.0000000000
28899  10.930  16.610  31.441 0.0000000000
28900  9.815  16.322  31.562 0.0000000000
28901  8.621  16.160  31.889 0.0000000000
28902  7.587  17.348  31.449 0.0000000000
28903  6.569  18.481  31.060 0.0000000000
29902  7.293  25.133  19.594 0.0000000000
29903  7.912  23.908  19.217 0.0000000000
29904  7.829  25.575  18.441 0.0000000000
29905  8.050  26.028  17.178 0.0000000000
29906  7.887  26.442  15.964 0.0000000000
29907  7.941  29.514  15.464 0.0000000000
29908  8.106  28.222  15.102 0.0000000000
29914  6.457  29.877  10.714 0.0000000000
29934  4.971  7.623  33.748 0.0000000000
29935  4.918  6.142  34.420 0.0000000000
29936  4.783  6.463  32.888 0.0000000000
29937  4.599  5.245  32.038 0.0000000000
29938  4.612  4.097  31.348 0.0000000000
29939  5.476  5.968  30.131 0.0000000000
29940  5.465  4.461  30.619 0.0000000000
29941  5.367  2.945  31.115 0.0000000000
32387  7.654  11.129  26.975 0.0000000000
32389  7.586  12.919  26.336 0.0000000000
32390  7.490  14.709  25.674 0.0000000000
32391  7.339  16.404  24.903 0.0000000000
32392  5.504  16.759  25.702 0.0000000000
32393  6.261  17.438  24.871 0.0000000000
32394  7.105  18.102  24.051 0.0000000000
32395  6.926  19.720  23.172 0.0000000000
32396  6.801  21.335  22.289 0.0000000000
32397  6.727  22.925  21.428 0.0000000000
32398  5.111  21.212  28.271 0.0000000000
32399  5.198  21.871  27.025 0.0000000000
32400  5.359  22.452  25.632 0.0000000000
32401  5.356  25.225  25.821 0.0000000000
32402  5.357  24.169  25.058 0.0000000000
32403  5.545  22.903  24.222 0.0000000000
32404  5.740  23.395  22.896 0.0000000000
32405  6.114  23.980  21.690 0.0000000000
32406  6.661  24.571  20.617 0.0000000000
32407  6.533  26.241  19.843 0.0000000000
32408  6.317  27.862  19.053 0.0000000000
32409  6.135  29.562  18.266 0.0000000000
32410  5.535  30.310  20.406 0.0000000000
32411  5.688  30.792  18.999 0.0000000000
32412  5.955  31.349  17.610 0.0000000000
32413  5.833  33.104  17.058 0.0000000000
32414  5.753  34.901  16.547 0.0000000000
32420  8.537  4.571  37.680 0.0000000000
32421  9.658  6.355  36.987 0.0000000000
32422  8.729  6.026  37.168 0.0000000000
32423  7.740  5.633  37.459 0.0000000000
32424  6.951  6.607  37.146 0.0000000000
32425  6.103  7.526  36.716 0.0000000000
32426  5.369  8.246  35.904 0.0000000000
32427  10.099  11.604  34.443 0.0000000000
32428  9.102  11.239  34.640 0.0000000000
32429  7.999  10.870  35.009 0.0000000000
32430  6.934  13.314  33.890 0.0000000000
32431  6.886  11.923  34.679 0.0000000000
32432  6.942  10.599  35.336 0.0000000000
32433  6.042  10.189  35.535 0.0000000000
32434  5.364  9.574  35.322 0.0000000000
32435  5.070  8.744  34.595 0.0000000000
32436  4.955  9.044  33.138 0.0000000000
32437  4.753  9.335  31.678 0.0000000000
32438  4.548  9.651  30.312 0.0000000000
32439  4.791  12.210  30.380 0.0000000000
32440  4.566  11.096  29.629 0.0000000000
32441  4.767  10.020  29.134 0.0000000000
32442  5.765  10.480  28.458 0.0000000000
32443  6.941  10.939  27.889 0.0000000000
35220  4.852  4.685  35.000 0.0000000000
37806  12.185  27.109  24.582 0.0000000000
37807  11.630  28.147  23.612 0.0000000000
37808  10.992  29.165  22.807 0.0000000000
37816  12.009  29.980  22.243 0.0000000000
37817  10.413  30.197  21.940 0.0000000000
37818  9.792  31.193  21.087 0.0000000000
37819  9.200  32.216  20.165 0.0000000000
37820  8.749  33.219  19.267 0.0000000000
37821  11.708  33.381  18.741 0.0000000000
37822  10.098  33.641  18.388 0.0000000000
37823  8.408  34.184  18.235 0.0000000000
37824  8.175  35.135  17.230 0.0000000000
41230  7.696  9.785  27.142 0.0000000000
41231  7.722  9.064  27.503 0.0000000000
41819  5.110  18.179  29.675 0.0000000000
41820  5.144  18.534  29.040 0.0000000000
41821  5.090  19.106  29.445 0.0000000000
41822  8.956  29.039  23.228 0.0000000000
41823  8.230  29.074  23.390 0.0000000000
41824  8.597  29.606  22.876 0.0000000000
41825  8.250  30.161  22.500 0.0000000000
41826  9.032  30.095  22.344 0.0000000000
41830  5.273  18.449  30.635 0.0000000000
41831  5.248  17.727  31.009 0.0000000000
41832  5.123  17.977  30.377 0.0000000000
41833  5.102  17.475  30.038 0.0000000000
42547  7.552  22.608  20.845 0.0000000000
42548  7.911  21.950  20.729 0.0000000000
42549  7.860  22.817  20.284 0.0000000000
42570  5.112  7.179  35.961 0.0000000000
42571  5.092  6.358  36.237 0.0000000000
42572  4.991  6.593  35.578 0.0000000000
44219  8.715  19.965  29.530 0.0000000000
44220  8.434  20.597  29.241 0.0000000000
44221  9.098  20.635  29.013 0.0000000000
44222  11.748  24.539  26.237 0.0000000000
44223  11.140  24.408  26.224 0.0000000000
44224  11.423  25.043  25.789 0.0000000000
44225  11.097  25.534  25.374 0.0000000000
44226  11.720  25.688  25.414 0.0000000000
44230  9.820  19.401  29.570 0.0000000000
44231  9.703  18.758  29.975 0.0000000000
44232  9.205  19.348  29.745 0.0000000000
44233  8.580  19.310  29.931 0.0000000000
44947  6.692  29.265  17.447 0.0000000000
44948  7.129  28.727  17.292 0.0000000000
44949  6.982  29.543  16.842 0.0000000000
44950  8.275  31.915  12.717 0.0000000000
44951  8.354  31.014  13.150 0.0000000000
44952  8.348  31.164  12.535 0.0000000000
44953  8.213  30.452  12.390 0.0000000000
44954  8.372  31.307  11.909 0.0000000000
44970  4.531  8.379  30.250 0.0000000000
44971  4.519  7.637  30.538 0.0000000000
44972  4.712  7.799  30.036 0.0000000000
44973  7.660  4.681  29.371 0.0000000000
44974  7.488  4.566  29.858 0.0000000000
44975  7.689  3.930  29.633 0.0000000000
44976  7.700  3.181  29.887 0.0000000000
46739  5.492  13.794  27.154 0.0000000000
46740  5.833  14.190  26.803 0.0000000000
46741  5.406  14.659  26.821 0.0000000000
46742  5.337  20.310  25.111 0.0000000000
46743  5.330  19.768  24.811 0.0000000000
46744  5.408  20.613  24.489 0.0000000000
46745  5.549  20.910  23.881 0.0000000000
46746  5.522  21.461  24.166 0.0000000000
46747  6.459  24.158  27.491 0.0000000000
46748  5.813  24.002  27.547 0.0000000000
46749  6.135  24.722  27.121 0.0000000000
46750  5.400  27.832  23.109 0.0000000000
46751  5.410  26.999  23.459 0.0000000000
46752  5.449  27.248  22.724 0.0000000000
46753  5.614  26.625  22.327 0.0000000000
46754  5.550  27.469  21.996 0.0000000000
46755  5.659  27.672  21.286 0.0000000000
46756  5.494  28.300  21.717 0.0000000000
46757  6.559  33.317  19.733 0.0000000000
46758  6.015  33.165  19.631 0.0000000000
46759  6.384  33.792  19.180 0.0000000000
46760  6.260  34.184  18.616 0.0000000000
46761  6.890  34.256  18.643 0.0000000000
46765  8.449  9.136  35.769 0.0000000000
46766  8.427  8.500  36.056 0.0000000000
46767  7.970  8.970  35.924 0.0000000000
46768  7.511  8.829  36.070 0.0000000000
46769  7.473  9.459  35.786 0.0000000000
46770  8.846  14.368  32.910 0.0000000000
46771  8.735  13.722  33.295 0.0000000000
46772  8.221  14.237  33.084 0.0000000000
46773  5.096  13.469  33.048 0.0000000000
46774  5.243  13.135  33.637 0.0000000000
46775  5.085  12.734  33.388 0.0000000000
46776  5.100  12.007  33.732 0.0000000000
46777  4.999  12.272  33.050 0.0000000000
46778  4.946  11.761  32.661 0.0000000000
46779  4.957  12.487  32.354 0.0000000000
46780  4.926  14.105  27.777 0.0000000000
46781  4.837  13.422  28.097 0.0000000000
46782  5.039  13.534  27.563 0.0000000000
46783  5.442  13.090  27.499 0.0000000000
48922  7.851  16.068  24.286 0.0000000000
48923  7.833  15.354  24.108 0.0000000000
48924  7.863  16.246  23.714 0.0000000000
48998  4.560  3.175  32.163 0.0000000000
51143  12.301  32.109  20.241 0.0000000000
53819  11.244  20.336  29.072 0.0000000000
53820  11.011  20.867  28.697 0.0000000000
53821  11.591  21.052  28.714 0.0000000000
53823  12.207  22.417  28.026 0.0000000000
53825  12.220  23.565  27.242 0.0000000000
53830  12.165  20.068  29.643 0.0000000000
53831  12.018  19.413  29.987 0.0000000000
53832  11.649  19.855  29.508 0.0000000000
53833  11.078  19.672  29.437 0.0000000000
54547  6.197  32.723  16.016 0.0000000000
54548  6.524  32.083  15.667 0.0000000000
54549  6.396  32.979  15.359 0.0000000000
54550  6.526  34.402  13.766 0.0000000000
54551  6.748  33.499  14.092 0.0000000000
54552  6.928  33.779  13.448 0.0000000000
54553  7.410  33.159  13.169 0.0000000000
54554  7.122  34.035  12.784 0.0000000000
54570  6.269  9.264  28.802 0.0000000000
54571  6.206  8.528  29.095 0.0000000000
54572  6.809  8.762  28.852 0.0000000000
54573  7.653  7.576  28.199 0.0000000000
54574  7.591  7.496  28.735 0.0000000000
54575  7.640  6.826  28.510 0.0000000000
54576  7.637  6.077  28.818 0.0000000000
56339  5.025  15.941  28.041 0.0000000000
56340  5.023  16.279  27.464 0.0000000000
56341  5.064  16.854  27.845 0.0000000000
56342  5.229  19.208  27.753 0.0000000000
56343  5.226  18.616  27.326 0.0000000000
56344  5.258  19.504  27.098 0.0000000000
56345  5.296  19.769  26.440 0.0000000000
56346  5.267  20.400  26.867 0.0000000000
56347  7.724  26.656  25.310 0.0000000000
56348  7.031  26.697  25.534 0.0000000000
56349  7.335  27.281  25.003 0.0000000000
56350  6.865  29.040  23.611 0.0000000000
56351  6.586  28.440  24.153 0.0000000000
56352  6.266  28.944  23.686 0.0000000000
56353  5.779  28.729  23.639 0.0000000000
56354  5.995  29.412  23.175 0.0000000000
56355  5.771  29.835  22.633 0.0000000000
56356  6.254  30.050  22.697 0.0000000000
56357  7.587  31.252  21.635 0.0000000000
56358  6.924  31.248  21.725 0.0000000000
56359  7.296  31.792  21.183 0.0000000000
56360  6.964  32.397  20.729 0.0000000000
56361  7.722  32.298  20.606 0.0000000000
56365  10.439  9.888  35.394 0.0000000000
56366  10.357  9.241  35.688 0.0000000000
56367  9.932  9.680  35.435 0.0000000000
56368  9.474  9.471  35.501 0.0000000000
56369  9.501  10.116  35.178 0.0000000000
56370  6.845  16.647  32.113 0.0000000000
56371  6.737  15.976  32.536 0.0000000000
56372  6.245  16.533  32.294 0.0000000000
56373  5.141  16.300  31.720 0.0000000000
56374  5.350  15.999  32.235 0.0000000000
56375  5.085  15.653  32.063 0.0000000000
56376  5.109  14.932  32.378 0.0000000000
56377  5.015  15.180  31.745 0.0000000000
56378  4.983  14.678  31.394 0.0000000000
56379  4.989  15.368  31.059 0.0000000000
56380  5.075  16.402  29.196 0.0000000000
56381  5.028  15.682  29.536 0.0000000000
56382  5.026  15.809  28.777 0.0000000000
56383  4.968  15.216  28.382 0.0000000000
58522  7.750  19.421  22.611 0.0000000000
58523  7.929  18.775  22.474 0.0000000000
58524  7.948  19.581  22.025 0.0000000000
58590  6.385  5.662  37.472 0.0000000000
58591  6.259  4.912  37.755 0.0000000000
58592  5.904  5.389  37.520 0.0000000000
58593  4.942  4.791  36.807 0.0000000000
58594  5.083  4.509  37.359 0.0000000000
63539  6.174  19.677  30.376 0.0000000000
63540  5.907  20.227  30.000 0.0000000000
63541  6.466  20.412  29.935 0.0000000000
63542  7.839  21.839  28.725 0.0000000000
63543  7.138  21.764  29.001 0.0000000000
63544  7.477  22.409  28.484 0.0000000000
63545  7.129  22.993  28.197 0.0000000000
63546  7.848  23.057  27.928 0.0000000000
63547  10.504  21.974  28.001 0.0000000000
63548  9.842  21.907  28.134 0.0000000000
63549  10.219  22.532  27.643 0.0000000000
63550  9.867  24.289  26.407 0.0000000000
63551  9.570  23.694  26.929 0.0000000000
63552  9.227  24.288  26.567 0.0000000000
63553  8.563  24.275  26.815 0.0000000000
63554  8.866  24.865  26.256 0.0000000000
63555  8.503  25.460  25.935 0.0000000000
63556  9.162  25.442  25.711 0.0000000000
63557  10.415  26.609  24.585 0.0000000000
63558  9.762  26.583  24.703 0.0000000000
63559  10.054  27.204  24.239 0.0000000000
63560  9.688  27.802  23.895 0.0000000000
63561  10.370  27.820  23.760 0.0000000000
63565  11.078  14.955  32.628 0.0000000000
63566  10.951  14.339  33.013 0.0000000000
63567  10.576  14.760  32.634 0.0000000000
63568  10.011  14.613  32.681 0.0000000000
63569  10.171  15.227  32.293 0.0000000000
63572  11.055  17.232  31.029 0.0000000000
63573  9.466  17.483  30.830 0.0000000000
63574  9.936  16.951  31.123 0.0000000000
63575  9.347  16.859  31.272 0.0000000000
63576  9.230  16.226  31.704 0.0000000000
63577  8.724  16.779  31.456 0.0000000000
63578  8.104  16.739  31.667 0.0000000000
63579  8.222  17.377  31.224 0.0000000000
63580  7.323  19.237  30.416 0.0000000000
63581  7.217  18.568  30.841 0.0000000000
63582  6.664  19.121  30.666 0.0000000000
63583  6.089  19.005  30.768 0.0000000000
65722  7.208  25.979  19.172 0.0000000000
65723  7.588  25.362  19.028 0.0000000000
65724  7.505  26.219  18.598 0.0000000000
65725  7.893  27.571  16.950 0.0000000000
65726  7.943  26.704  17.389 0.0000000000
65727  8.068  26.917  16.761 0.0000000000
65728  7.993  26.224  16.572 0.0000000000
65729  8.051  27.131  16.122 0.0000000000
65730  7.410  30.920  15.215 0.0000000000
65731  7.576  30.090  15.624 0.0000000000
65732  7.837  30.336  15.041 0.0000000000
65733  8.225  29.243  14.062 0.0000000000
65734  8.206  29.083  14.675 0.0000000000
65735  8.097  28.382  14.493 0.0000000000
65736  7.933  27.535  14.930 0.0000000000
65737  7.747  27.713  14.376 0.0000000000
65739  7.543  27.908  13.820 0.0000000000
65740  7.256  29.180  12.251 0.0000000000
65741  6.951  28.358  12.768 0.0000000000
65742  6.604  28.559  12.280 0.0000000000
65744  6.338  28.866  11.769 0.0000000000
65746  6.722  29.638  11.215 0.0000000000
65790  4.878  7.747  32.980 0.0000000000
65791  4.893  7.043  33.301 0.0000000000
65792  4.760  7.147  32.525 0.0000000000
65793  4.553  6.142  31.113 0.0000000000
65794  4.570  6.010  31.757 0.0000000000
65795  4.562  5.413  31.401 0.0000000000
65796  4.577  4.662  31.666 0.0000000000
65797  4.643  4.850  31.096 0.0000000000
65798  6.139  6.970  29.677 0.0000000000
65799  5.493  6.700  29.861 0.0000000000
65800  6.093  6.199  29.952 0.0000000000
65801  6.669  4.181  30.514 0.0000000000
65802  6.052  4.713  30.423 0.0000000000
65803  6.047  3.947  30.668 0.0000000000
65804  5.417  3.700  30.875 0.0000000000
65805  5.974  3.170  30.908 0.0000000000
65806  5.987  2.426  31.149 0.0000000000
65807  6.613  2.668  30.973 0.0000000000
71099  7.451  11.786  27.109 0.0000000000
71100  7.625  12.025  26.658 0.0000000000
71101  7.336  12.680  26.803 0.0000000000
71102  6.682  14.920  26.103 0.0000000000
71103  7.202  14.418  26.128 0.0000000000
71104  7.110  15.291  25.735 0.0000000000
71105  7.412  15.566  25.310 0.0000000000
71106  6.978  16.142  25.338 0.0000000000
71107  5.060  16.926  26.315 0.0000000000
71108  5.258  16.418  26.165 0.0000000000
71109  5.226  17.266  25.808 0.0000000000
71110  5.734  18.763  24.484 0.0000000000
71111  5.758  17.929  24.887 0.0000000000
71112  6.150  18.264  24.466 0.0000000000
71113  6.690  17.777  24.474 0.0000000000
71114  6.583  18.606  24.047 0.0000000000
71115  7.026  18.918  23.613 0.0000000000
71116  6.481  19.414  23.619 0.0000000000
71117  6.027  21.531  22.843 0.0000000000
71118  6.386  21.038  22.775 0.0000000000
71119  6.358  21.838  22.344 0.0000000000
71120  6.758  22.133  21.848 0.0000000000
71121  6.345  22.638  21.923 0.0000000000
71122  5.409  21.261  29.100 0.0000000000
71123  5.127  20.862  28.894 0.0000000000
71124  5.212  21.712  28.587 0.0000000000
71125  5.198  23.248  27.113 0.0000000000
71126  5.161  22.377  27.403 0.0000000000
71127  5.207  22.728  26.728 0.0000000000
71128  5.266  22.172  26.341 0.0000000000
71129  5.265  23.036  26.037 0.0000000000
71130  5.867  26.420  25.639 0.0000000000
71131  5.637  25.678  26.065 0.0000000000
71132  5.510  26.049  25.467 0.0000000000
71133  5.469  25.286  24.041 0.0000000000
71134  5.371  25.016  24.768 0.0000000000
71135  5.483  24.413  24.357 0.0000000000
71136  5.458  23.542  24.644 0.0000000000
71137  5.590  23.751  23.939 0.0000000000
71138  5.629  23.133  23.553 0.0000000000
71139  5.682  24.016  23.257 0.0000000000
71140  5.944  25.382  21.562 0.0000000000
71141  5.939  24.525  21.911 0.0000000000
71142  6.135  24.818  21.300 0.0000000000
71143  6.361  24.282  21.124 0.0000000000
71144  6.328  25.128  20.748 0.0000000000
71145  6.611  25.427  20.236 0.0000000000
71146  6.277  25.947  20.380 0.0000000000
71147  5.879  28.179  19.938 0.0000000000
71148  6.099  27.560  19.630 0.0000000000
71149  6.018  28.428  19.290 0.0000000000
71150  6.218  28.705  18.660 0.0000000000
71151  5.940  29.280  18.923 0.0000000000
71152  5.572  30.529  21.404 0.0000000000
71153  5.516  30.011  21.072 0.0000000000
71154  5.539  30.856  20.768 0.0000000000
71155  5.568  32.277  19.116 0.0000000000
71156  5.552  31.423  19.412 0.0000000000
71157  5.638  31.705  18.715 0.0000000000
71158  5.812  31.082  18.290 0.0000000000
71159  5.768  32.009  17.983 0.0000000000
71160  5.906  32.239  17.321 0.0000000000
71161  5.733  32.845  17.721 0.0000000000
71162  6.047  34.973  17.473 0.0000000000
71163  5.700  34.598  17.218 0.0000000000
71164  5.978  35.377  16.902 0.0000000000
71165  5.933  35.735  16.280 0.0000000000
71166  6.384  36.019  16.490 0.0000000000
71174  8.994  4.770  37.595 0.0000000000
71176  10.091  6.536  36.924 0.0000000000
71177  9.722  7.026  36.657 0.0000000000
71178  8.367  7.171  36.712 0.0000000000
71179  8.779  6.703  36.878 0.0000000000
71180  8.306  6.512  37.028 0.0000000000
71181  8.234  5.827  37.317 0.0000000000
71182  7.813  6.314  37.192 0.0000000000
71183  7.335  6.126  37.336 0.0000000000
71184  7.414  6.812  37.047 0.0000000000
71185  6.585  8.453  36.366 0.0000000000
71186  6.563  7.788  36.657 0.0000000000
71187  6.128  8.204  36.420 0.0000000000
71188  5.692  7.904  36.386 0.0000000000
71189  5.703  8.574  36.106 0.0000000000
71190  10.683  12.495  34.080 0.0000000000
71191  10.605  11.821  34.400 0.0000000000
71192  10.184  12.264  34.112 0.0000000000
71193  8.587  12.390  34.046 0.0000000000
71194  9.094  11.895  34.286 0.0000000000
71195  8.546  11.724  34.446 0.0000000000
71196  8.521  11.056  34.825 0.0000000000
71197  7.984  11.544  34.652 0.0000000000
71198  6.506  14.626  33.293 0.0000000000
71199  6.970  14.026  33.496 0.0000000000
71200  6.426  13.929  33.683 0.0000000000
71201  5.897  12.309  34.559 0.0000000000
71202  6.362  12.488  34.475 0.0000000000
71203  6.395  11.776  34.812 0.0000000000
71204  6.933  11.233  35.009 0.0000000000
71205  6.424  11.088  35.152 0.0000000000
71206  6.454  10.434  35.493 0.0000000000
71207  5.973  10.890  35.218 0.0000000000
71208  5.133  10.590  34.375 0.0000000000
71209  5.321  10.270  35.019 0.0000000000
71210  5.171  9.868  34.696 0.0000000000
71211  5.187  9.189  34.984 0.0000000000
71212  5.068  9.426  34.297 0.0000000000
71213  5.026  8.921  33.872 0.0000000000
71214  5.003  9.608  33.567 0.0000000000
71215  4.863  10.627  31.786 0.0000000000
71216  4.869  9.899  32.085 0.0000000000
71217  4.760  10.064  31.340 0.0000000000
71218  4.633  9.511  30.951 0.0000000000
71219  4.627  10.229  30.644 0.0000000000
71220  4.957  13.527  30.542 0.0000000000
71221  4.912  12.793  30.845 0.0000000000
71222  4.863  12.956  30.104 0.0000000000
71223  4.687  11.982  28.732 0.0000000000
71224  4.623  11.802  29.311 0.0000000000
71225  4.649  11.278  29.039 0.0000000000
71226  4.601  10.573  29.357 0.0000000000
71227  4.818  10.769  28.840 0.0000000000
71228  5.168  10.249  28.729 0.0000000000
71229  5.202  10.963  28.436 0.0000000000
71230  6.476  12.164  27.536 0.0000000000
71231  6.402  11.450  27.865 0.0000000000
71232  6.977  11.639  27.534 0.0000000000
71233  7.422  11.064  27.506 0.0000000000
77670  7.978  24.074  18.628 0.0000000000
77671  7.985  23.215  19.041 0.0000000000
77672  7.948  23.384  18.441 0.0000000000
77873  4.873  5.554  33.975 0.0000000000
77874  4.880  5.421  34.734 0.0000000000
77875  4.844  4.815  34.249 0.0000000000
77877  4.779  3.300  34.818 0.0000000000
84278  12.487  26.657  25.044 0.0000000000
84281  12.361  28.094  23.899 0.0000000000
84282  12.076  28.574  23.443 0.0000000000
84283  11.315  28.658  23.205 0.0000000000
84284  11.811  29.047  22.991 0.0000000000
84303  12.274  30.822  21.460 0.0000000000
84304  12.502  30.433  22.015 0.0000000000
84305  11.784  30.406  21.709 0.0000000000
84306  11.227  30.048  22.036 0.0000000000
84307  10.967  30.507  21.566 0.0000000000
84308  10.101  30.696  21.530 0.0000000000
84309  10.684  30.988  21.124 0.0000000000
84310  10.697  32.236  19.841 0.0000000000
84311  10.073  31.933  20.215 0.0000000000
84312  9.813  32.421  19.755 0.0000000000
84313  8.973  32.734  19.737 0.0000000000
84314  9.613  32.950  19.285 0.0000000000
84319  10.760  33.894  18.032 0.0000000000
84320  9.980  34.071  17.902 0.0000000000
84321  9.268  33.890  18.316 0.0000000000
84322  9.146  34.348  17.817 0.0000000000
84323  8.289  34.651  17.746 0.0000000000
92196  12.119  21.232  28.827 0.0000000000
92632  5.915  34.566  15.490 0.0000000000
92633  6.210  33.884  15.086 0.0000000000
92634  6.046  34.817  14.816 0.0000000000
92635  6.151  35.040  14.117 0.0000000000
92646  7.340  9.649  28.164 0.0000000000
92647  7.307  8.922  28.498 0.0000000000
92648  7.626  9.013  28.052 0.0000000000
92649  7.707  8.342  27.856 0.0000000000
93707  5.112  17.094  28.870 0.0000000000
93708  5.132  17.414  28.222 0.0000000000
93709  5.169  17.979  28.634 0.0000000000
93710  5.170  18.861  28.407 0.0000000000
93711  5.155  19.757  28.163 0.0000000000
93712  8.325  27.834  24.239 0.0000000000
93713  7.652  27.881  24.443 0.0000000000
93714  7.932  28.490  23.884 0.0000000000
93715  7.539  29.066  23.513 0.0000000000
93716  7.169  29.641  23.124 0.0000000000
93717  6.848  30.165  22.694 0.0000000000
93718  7.523  30.194  22.628 0.0000000000
93719  7.918  30.705  22.082 0.0000000000
93720  8.335  31.180  21.511 0.0000000000
93725  10.512  10.538  35.061 0.0000000000
93726  5.913  17.674  31.600 0.0000000000
93727  5.810  17.020  31.987 0.0000000000
93728  5.479  17.406  31.544 0.0000000000
93729  5.205  17.002  31.358 0.0000000000
93730  5.064  16.552  31.070 0.0000000000
93731  5.027  16.061  30.714 0.0000000000
93732  5.062  16.758  30.370 0.0000000000
93733  5.089  16.940  29.628 0.0000000000
95017  7.638  21.000  21.726 0.0000000000
95018  7.933  20.372  21.589 0.0000000000
95019  7.920  21.150  21.186 0.0000000000
95020  8.054  21.315  20.563 0.0000000000
95021  7.968  21.507  19.937 0.0000000000
95058  5.643  6.522  36.942 0.0000000000
95059  5.567  5.771  37.223 0.0000000000
95060  5.283  6.076  36.812 0.0000000000
95061  5.026  5.563  36.512 0.0000000000
95062  4.873  5.033  36.147 0.0000000000
98027  7.415  19.906  30.015 0.0000000000
98028  7.108  20.533  29.766 0.0000000000
98029  7.777  20.577  29.506 0.0000000000
98030  8.140  21.232  28.986 0.0000000000
98031  8.516  21.853  28.479 0.0000000000
98032  11.123  23.272  27.092 0.0000000000
98033  10.525  23.170  27.155 0.0000000000
98034  10.831  23.794  26.684 0.0000000000
98035  10.499  24.315  26.287 0.0000000000
98036  10.161  24.884  25.894 0.0000000000
98037  9.826  25.451  25.519 0.0000000000
98038  10.457  25.477  25.417 0.0000000000
98039  10.761  26.067  24.983 0.0000000000
98040  11.046  26.677  24.560 0.0000000000
98046  10.783  18.353  30.208 0.0000000000
98047  10.648  17.717  30.594 0.0000000000
98048  10.164  18.200  30.277 0.0000000000
98049  9.578  18.122  30.392 0.0000000000
98050  8.976  18.051  30.570 0.0000000000
98051  8.360  18.016  30.778 0.0000000000
98052  8.469  18.656  30.331 0.0000000000
98053  7.965  19.303  30.146 0.0000000000
99337  6.980  27.610  18.322 0.0000000000
99338  7.411  27.057  18.173 0.0000000000
99339  7.297  27.887  17.737 0.0000000000
99340  7.596  28.175  17.143 0.0000000000
99341  7.815  28.436  16.520 0.0000000000
99342  7.898  31.424  13.988 0.0000000000
99343  8.023  30.565  14.421 0.0000000000
99344  8.171  30.793  13.795 0.0000000000
99345  8.303  30.136  13.601 0.0000000000
99346  8.093  29.415  13.455 0.0000000000
99347  7.766  28.740  13.342 0.0000000000
99348  7.975  29.594  12.859 0.0000000000
99349  7.800  29.787  12.272 0.0000000000
99350  7.562  29.986  11.685 0.0000000000
99351  7.377  30.192  11.142 0.0000000000
99352  7.944  30.808  11.207 0.0000000000
99378  4.642  8.073  31.560 0.0000000000
99379  4.643  7.309  31.825 0.0000000000
99380  4.551  7.477  31.166 0.0000000000
99381  4.550  6.881  30.820 0.0000000000
99382  4.693  6.312  30.566 0.0000000000
99383  7.228  5.906  29.738 0.0000000000
99384  6.680  5.696  30.012 0.0000000000
99385  7.158  5.151  30.001 0.0000000000
99386  7.162  4.401  30.235 0.0000000000
99387  7.176  3.646  30.469 0.0000000000
99388  7.158  2.884  30.717 0.0000000000
99389  7.560  3.064  30.353 0.0000000000
99390  7.713  2.452  30.133 0.0000000000
102563  6.521  12.863  27.211 0.0000000000
102564  6.877  13.215  26.856 0.0000000000
102565  6.375  13.726  26.849 0.0000000000
102566  6.248  14.568  26.468 0.0000000000
102567  6.121  15.398  26.076 0.0000000000
102568  5.153  18.646  25.673 0.0000000000
102569  5.234  18.117  25.463 0.0000000000
102570  5.280  18.944  25.125 0.0000000000
102571  5.446  19.242  24.579 0.0000000000
102572  5.696  19.582  24.091 0.0000000000
102573  6.002  19.904  23.632 0.0000000000
102574  5.683  20.403  23.718 0.0000000000
102575  5.749  21.233  23.347 0.0000000000
102576  5.795  22.036  22.992 0.0000000000
102577  5.890  22.763  28.385 0.0000000000
102578  5.383  22.523  28.290 0.0000000000
102579  5.619  23.266  27.918 0.0000000000
102580  5.442  23.667  27.374 0.0000000000
102581  5.255  24.084  26.825 0.0000000000
102582  5.487  27.222  24.468 0.0000000000
102583  5.408  26.417  24.826 0.0000000000
102584  5.382  26.747  24.155 0.0000000000
102585  5.438  26.148  23.751 0.0000000000
102586  5.581  25.509  23.304 0.0000000000
102587  5.694  24.870  22.924 0.0000000000
102588  5.669  25.734  22.623 0.0000000000
102589  5.794  26.002  21.920 0.0000000000
102590  5.905  26.243  21.212 0.0000000000
102591  6.047  26.487  20.576 0.0000000000
102592  5.836  27.063  20.875 0.0000000000
102593  5.763  27.912  20.589 0.0000000000
102594  5.673  28.806  20.306 0.0000000000
102595  5.873  32.046  20.681 0.0000000000
102596  5.611  31.665  20.432 0.0000000000
102597  5.766  32.432  20.054 0.0000000000
102598  5.679  32.809  19.425 0.0000000000
102599  5.655  33.117  18.795 0.0000000000
102600  5.673  33.411  18.138 0.0000000000
102601  5.765  33.939  18.478 0.0000000000
102602  6.090  34.610  18.092 0.0000000000
102603  6.615  35.183  17.583 0.0000000000
102609  9.369  8.156  36.121 0.0000000000
102610  9.311  7.512  36.436 0.0000000000
102611  8.886  7.984  36.245 0.0000000000
102612  8.407  7.832  36.375 0.0000000000
102613  7.952  7.659  36.529 0.0000000000
102614  7.478  7.475  36.701 0.0000000000
102615  7.516  8.169  36.368 0.0000000000
102616  7.062  8.677  36.255 0.0000000000
102617  6.570  9.101  36.077 0.0000000000
102618  9.805  13.362  33.437 0.0000000000
102619  9.730  12.702  33.827 0.0000000000
102620  9.239  13.199  33.551 0.0000000000
102621  8.653  13.059  33.685 0.0000000000
102622  8.086  12.896  33.849 0.0000000000
102623  5.537  14.173  33.437 0.0000000000
102624  5.921  13.714  33.805 0.0000000000
102625  5.493  13.462  33.816 0.0000000000
102626  5.468  12.751  34.161 0.0000000000
102627  5.534  12.042  34.495 0.0000000000
102628  5.584  11.323  34.821 0.0000000000
102629  5.289  11.699  34.329 0.0000000000
102630  5.108  11.306  34.064 0.0000000000
102631  5.022  10.830  33.702 0.0000000000
102632  4.981  10.311  33.285 0.0000000000
102633  4.963  11.030  32.979 0.0000000000
102634  4.918  11.210  32.243 0.0000000000
102635  4.860  11.347  31.527 0.0000000000
102636  4.840  13.816  29.032 0.0000000000
102637  4.783  13.096  29.386 0.0000000000
102638  4.761  13.253  28.705 0.0000000000
102639  4.727  12.683  28.415 0.0000000000
102640  4.953  12.174  28.235 0.0000000000
102641  5.282  11.684  28.142 0.0000000000
102642  5.379  12.407  27.824 0.0000000000
102643  5.920  12.645  27.486 0.0000000000
106492  7.839  14.266  25.032 0.0000000000
106494  7.778  14.448  24.477 0.0000000000
106628  4.719  4.349  32.972 0.0000000000
106629  4.786  4.193  33.750 0.0000000000
106630  4.710  3.598  33.250 0.0000000000
110487  12.718  31.310  21.291 0.0000000000
110488  12.035  31.248  20.967 0.0000000000
110489  11.254  31.305  20.778 0.0000000000
110490  11.800  31.676  20.478 0.0000000000
110491  11.532  32.127  20.002 0.0000000000
110492  11.299  32.588  19.501 0.0000000000
115283  9.963  20.064  29.167 0.0000000000
115284  9.755  20.678  28.856 0.0000000000
115285  10.385  20.738  28.745 0.0000000000
115286  10.780  21.423  28.323 0.0000000000
115287  11.118  22.080  27.922 0.0000000000
115288  11.940  21.732  28.355 0.0000000000
115289  11.684  22.230  27.946 0.0000000000
115290  11.412  22.745  27.522 0.0000000000
115291  11.698  23.397  27.124 0.0000000000
115292  11.997  24.063  26.732 0.0000000000
115293  12.271  24.751  26.365 0.0000000000
115301  11.366  18.534  30.202 0.0000000000
115302  10.925  19.008  29.823 0.0000000000
115303  10.448  19.515  29.480 0.0000000000
116302  6.464  30.956  16.655 0.0000000000
116303  6.855  30.378  16.406 0.0000000000
116304  6.705  31.234  16.024 0.0000000000
116305  6.933  31.502  15.425 0.0000000000
116306  7.212  31.759  14.810 0.0000000000
116307  6.566  33.214  14.702 0.0000000000
116308  6.992  32.605  14.420 0.0000000000
116309  7.450  32.022  14.186 0.0000000000
116310  7.660  32.292  13.565 0.0000000000
116311  7.867  32.544  12.931 0.0000000000
116334  5.107  8.769  29.342 0.0000000000
116335  5.067  8.009  29.625 0.0000000000
116336  5.573  8.255  29.303 0.0000000000
116337  6.169  7.758  29.388 0.0000000000
116338  6.743  7.203  29.460 0.0000000000
116339  7.247  8.167  28.840 0.0000000000
116340  7.240  7.395  29.163 0.0000000000
116341  7.258  6.630  29.470 0.0000000000
116342  7.516  6.006  29.320 0.0000000000
116343  7.635  5.359  29.118 0.0000000000
118811  4.995  14.796  27.437 0.0000000000
118812  5.109  15.162  26.933 0.0000000000
118813  5.030  15.718  27.162 0.0000000000
118814  5.032  16.611  26.910 0.0000000000
118815  5.069  17.463  26.581 0.0000000000
118816  5.154  17.722  27.567 0.0000000000
118817  5.149  18.018  26.905 0.0000000000
118818  5.150  18.331  26.289 0.0000000000
118819  5.233  19.191  26.037 0.0000000000
118820  5.312  20.059  25.776 0.0000000000
118821  5.379  20.940  25.497 0.0000000000
118822  7.142  25.451  26.443 0.0000000000
118823  6.452  25.388  26.628 0.0000000000
118824  6.742  26.058  26.082 0.0000000000
118825  6.415  26.614  25.626 0.0000000000
118826  6.084  27.131  25.174 0.0000000000
118827  6.966  27.867  24.582 0.0000000000
118828  6.319  27.806  24.675 0.0000000000
118829  5.798  27.582  24.654 0.0000000000
118830  5.598  27.987  24.080 0.0000000000
118831  5.473  28.360  23.430 0.0000000000
118832  5.417  28.654  22.770 0.0000000000
118833  5.396  28.922  22.142 0.0000000000
118834  5.518  29.426  22.447 0.0000000000
118835  5.673  30.170  22.009 0.0000000000
118836  5.875  30.937  21.618 0.0000000000
118837  6.580  30.678  22.227 0.0000000000
118838  6.330  31.215  21.755 0.0000000000
118839  6.112  31.615  21.210 0.0000000000
118840  6.393  32.253  20.744 0.0000000000
118841  6.759  32.853  20.224 0.0000000000
118842  7.248  33.325  19.668 0.0000000000
118847  10.255  7.885  36.263 0.0000000000
118849  10.306  8.552  35.971 0.0000000000
118850  9.849  8.344  36.009 0.0000000000
118851  9.415  8.809  35.816 0.0000000000
118852  8.954  9.287  35.630 0.0000000000
118853  8.456  9.754  35.481 0.0000000000
118854  7.863  15.470  32.514 0.0000000000
118855  7.733  14.800  32.910 0.0000000000
118856  7.236  15.385  32.734 0.0000000000
118857  6.611  15.266  32.932 0.0000000000
118858  6.026  15.117  33.063 0.0000000000
118859  5.724  16.328  32.333 0.0000000000
118860  5.640  15.579  32.686 0.0000000000
118861  5.580  14.884  33.056 0.0000000000
118862  5.239  14.586  32.971 0.0000000000
118863  5.105  14.196  32.707 0.0000000000
118864  5.015  13.751  32.388 0.0000000000
118865  4.976  13.225  32.030 0.0000000000
118866  4.983  13.953  31.715 0.0000000000
118867  4.996  14.091  30.976 0.0000000000
118868  5.000  14.214  30.227 0.0000000000
118869  5.028  15.538  30.324 0.0000000000
118870  5.002  14.951  29.878 0.0000000000
118871  4.955  14.366  29.453 0.0000000000
118872  4.902  14.510  28.707 0.0000000000
118873  4.902  14.645  28.038 0.0000000000
121867  7.798  17.797  23.483 0.0000000000
121868  7.897  17.129  23.327 0.0000000000
121869  7.898  17.955  22.908 0.0000000000
121872  7.988  19.708  21.419 0.0000000000
121962  7.187  4.650  37.780 0.0000000000
121967  5.455  5.002  37.496 0.0000000000
128867  5.290  19.155  30.278 0.0000000000
128868  5.193  19.588  29.751 0.0000000000
128869  5.435  19.975  29.949 0.0000000000
128870  5.612  20.780  29.588 0.0000000000
128871  5.844  21.564  29.219 0.0000000000
128872  6.775  21.128  29.475 0.0000000000
128873  6.465  21.685  29.172 0.0000000000
128874  6.149  22.258  28.829 0.0000000000
128875  6.457  22.916  28.381 0.0000000000
128876  6.778  23.608  27.868 0.0000000000
128877  7.172  24.228  27.338 0.0000000000
128878  9.474  21.278  28.576 0.0000000000
128879  9.169  21.854  28.279 0.0000000000
128880  8.872  22.471  27.968 0.0000000000
128881  9.911  23.107  27.283 0.0000000000
128882  9.259  23.083  27.456 0.0000000000
128883  8.575  23.079  27.646 0.0000000000
128884  8.241  23.664  27.377 0.0000000000
128885  7.894  24.255  27.080 0.0000000000
128886  7.518  24.861  26.778 0.0000000000
128887  7.827  25.472  26.205 0.0000000000
128888  8.114  26.056  25.629 0.0000000000
128889  8.408  26.622  25.077 0.0000000000
128890  9.456  26.010  25.193 0.0000000000
128891  9.092  26.584  24.868 0.0000000000
128892  8.720  27.194  24.565 0.0000000000
128893  8.991  27.803  24.059 0.0000000000
128894  9.294  28.429  23.571 0.0000000000
128895  9.692  29.050  23.066 0.0000000000
128900  10.712  13.122  33.738 0.0000000000
128902  10.816  13.734  33.384 0.0000000000
128903  10.299  13.541  33.389 0.0000000000
128904  9.887  13.995  33.059 0.0000000000
128905  9.454  14.510  32.760 0.0000000000
128906  8.964  15.012  32.530 0.0000000000
128909  10.778  15.990  31.839 0.0000000000
128910  10.509  17.059  31.029 0.0000000000
128911  10.373  16.435  31.458 0.0000000000
128912  10.256  15.833  31.880 0.0000000000
128913  9.702  15.721  31.978 0.0000000000
128914  9.096  15.616  32.118 0.0000000000
128915  8.483  15.536  32.308 0.0000000000
128916  7.999  16.106  32.098 0.0000000000
128917  7.457  16.704  31.894 0.0000000000
128918  6.946  17.305  31.685 0.0000000000
128919  7.723  17.988  31.013 0.0000000000
128920  7.084  17.967  31.238 0.0000000000
128921  6.462  17.846  31.460 0.0000000000
128922  5.994  18.351  31.177 0.0000000000
128923  5.584  18.821  30.781 0.0000000000
131632  7.376  24.267  19.985 0.0000000000
131633  7.756  23.675  19.838 0.0000000000
131634  7.664  24.514  19.425 0.0000000000
131635  7.893  24.714  18.849 0.0000000000
131636  7.977  24.918  18.224 0.0000000000
131637  7.769  26.469  18.006 0.0000000000
131638  7.949  25.802  17.804 0.0000000000
131639  8.014  25.146  17.582 0.0000000000
131640  7.876  25.333  16.972 0.0000000000
131643  7.326  29.824  16.202 0.0000000000
131644  7.713  29.262  16.068 0.0000000000
131645  8.045  28.659  15.893 0.0000000000
131646  8.107  29.741  14.850 0.0000000000
131647  8.126  28.886  15.283 0.0000000000
131648  8.099  28.015  15.706 0.0000000000
131649  8.005  27.346  15.519 0.0000000000
131655  7.263  28.143  13.274 0.0000000000
131664  6.161  30.140  10.205 0.0000000000
131665  7.120  30.407  10.636 0.0000000000
131666  6.855  30.629  10.103 0.0000000000
131667  6.597  30.857  9.593 0.0000000000
131718  4.995  7.498  34.513 0.0000000000
131719  4.955  6.745  34.850 0.0000000000
131720  4.955  6.880  34.076 0.0000000000
131721  4.895  6.331  33.646 0.0000000000
131722  4.810  5.709  33.202 0.0000000000
131723  4.654  6.572  32.138 0.0000000000
131724  4.679  5.860  32.461 0.0000000000
131725  4.729  5.099  32.725 0.0000000000
131726  4.614  4.483  32.297 0.0000000000
131727  4.564  3.896  31.930 0.0000000000
131728  4.605  3.329  31.619 0.0000000000
131729  5.033  7.235  29.895 0.0000000000
131730  4.984  6.517  30.141 0.0000000000
131731  4.943  5.736  30.363 0.0000000000
131732  6.062  5.464  30.186 0.0000000000
131733  5.468  5.207  30.369 0.0000000000
131734  4.938  4.973  30.624 0.0000000000
131735  4.943  4.247  30.906 0.0000000000
131736  4.929  3.498  31.194 0.0000000000
131737  4.894  2.766  31.431 0.0000000000
131741  7.161  2.111  30.952 0.0000000000
138419  7.681  10.472  26.777 0.0000000000
138421  7.718  11.365  26.503 0.0000000000
138422  7.750  12.251  26.166 0.0000000000
138423  7.770  13.148  25.856 0.0000000000
138424  7.256  13.553  26.491 0.0000000000
138425  7.547  13.806  26.021 0.0000000000
138426  7.760  14.067  25.546 0.0000000000
138427  7.735  14.965  25.220 0.0000000000
138428  7.712  15.822  24.855 0.0000000000
138429  7.667  16.706  24.440 0.0000000000
138430  5.338  15.534  26.482 0.0000000000
138431  5.608  15.897  26.071 0.0000000000
138432  5.934  16.240  25.688 0.0000000000
138433  5.447  17.601  25.324 0.0000000000
138434  5.836  17.108  25.267 0.0000000000
138435  6.378  16.603  25.291 0.0000000000
138436  6.878  16.927  24.903 0.0000000000
138437  7.232  17.258  24.474 0.0000000000
138438  7.584  17.568  24.033 0.0000000000
138439  7.517  18.394  23.602 0.0000000000
138440  7.453  19.203  23.155 0.0000000000
138441  7.374  19.999  22.718 0.0000000000
138442  6.410  20.223  23.193 0.0000000000
138443  6.864  20.521  22.746 0.0000000000
138444  7.293  20.796  22.262 0.0000000000
138445  7.207  21.623  21.780 0.0000000000
138446  7.155  22.409  21.366 0.0000000000
138447  7.101  23.200  20.917 0.0000000000
138448  5.090  19.995  29.193 0.0000000000
138449  5.118  20.324  28.543 0.0000000000
138450  5.127  20.665  27.915 0.0000000000
138451  5.193  22.051  28.004 0.0000000000
138452  5.110  21.552  27.673 0.0000000000
138453  5.188  21.005  27.303 0.0000000000
138454  5.269  21.304  26.632 0.0000000000
138455  5.347  21.576  25.924 0.0000000000
138456  5.417  21.826  25.216 0.0000000000
138457  5.875  25.199  26.605 0.0000000000
138458  5.406  24.896  26.463 0.0000000000
138459  5.259  24.400  26.148 0.0000000000
138460  5.336  25.567  25.160 0.0000000000
138461  5.279  24.710  25.471 0.0000000000
138462  5.255  23.876  25.762 0.0000000000
138463  5.359  23.315  25.346 0.0000000000
138464  5.449  22.703  24.922 0.0000000000
138465  5.503  22.079  24.493 0.0000000000
138466  5.579  22.332  23.862 0.0000000000
138467  5.685  22.575  23.223 0.0000000000
138468  5.851  22.849  22.644 0.0000000000
138469  5.791  24.245  22.572 0.0000000000
138470  5.897  23.693  22.285 0.0000000000
138471  6.082  23.145  22.080 0.0000000000
138472  6.369  23.435  21.523 0.0000000000
138473  6.707  23.726  21.011 0.0000000000
138474  7.036  24.019  20.504 0.0000000000
138475  6.968  24.870  20.113 0.0000000000
138476  6.895  25.724  19.712 0.0000000000
138477  6.799  26.541  19.294 0.0000000000
138478  6.203  26.758  19.992 0.0000000000
138479  6.429  27.050  19.438 0.0000000000
138480  6.673  27.349  18.863 0.0000000000
138481  6.534  28.139  18.457 0.0000000000
138482  6.439  28.986  18.021 0.0000000000
138483  6.319  29.855  17.605 0.0000000000
138484  5.467  29.155  21.432 0.0000000000
138485  5.538  29.423  20.711 0.0000000000
138486  5.633  29.676  20.007 0.0000000000
138487  5.500  31.168  20.115 0.0000000000
138488  5.588  30.552  19.702 0.0000000000
138489  5.741  29.919  19.304 0.0000000000
138490  5.871  30.153  18.601 0.0000000000
138491  6.031  30.446  17.909 0.0000000000
138492  6.202  30.721  17.252 0.0000000000
138493  6.119  31.584  16.952 0.0000000000
138494  6.041  32.488  16.653 0.0000000000
138495  5.938  33.362  16.394 0.0000000000
138496  5.665  33.694  17.494 0.0000000000
138497  5.755  33.992  16.806 0.0000000000
138498  5.801  34.299  16.143 0.0000000000
138499  5.789  35.219  15.915 0.0000000000
138500  5.935  36.072  15.601 0.0000000000
138515  9.599  5.674  37.287 0.0000000000
138516  9.249  6.854  36.770 0.0000000000
138517  9.212  6.189  37.072 0.0000000000
138518  9.089  5.486  37.354 0.0000000000
138519  8.630  5.315  37.465 0.0000000000
138520  8.161  5.104  37.561 0.0000000000
138521  7.689  4.853  37.658 0.0000000000
138522  7.266  5.411  37.568 0.0000000000
138523  6.872  5.904  37.418 0.0000000000
138524  6.491  6.368  37.203 0.0000000000
138525  7.000  7.308  36.854 0.0000000000
138526  6.544  7.083  36.949 0.0000000000
138527  6.057  6.850  36.996 0.0000000000
138528  5.688  7.220  36.658 0.0000000000
138529  5.366  7.561  36.208 0.0000000000
138530  5.126  7.861  35.631 0.0000000000
138532  10.563  11.172  34.727 0.0000000000
138533  10.061  10.955  34.783 0.0000000000
138534  9.624  12.067  34.181 0.0000000000
138535  9.596  11.413  34.526 0.0000000000
138536  9.546  10.761  34.862 0.0000000000
138537  9.015  10.579  35.013 0.0000000000
138538  8.483  10.397  35.177 0.0000000000
138539  7.957  10.243  35.344 0.0000000000
138540  7.604  14.136  33.291 0.0000000000
138541  7.521  13.457  33.670 0.0000000000
138542  7.503  12.728  34.060 0.0000000000
138543  6.382  13.191  34.090 0.0000000000
138544  6.905  12.609  34.295 0.0000000000
138545  7.453  12.045  34.482 0.0000000000
138546  7.462  11.372  34.837 0.0000000000
138547  7.471  10.734  35.168 0.0000000000
138548  7.448  10.108  35.494 0.0000000000
138549  6.973  9.954  35.636 0.0000000000
138550  6.512  9.757  35.790 0.0000000000
138551  6.099  9.519  35.830 0.0000000000
138552  5.622  10.603  35.153 0.0000000000
138553  5.676  9.907  35.493 0.0000000000
138554  5.714  9.238  35.800 0.0000000000
138555  5.389  8.908  35.600 0.0000000000
138556  5.159  8.524  35.297 0.0000000000
138557  5.035  8.071  34.920 0.0000000000
138558  5.023  8.215  34.185 0.0000000000
138559  4.960  8.338  33.448 0.0000000000
138560  4.866  8.445  32.708 0.0000000000
138561  4.958  9.758  32.833 0.0000000000
138562  4.874  9.190  32.403 0.0000000000
138563  4.754  8.616  31.970 0.0000000000
138564  4.637  8.788  31.266 0.0000000000
138565  4.559  8.943  30.589 0.0000000000
138566  4.560  9.093  29.991 0.0000000000
138567  4.932  12.662  31.607 0.0000000000
138568  4.882  12.057  31.179 0.0000000000
138569  4.758  11.487  30.733 0.0000000000
138570  4.725  12.366  29.685 0.0000000000
138571  4.669  11.634  29.979 0.0000000000
138572  4.629  10.932  30.315 0.0000000000
138573  4.548  10.368  29.979 0.0000000000
138574  4.585  9.815  29.700 0.0000000000
138575  4.726  9.252  29.438 0.0000000000
138576  5.160  9.496  29.047 0.0000000000
138577  5.711  9.749  28.752 0.0000000000
138578  6.337  9.988  28.501 0.0000000000
138579  5.781  11.206  28.145 0.0000000000
138580  6.367  10.717  28.185 0.0000000000
138581  6.949  10.211  28.229 0.0000000000
138582  7.378  10.361  27.833 0.0000000000
138583  7.625  10.439  27.339 0.0000000000
146425  8.013  23.027  19.654 0.0000000000
146426  8.004  22.345  19.481 0.0000000000
146670  4.908  6.022  35.168 0.0000000000
146671  4.860  5.263  35.457 0.0000000000
146672  4.797  4.482  35.761 0.0000000000
146673  4.820  4.069  34.536 0.0000000000
146674  4.794  3.893  35.308 0.0000000000
146675  4.725  3.707  36.049 0.0000000000
154379  12.364  25.727  25.697 0.0000000000
154380  12.091  26.184  25.201 0.0000000000
154381  11.783  26.620  24.769 0.0000000000
154382  11.473  27.131  24.314 0.0000000000
154383  12.598  27.628  24.412 0.0000000000
154384  11.920  27.607  24.091 0.0000000000
154385  11.182  27.676  23.844 0.0000000000
154386  10.822  28.255  23.456 0.0000000000
154387  10.471  28.826  23.070 0.0000000000
154388  10.194  29.381  22.716 0.0000000000
154412  12.270  29.522  22.738 0.0000000000
154413  11.505  29.562  22.513 0.0000000000
154414  10.711  29.702  22.382 0.0000000000
154415  9.886  29.914  22.323 0.0000000000
154416  9.570  30.399  21.936 0.0000000000
154417  9.214  30.925  21.520 0.0000000000
154418  8.879  31.442  21.072 0.0000000000
154419  10.396  31.460  20.680 0.0000000000
154420  9.472  31.699  20.601 0.0000000000
154421  8.603  31.988  20.610 0.0000000000
154422  8.336  32.544  20.147 0.0000000000
154423  8.086  33.046  19.702 0.0000000000
154424  7.907  33.515  19.229 0.0000000000
154426  11.891  32.973  19.244 0.0000000000
154427  11.092  33.036  19.006 0.0000000000
154428  11.558  33.785  18.233 0.0000000000
154429  10.910  33.463  18.524 0.0000000000
154430  10.260  33.198  18.861 0.0000000000
154431  9.417  33.432  18.793 0.0000000000
154432  8.573  33.705  18.763 0.0000000000
154433  7.745  34.008  18.719 0.0000000000
154434  7.575  34.475  18.194 0.0000000000
154435  7.415  34.964  17.692 0.0000000000
154436  7.296  35.450  17.164 0.0000000000
