#!ascii label  , from subject studyTemplate vox2ras=TkReg
668
336  27.889  -16.138  -31.918 0.0000000000
337  24.318  -6.553  -34.466 0.0000000000
602  25.425  2.258  -36.674 0.0000000000
816  20.528  -9.340  -30.535 0.0000000000
817  22.066  -5.750  -31.253 0.0000000000
1756  23.122  -18.864  -28.588 0.0000000000
1757  21.030  -13.900  -29.446 0.0000000000
1758  25.188  -11.226  -33.339 0.0000000000
1759  30.534  -7.487  -35.609 0.0000000000
2445  25.201  -2.276  -35.549 0.0000000000
3886  20.344  -15.147  -27.276 0.0000000000
3887  20.053  -12.912  -27.724 0.0000000000
3888  22.108  -8.110  -32.598 0.0000000000
3889  22.164  -10.405  -32.159 0.0000000000
3890  24.563  -8.864  -33.987 0.0000000000
3891  28.179  -9.439  -34.196 0.0000000000
3892  27.368  -6.981  -34.846 0.0000000000
5463  25.641  4.240  -35.984 0.0000000000
5465  24.804  1.368  -33.203 0.0000000000
5467  23.986  -0.261  -33.592 0.0000000000
5468  23.378  -1.988  -33.513 0.0000000000
5469  25.396  -0.022  -36.248 0.0000000000
5543  25.041  -17.626  -30.503 0.0000000000
6078  21.108  -7.230  -30.825 0.0000000000
6079  22.385  -5.892  -33.064 0.0000000000
7024  25.679  5.087  -38.830 0.0000000000
7025  26.455  2.924  -38.810 0.0000000000
7070  30.545  -14.478  -33.208 0.0000000000
7071  31.948  -17.089  -32.253 0.0000000000
7937  20.883  -17.545  -26.801 0.0000000000
7938  21.781  -16.282  -29.032 0.0000000000
7939  23.702  -15.104  -30.986 0.0000000000
7940  20.614  -11.661  -30.043 0.0000000000
7941  22.640  -12.654  -31.566 0.0000000000
7942  26.425  -13.611  -32.665 0.0000000000
7943  29.391  -11.906  -33.679 0.0000000000
7944  31.435  -10.124  -35.254 0.0000000000
9892  22.831  -3.922  -33.495 0.0000000000
9893  24.762  -4.449  -34.985 0.0000000000
9894  27.528  0.530  -37.641 0.0000000000
9895  27.955  -2.076  -36.275 0.0000000000
9896  27.800  -4.554  -35.339 0.0000000000
9897  30.255  -5.015  -36.760 0.0000000000
11568  23.165  -7.310  -33.596 0.0000000000
11569  23.131  -8.460  -33.339 0.0000000000
11570  24.348  -7.740  -34.289 0.0000000000
11571  25.940  -8.046  -34.612 0.0000000000
11572  25.719  -6.833  -34.898 0.0000000000
13143  25.467  3.267  -36.384 0.0000000000
13144  25.434  2.667  -34.796 0.0000000000
13145  25.115  1.784  -35.109 0.0000000000
13146  24.308  0.610  -33.311 0.0000000000
13147  24.875  0.873  -35.262 0.0000000000
13148  24.601  -0.161  -35.014 0.0000000000
13149  25.428  1.116  -36.552 0.0000000000
13223  26.470  -16.916  -31.276 0.0000000000
13224  27.386  -18.205  -30.778 0.0000000000
13225  28.645  -17.445  -31.426 0.0000000000
13970  21.614  -6.465  -31.075 0.0000000000
13971  21.653  -6.633  -31.971 0.0000000000
13972  21.897  -5.675  -32.171 0.0000000000
15548  26.104  5.292  -39.914 0.0000000000
15623  31.587  -13.558  -33.920 0.0000000000
15624  32.359  -14.867  -33.558 0.0000000000
17417  20.607  -17.078  -25.918 0.0000000000
17418  20.573  -14.480  -28.362 0.0000000000
17419  20.775  -15.656  -28.180 0.0000000000
17420  21.332  -15.045  -29.204 0.0000000000
17421  22.625  -15.688  -30.045 0.0000000000
17422  22.033  -14.518  -30.225 0.0000000000
17423  20.105  -10.072  -29.407 0.0000000000
17424  20.112  -11.169  -29.173 0.0000000000
17425  20.529  -10.527  -30.342 0.0000000000
17426  23.423  -10.841  -32.812 0.0000000000
17427  22.287  -11.539  -31.851 0.0000000000
17428  23.809  -11.965  -32.515 0.0000000000
17429  24.367  -13.146  -32.226 0.0000000000
17430  25.806  -12.400  -32.993 0.0000000000
17431  27.950  -12.800  -33.175 0.0000000000
17432  27.256  -11.575  -33.554 0.0000000000
17433  29.520  -8.438  -34.652 0.0000000000
17434  30.014  -9.711  -34.447 0.0000000000
17435  30.938  -8.793  -35.370 0.0000000000
22165  24.156  -2.143  -34.735 0.0000000000
22166  23.090  -2.957  -33.542 0.0000000000
22167  23.843  -3.172  -34.515 0.0000000000
22168  23.664  -4.202  -34.342 0.0000000000
22169  24.919  -3.387  -35.226 0.0000000000
22170  27.172  3.092  -39.737 0.0000000000
22171  27.004  1.763  -38.271 0.0000000000
22172  27.874  1.911  -39.124 0.0000000000
22174  28.992  -0.686  -37.638 0.0000000000
22175  29.195  -2.067  -37.014 0.0000000000
22176  27.942  -3.338  -35.782 0.0000000000
22177  29.298  -3.403  -36.365 0.0000000000
22178  29.260  -4.670  -35.759 0.0000000000
22179  30.180  -3.727  -37.383 0.0000000000
25428  20.307  -14.109  -27.407 0.0000000000
25429  20.357  -13.371  -28.559 0.0000000000
25430  21.224  -8.794  -31.609 0.0000000000
25431  21.209  -9.899  -31.431 0.0000000000
25432  22.048  -9.247  -32.396 0.0000000000
25433  23.238  -9.683  -33.053 0.0000000000
25434  24.824  -10.047  -33.649 0.0000000000
25435  26.738  -10.385  -33.865 0.0000000000
25436  26.300  -9.221  -34.275 0.0000000000
25437  27.700  -8.234  -34.493 0.0000000000
25438  29.170  -7.154  -34.925 0.0000000000
28268  25.428  2.024  -32.836 0.0000000000
28273  23.360  -1.266  -32.034 0.0000000000
28274  23.018  -2.065  -32.201 0.0000000000
28275  23.683  -1.116  -33.552 0.0000000000
28276  24.398  -1.162  -34.878 0.0000000000
28277  25.311  -1.193  -35.868 0.0000000000
28409  23.993  -18.290  -29.595 0.0000000000
28411  26.057  -18.945  -30.060 0.0000000000
29539  20.229  -8.893  -29.480 0.0000000000
29542  20.620  -8.245  -30.580 0.0000000000
29543  21.367  -7.644  -31.750 0.0000000000
29544  22.233  -6.975  -32.879 0.0000000000
29545  23.210  -6.192  -33.837 0.0000000000
31749  25.524  4.762  -37.466 0.0000000000
31750  25.614  3.698  -37.831 0.0000000000
31751  25.889  2.567  -37.833 0.0000000000
31752  25.948  3.979  -38.976 0.0000000000
31753  26.543  4.229  -39.998 0.0000000000
31856  29.329  -15.324  -32.588 0.0000000000
31857  30.057  -16.644  -32.144 0.0000000000
31858  31.223  -15.751  -32.827 0.0000000000
31859  32.939  -16.196  -33.016 0.0000000000
34159  21.743  -18.129  -27.638 0.0000000000
34160  20.452  -16.327  -26.983 0.0000000000
34161  21.173  -16.898  -27.914 0.0000000000
34162  22.407  -17.542  -28.803 0.0000000000
34163  23.258  -16.956  -29.821 0.0000000000
34164  24.387  -16.333  -30.757 0.0000000000
34165  25.591  -15.625  -31.542 0.0000000000
34166  20.072  -11.866  -27.988 0.0000000000
34167  20.177  -12.296  -28.892 0.0000000000
34168  20.786  -12.775  -29.766 0.0000000000
34169  21.305  -11.040  -31.116 0.0000000000
34170  21.407  -12.124  -30.796 0.0000000000
34171  21.725  -13.334  -30.535 0.0000000000
34172  23.086  -13.900  -31.278 0.0000000000
34173  24.988  -14.414  -31.930 0.0000000000
34174  27.168  -14.894  -32.275 0.0000000000
34175  28.581  -14.034  -32.847 0.0000000000
34176  29.875  -13.162  -33.468 0.0000000000
34177  31.032  -12.250  -34.152 0.0000000000
34178  28.771  -10.686  -33.983 0.0000000000
34179  30.486  -11.014  -34.349 0.0000000000
39911  22.345  -4.829  -31.387 0.0000000000
39912  22.739  -2.927  -32.273 0.0000000000
39913  22.446  -3.820  -32.369 0.0000000000
39914  22.155  -4.680  -32.307 0.0000000000
39915  22.630  -4.850  -33.312 0.0000000000
39916  23.442  -5.166  -34.100 0.0000000000
39917  24.548  -5.498  -34.746 0.0000000000
39918  26.180  1.408  -37.478 0.0000000000
39919  26.358  0.209  -37.040 0.0000000000
39920  26.500  -1.007  -36.466 0.0000000000
39921  28.516  0.618  -38.394 0.0000000000
39922  27.797  -0.763  -36.903 0.0000000000
39923  26.520  -2.205  -35.981 0.0000000000
39924  26.376  -3.400  -35.642 0.0000000000
39925  26.183  -4.565  -35.316 0.0000000000
39926  25.966  -5.672  -35.109 0.0000000000
39927  27.583  -5.756  -35.056 0.0000000000
39928  29.209  -5.888  -35.252 0.0000000000
39929  30.422  -6.251  -36.141 0.0000000000
42288  23.731  -6.929  -34.099 0.0000000000
42289  23.723  -7.524  -33.958 0.0000000000
42290  24.352  -7.108  -34.393 0.0000000000
42291  25.071  -7.276  -34.631 0.0000000000
42292  24.993  -6.720  -34.735 0.0000000000
43863  25.443  2.787  -36.573 0.0000000000
43864  25.311  2.486  -35.794 0.0000000000
43865  25.248  2.006  -35.915 0.0000000000
43866  24.965  1.378  -35.228 0.0000000000
43867  25.173  1.528  -36.018 0.0000000000
43868  25.157  0.984  -35.957 0.0000000000
43869  25.442  1.687  -36.614 0.0000000000
43943  27.188  -16.506  -31.624 0.0000000000
43944  27.574  -17.195  -31.384 0.0000000000
43945  28.290  -16.809  -31.688 0.0000000000
44690  21.801  -6.145  -31.094 0.0000000000
44691  21.753  -6.115  -31.610 0.0000000000
44692  21.885  -5.671  -31.643 0.0000000000
46343  32.099  -13.098  -34.328 0.0000000000
46344  32.476  -13.736  -34.139 0.0000000000
48138  20.758  -14.213  -28.869 0.0000000000
48139  20.913  -14.755  -28.792 0.0000000000
48140  21.147  -14.469  -29.290 0.0000000000
48141  21.721  -14.760  -29.720 0.0000000000
48142  21.487  -14.204  -29.859 0.0000000000
48143  20.269  -9.677  -29.935 0.0000000000
48144  20.276  -10.299  -29.900 0.0000000000
48145  20.524  -9.976  -30.479 0.0000000000
48146  24.274  -11.046  -33.109 0.0000000000
48147  23.619  -11.407  -32.709 0.0000000000
48148  24.527  -11.604  -33.004 0.0000000000
48149  24.713  -12.168  -32.788 0.0000000000
48150  25.494  -11.803  -33.158 0.0000000000
48151  26.544  -12.004  -33.309 0.0000000000
48152  26.130  -11.391  -33.458 0.0000000000
48153  30.101  -7.921  -35.077 0.0000000000
48154  30.327  -8.576  -34.932 0.0000000000
48155  30.733  -8.125  -35.485 0.0000000000
48156  31.282  -8.383  -36.003 0.0000000000
48157  30.996  -7.764  -36.141 0.0000000000
52885  24.633  -2.229  -35.191 0.0000000000
52886  24.001  -2.685  -34.634 0.0000000000
52887  24.467  -2.774  -35.080 0.0000000000
52888  24.352  -3.299  -34.898 0.0000000000
52889  25.051  -2.822  -35.420 0.0000000000
52890  27.548  3.065  -40.290 0.0000000000
52891  27.567  2.520  -39.447 0.0000000000
52892  27.947  2.457  -39.927 0.0000000000
52895  29.627  -2.191  -37.536 0.0000000000
52896  29.238  -2.729  -36.633 0.0000000000
52897  29.726  -2.877  -37.178 0.0000000000
52898  29.799  -3.519  -36.831 0.0000000000
57738  20.344  -13.404  -27.165 0.0000000000
57739  20.429  -14.089  -26.892 0.0000000000
57740  20.224  -13.651  -27.451 0.0000000000
57741  20.237  -13.700  -28.008 0.0000000000
57742  20.159  -13.142  -28.137 0.0000000000
57743  21.607  -8.439  -32.091 0.0000000000
57744  21.590  -9.024  -32.038 0.0000000000
57745  22.036  -8.670  -32.479 0.0000000000
57746  23.788  -8.662  -33.716 0.0000000000
57747  23.132  -9.055  -33.234 0.0000000000
57748  23.839  -9.248  -33.553 0.0000000000
57749  23.966  -9.864  -33.404 0.0000000000
57750  24.630  -9.449  -33.816 0.0000000000
57751  25.581  -9.639  -33.986 0.0000000000
57752  25.419  -9.055  -34.172 0.0000000000
57753  26.660  -7.545  -34.763 0.0000000000
57754  26.822  -8.168  -34.609 0.0000000000
57755  27.544  -7.620  -34.696 0.0000000000
57756  28.454  -7.681  -34.640 0.0000000000
57757  28.306  -7.048  -34.801 0.0000000000
62470  25.776  3.831  -35.255 0.0000000000
62471  25.156  1.969  -34.025 0.0000000000
62472  25.429  2.355  -33.840 0.0000000000
62473  25.097  1.692  -32.991 0.0000000000
62474  25.070  1.377  -31.924 0.0000000000
62478  24.153  0.150  -33.476 0.0000000000
62479  23.965  0.005  -32.470 0.0000000000
62480  23.768  -0.388  -32.600 0.0000000000
62482  23.620  -0.772  -32.813 0.0000000000
62483  23.442  -1.166  -32.789 0.0000000000
62484  23.817  -0.683  -33.592 0.0000000000
62485  24.988  -0.109  -35.651 0.0000000000
62486  24.463  -0.657  -34.999 0.0000000000
62487  24.907  -0.650  -35.574 0.0000000000
62488  24.843  -1.189  -35.431 0.0000000000
62489  25.367  -0.602  -36.039 0.0000000000
62708  24.560  -17.973  -30.106 0.0000000000
62709  24.945  -18.635  -29.892 0.0000000000
62710  25.583  -18.303  -30.333 0.0000000000
62711  28.441  -18.452  -30.797 0.0000000000
64949  20.536  -8.016  -29.998 0.0000000000
64950  20.845  -7.705  -30.687 0.0000000000
64951  20.981  -7.953  -31.225 0.0000000000
64952  21.172  -7.418  -31.295 0.0000000000
64953  22.023  -6.293  -32.579 0.0000000000
64954  21.896  -6.805  -32.438 0.0000000000
64955  22.341  -6.440  -33.000 0.0000000000
64956  22.743  -6.593  -33.382 0.0000000000
64957  22.745  -6.033  -33.499 0.0000000000
69678  25.654  5.610  -38.617 0.0000000000
69679  25.597  5.432  -37.929 0.0000000000
69680  25.544  4.926  -38.173 0.0000000000
69681  25.545  4.230  -37.655 0.0000000000
69682  25.639  4.383  -38.318 0.0000000000
69683  25.744  3.834  -38.417 0.0000000000
69684  25.812  4.521  -38.899 0.0000000000
69686  26.284  4.757  -39.985 0.0000000000
69687  26.540  4.773  -40.558 0.0000000000
69688  26.833  4.271  -40.556 0.0000000000
69908  29.963  -14.899  -32.834 0.0000000000
69909  30.335  -15.554  -32.721 0.0000000000
69910  30.881  -15.129  -33.042 0.0000000000
69912  32.672  -15.562  -33.336 0.0000000000
75288  20.881  -17.865  -26.304 0.0000000000
75290  21.130  -18.153  -26.687 0.0000000000
75291  21.485  -18.455  -27.094 0.0000000000
75292  21.202  -17.794  -27.200 0.0000000000
75293  20.405  -15.499  -26.707 0.0000000000
75294  20.429  -16.118  -26.549 0.0000000000
75295  20.407  -15.749  -27.139 0.0000000000
75296  21.188  -15.966  -28.576 0.0000000000
75297  20.919  -16.279  -27.989 0.0000000000
75298  21.389  -16.563  -28.449 0.0000000000
75299  21.704  -17.193  -28.318 0.0000000000
75300  22.034  -16.894  -28.875 0.0000000000
75301  22.832  -17.271  -29.349 0.0000000000
75302  22.419  -16.603  -29.427 0.0000000000
75303  23.068  -15.405  -30.525 0.0000000000
75304  23.427  -16.009  -30.414 0.0000000000
75305  23.972  -15.681  -30.849 0.0000000000
75306  24.984  -15.979  -31.153 0.0000000000
75307  24.590  -15.375  -31.295 0.0000000000
75311  20.289  -11.428  -29.659 0.0000000000
75312  20.132  -11.737  -29.068 0.0000000000
75313  20.373  -11.973  -29.503 0.0000000000
75314  20.457  -12.533  -29.333 0.0000000000
75315  20.696  -12.216  -29.920 0.0000000000
75316  21.664  -10.173  -31.811 0.0000000000
75317  21.262  -10.456  -31.309 0.0000000000
75318  21.685  -10.670  -31.667 0.0000000000
75319  22.469  -12.075  -31.695 0.0000000000
75320  21.840  -11.815  -31.298 0.0000000000
75321  21.963  -12.406  -31.218 0.0000000000
75322  21.542  -12.736  -30.699 0.0000000000
75323  22.128  -12.997  -31.064 0.0000000000
75324  22.342  -13.626  -30.924 0.0000000000
75325  22.844  -13.263  -31.398 0.0000000000
75326  25.368  -13.373  -32.453 0.0000000000
75327  24.598  -13.785  -32.029 0.0000000000
75328  25.662  -14.014  -32.302 0.0000000000
75329  25.980  -14.659  -32.134 0.0000000000
75330  26.758  -14.237  -32.476 0.0000000000
75331  27.842  -14.476  -32.611 0.0000000000
75332  27.500  -13.840  -32.777 0.0000000000
75333  28.616  -12.334  -33.414 0.0000000000
75334  28.962  -12.985  -33.231 0.0000000000
75335  29.653  -12.520  -33.595 0.0000000000
75336  30.528  -12.701  -33.811 0.0000000000
75337  30.220  -12.055  -33.884 0.0000000000
75338  27.505  -9.949  -34.081 0.0000000000
75339  27.762  -10.525  -33.915 0.0000000000
75340  28.521  -10.070  -34.093 0.0000000000
75341  30.783  -9.901  -34.821 0.0000000000
75342  30.237  -10.360  -34.408 0.0000000000
75343  31.064  -10.510  -34.646 0.0000000000
75344  31.253  -11.175  -34.648 0.0000000000
89535  23.079  -1.991  -32.847 0.0000000000
89536  22.903  -2.486  -32.286 0.0000000000
89537  22.999  -2.432  -32.962 0.0000000000
89538  22.955  -3.434  -33.504 0.0000000000
89539  22.651  -3.359  -32.970 0.0000000000
89540  22.574  -3.842  -32.944 0.0000000000
89541  22.257  -4.220  -32.349 0.0000000000
89542  22.486  -4.272  -32.886 0.0000000000
89543  22.340  -4.741  -32.845 0.0000000000
89544  22.775  -4.364  -33.382 0.0000000000
89545  24.177  -4.337  -34.682 0.0000000000
89546  23.539  -4.669  -34.236 0.0000000000
89547  24.034  -4.813  -34.559 0.0000000000
89548  23.950  -5.344  -34.446 0.0000000000
89549  24.611  -4.947  -34.854 0.0000000000
89550  26.144  2.726  -38.324 0.0000000000
89551  26.010  2.011  -37.691 0.0000000000
89552  26.374  2.186  -38.178 0.0000000000
89553  27.284  1.171  -38.015 0.0000000000
89554  26.780  1.007  -37.645 0.0000000000
89555  26.908  0.356  -37.332 0.0000000000
89556  26.429  -0.406  -36.773 0.0000000000
89557  27.049  -0.259  -37.016 0.0000000000
89561  28.537  -1.385  -36.884 0.0000000000
89562  28.398  -0.702  -37.232 0.0000000000
89563  27.912  -1.436  -36.558 0.0000000000
89564  27.230  -1.509  -36.377 0.0000000000
89565  27.266  -2.138  -36.100 0.0000000000
89566  26.419  -2.802  -35.796 0.0000000000
89567  27.227  -2.735  -35.879 0.0000000000
89568  27.863  -3.954  -35.585 0.0000000000
89569  27.095  -3.951  -35.509 0.0000000000
89570  26.967  -4.580  -35.370 0.0000000000
89571  26.073  -5.112  -35.187 0.0000000000
89572  26.885  -5.142  -35.198 0.0000000000
89573  26.745  -5.711  -35.086 0.0000000000
89574  27.686  -5.157  -35.181 0.0000000000
89575  29.849  -4.788  -36.217 0.0000000000
89576  29.232  -5.295  -35.517 0.0000000000
89577  29.859  -5.427  -35.914 0.0000000000
89578  29.875  -6.037  -35.647 0.0000000000
89579  30.326  -5.593  -36.422 0.0000000000
90226  31.021  -16.872  -32.194 0.0000000000
90227  30.397  -17.272  -31.796 0.0000000000
90228  31.360  -17.471  -31.814 0.0000000000
94549  20.277  -12.780  -27.355 0.0000000000
94550  22.602  -7.693  -33.097 0.0000000000
94551  22.577  -8.279  -32.966 0.0000000000
94552  23.127  -7.894  -33.505 0.0000000000
94553  23.699  -8.089  -33.829 0.0000000000
94554  24.408  -8.266  -34.123 0.0000000000
94555  25.215  -8.423  -34.364 0.0000000000
94556  25.111  -7.908  -34.505 0.0000000000
94557  25.834  -7.430  -34.794 0.0000000000
94558  26.502  -6.923  -34.941 0.0000000000
97385  25.532  3.744  -36.215 0.0000000000
97386  25.581  3.434  -35.511 0.0000000000
97387  25.440  2.992  -35.668 0.0000000000
97388  25.224  2.217  -34.949 0.0000000000
97389  24.940  1.592  -34.208 0.0000000000
97390  24.530  0.981  -33.279 0.0000000000
97391  24.729  1.185  -34.290 0.0000000000
97392  24.555  0.740  -34.320 0.0000000000
97393  24.432  0.260  -34.403 0.0000000000
97394  24.251  -0.194  -34.369 0.0000000000
97395  24.726  0.359  -35.137 0.0000000000
97396  25.051  0.424  -35.869 0.0000000000
97397  25.408  0.527  -36.433 0.0000000000
97529  25.774  -17.277  -30.889 0.0000000000
97530  26.150  -17.927  -30.687 0.0000000000
97531  26.796  -17.586  -31.043 0.0000000000
97532  27.963  -17.835  -31.104 0.0000000000
97533  29.117  -18.071  -31.077 0.0000000000
98874  21.329  -6.826  -30.919 0.0000000000
98875  21.361  -6.926  -31.423 0.0000000000
98876  21.534  -6.474  -31.524 0.0000000000
98877  21.834  -6.169  -32.112 0.0000000000
98878  22.102  -5.770  -32.621 0.0000000000
101714  25.923  5.220  -39.400 0.0000000000
101849  31.075  -14.001  -33.566 0.0000000000
101850  31.480  -14.661  -33.386 0.0000000000
101851  31.971  -14.193  -33.769 0.0000000000
101852  32.816  -14.382  -33.936 0.0000000000
105078  20.766  -17.582  -25.878 0.0000000000
105079  20.685  -17.297  -26.358 0.0000000000
105080  20.405  -14.795  -27.793 0.0000000000
105081  20.503  -15.375  -27.709 0.0000000000
105082  20.645  -15.057  -28.239 0.0000000000
105083  21.034  -15.313  -28.665 0.0000000000
105084  21.512  -15.629  -29.093 0.0000000000
105085  22.105  -15.966  -29.494 0.0000000000
105086  21.904  -15.366  -29.601 0.0000000000
105087  22.324  -15.068  -30.133 0.0000000000
105088  22.790  -14.825  -30.599 0.0000000000
105090  20.052  -10.984  -28.722 0.0000000000
105091  20.057  -10.648  -29.248 0.0000000000
105092  20.279  -10.885  -29.712 0.0000000000
105093  20.589  -11.119  -30.172 0.0000000000
105094  22.715  -10.624  -32.488 0.0000000000
105095  22.278  -10.904  -31.983 0.0000000000
105096  22.904  -11.164  -32.350 0.0000000000
105097  23.042  -11.755  -32.222 0.0000000000
105098  23.163  -12.320  -32.067 0.0000000000
105099  23.409  -12.906  -31.897 0.0000000000
105100  24.040  -12.560  -32.380 0.0000000000
105101  25.004  -12.777  -32.603 0.0000000000
105102  26.066  -12.982  -32.769 0.0000000000
105103  27.148  -13.207  -32.882 0.0000000000
105104  26.885  -12.613  -33.114 0.0000000000
105105  27.634  -12.172  -33.335 0.0000000000
105106  28.351  -11.751  -33.634 0.0000000000
105107  28.864  -8.924  -34.372 0.0000000000
105108  29.110  -9.560  -34.261 0.0000000000
105109  29.725  -9.069  -34.586 0.0000000000
105110  30.507  -9.237  -34.893 0.0000000000
105111  31.215  -9.429  -35.333 0.0000000000
113625  23.734  -2.046  -34.144 0.0000000000
113626  23.246  -2.446  -33.620 0.0000000000
113627  23.617  -2.584  -34.145 0.0000000000
113628  23.435  -3.045  -34.053 0.0000000000
113629  23.336  -3.575  -34.006 0.0000000000
113630  23.205  -4.057  -33.951 0.0000000000
113631  23.756  -3.715  -34.442 0.0000000000
113632  24.231  -3.819  -34.788 0.0000000000
113633  24.837  -3.897  -35.100 0.0000000000
113634  26.814  3.041  -39.266 0.0000000000
113635  26.745  2.357  -38.597 0.0000000000
113636  27.113  2.483  -39.004 0.0000000000
113637  27.445  1.880  -38.674 0.0000000000
113638  27.777  1.303  -38.384 0.0000000000
113642  29.080  -1.407  -37.311 0.0000000000
113643  28.628  -2.043  -36.570 0.0000000000
113644  27.981  -2.679  -36.025 0.0000000000
113645  28.658  -2.690  -36.287 0.0000000000
113646  28.688  -3.337  -35.990 0.0000000000
113647  28.594  -3.986  -35.734 0.0000000000
113648  28.569  -4.595  -35.481 0.0000000000
113649  29.278  -4.019  -36.053 0.0000000000
113650  29.822  -4.144  -36.498 0.0000000000
113651  30.245  -4.351  -37.037 0.0000000000
120768  20.615  -15.385  -26.301 0.0000000000
120769  20.338  -14.943  -26.824 0.0000000000
120771  20.370  -14.416  -26.912 0.0000000000
120772  20.333  -14.578  -27.385 0.0000000000
120773  20.321  -14.203  -27.907 0.0000000000
120774  20.462  -13.928  -28.463 0.0000000000
120775  20.654  -13.627  -28.977 0.0000000000
120776  20.816  -9.055  -31.094 0.0000000000
120777  20.834  -9.625  -31.028 0.0000000000
120778  21.182  -9.350  -31.532 0.0000000000
120779  21.603  -9.605  -31.926 0.0000000000
120780  22.072  -9.816  -32.292 0.0000000000
120781  22.558  -8.893  -32.875 0.0000000000
120782  22.607  -9.468  -32.741 0.0000000000
120783  22.613  -10.006  -32.612 0.0000000000
120784  23.360  -10.237  -32.972 0.0000000000
120785  24.158  -10.463  -33.303 0.0000000000
120786  25.019  -10.646  -33.515 0.0000000000
120787  25.922  -10.799  -33.609 0.0000000000
120788  25.739  -10.240  -33.824 0.0000000000
120789  26.528  -9.804  -34.056 0.0000000000
120790  27.257  -9.330  -34.202 0.0000000000
120791  26.115  -8.577  -34.420 0.0000000000
120792  27.064  -8.691  -34.366 0.0000000000
120793  27.988  -8.804  -34.335 0.0000000000
120794  28.635  -8.325  -34.516 0.0000000000
120795  29.359  -7.769  -34.773 0.0000000000
120796  29.963  -7.307  -35.210 0.0000000000
127396  25.633  3.079  -34.631 0.0000000000
127413  23.182  -1.630  -32.189 0.0000000000
127414  23.303  -1.551  -32.891 0.0000000000
127415  23.540  -1.545  -33.563 0.0000000000
127416  24.106  -0.649  -34.330 0.0000000000
127417  24.008  -1.132  -34.259 0.0000000000
127418  23.854  -1.582  -34.170 0.0000000000
127419  24.281  -1.644  -34.754 0.0000000000
127420  24.738  -1.689  -35.291 0.0000000000
127421  25.235  -1.710  -35.731 0.0000000000
127727  23.534  -18.574  -29.123 0.0000000000
127729  24.492  -18.975  -29.486 0.0000000000
127732  26.686  -18.567  -30.442 0.0000000000
130644  20.155  -9.459  -29.395 0.0000000000
130645  20.311  -9.082  -30.008 0.0000000000
130653  20.410  -8.573  -30.055 0.0000000000
130654  20.546  -8.791  -30.605 0.0000000000
130655  20.892  -8.529  -31.122 0.0000000000
130656  21.246  -8.199  -31.679 0.0000000000
130657  21.674  -7.885  -32.185 0.0000000000
130658  21.528  -7.099  -31.933 0.0000000000
130659  21.785  -7.312  -32.340 0.0000000000
130660  22.150  -7.501  -32.709 0.0000000000
130661  22.673  -7.124  -33.223 0.0000000000
130662  23.206  -6.755  -33.741 0.0000000000
130663  23.737  -6.374  -34.161 0.0000000000
136644  25.593  5.239  -37.200 0.0000000000
136645  25.545  4.562  -36.749 0.0000000000
136646  25.513  4.018  -36.906 0.0000000000
136647  25.494  3.547  -37.123 0.0000000000
136648  25.575  2.990  -37.284 0.0000000000
136649  25.652  2.462  -37.308 0.0000000000
136650  25.733  3.156  -37.890 0.0000000000
136651  25.931  3.282  -38.396 0.0000000000
136652  26.184  3.435  -38.874 0.0000000000
136653  26.022  4.643  -39.474 0.0000000000
136654  26.233  4.120  -39.473 0.0000000000
136655  26.467  3.585  -39.364 0.0000000000
136656  26.810  3.693  -39.921 0.0000000000
136657  27.172  3.681  -40.454 0.0000000000
136934  28.571  -15.750  -32.252 0.0000000000
136935  29.045  -16.405  -32.058 0.0000000000
136936  29.590  -15.979  -32.345 0.0000000000
136937  30.681  -16.225  -32.515 0.0000000000
136938  31.564  -16.427  -32.598 0.0000000000
136939  31.804  -15.348  -33.247 0.0000000000
136940  32.134  -15.977  -32.942 0.0000000000
136941  32.442  -16.615  -32.616 0.0000000000
143545  22.402  -18.482  -28.134 0.0000000000
143547  20.551  -16.718  -26.454 0.0000000000
143548  20.680  -16.974  -26.916 0.0000000000
143549  20.588  -16.005  -27.540 0.0000000000
143550  20.739  -16.604  -27.447 0.0000000000
143551  20.961  -17.226  -27.314 0.0000000000
143552  21.448  -17.513  -27.768 0.0000000000
143553  22.015  -17.822  -28.209 0.0000000000
143554  22.733  -18.195  -28.685 0.0000000000
143555  23.160  -17.903  -29.229 0.0000000000
143556  23.626  -17.642  -29.785 0.0000000000
143557  24.162  -17.290  -30.192 0.0000000000
143558  22.914  -16.307  -29.932 0.0000000000
143559  23.781  -16.635  -30.305 0.0000000000
143560  24.684  -16.950  -30.636 0.0000000000
143561  25.411  -16.618  -31.054 0.0000000000
143562  26.067  -16.256  -31.433 0.0000000000
143563  26.734  -15.899  -31.767 0.0000000000
143566  20.055  -12.401  -27.895 0.0000000000
143567  19.983  -11.523  -28.633 0.0000000000
143568  20.008  -12.076  -28.448 0.0000000000
143569  20.074  -12.594  -28.290 0.0000000000
143570  20.219  -12.795  -28.708 0.0000000000
143571  20.544  -13.077  -29.185 0.0000000000
143572  20.899  -13.337  -29.579 0.0000000000
143573  20.873  -10.239  -30.917 0.0000000000
143574  20.857  -10.763  -30.746 0.0000000000
143575  20.938  -11.349  -30.595 0.0000000000
143576  21.776  -11.298  -31.479 0.0000000000
143577  21.328  -11.559  -30.956 0.0000000000
143578  20.992  -11.898  -30.418 0.0000000000
143579  21.087  -12.468  -30.314 0.0000000000
143580  21.193  -13.035  -30.154 0.0000000000
143581  21.321  -13.617  -29.985 0.0000000000
143582  21.839  -13.923  -30.389 0.0000000000
143583  22.554  -14.225  -30.770 0.0000000000
143584  23.388  -14.495  -31.114 0.0000000000
143585  23.690  -13.532  -31.761 0.0000000000
143586  24.005  -14.167  -31.625 0.0000000000
143587  24.306  -14.783  -31.481 0.0000000000
143588  25.320  -15.014  -31.764 0.0000000000
143589  26.422  -15.259  -31.969 0.0000000000
143590  27.497  -15.514  -32.158 0.0000000000
143591  28.296  -15.108  -32.430 0.0000000000
143592  28.973  -14.672  -32.675 0.0000000000
143593  29.571  -14.243  -32.998 0.0000000000
143594  28.216  -13.422  -33.072 0.0000000000
143595  29.248  -13.616  -33.191 0.0000000000
143596  30.170  -13.821  -33.376 0.0000000000
143597  30.750  -13.344  -33.720 0.0000000000
143598  31.317  -12.885  -34.037 0.0000000000
143599  31.918  -12.434  -34.366 0.0000000000
143600  26.924  -10.968  -33.675 0.0000000000
143601  28.027  -11.140  -33.701 0.0000000000
143602  29.089  -11.293  -33.814 0.0000000000
143603  29.406  -10.211  -34.226 0.0000000000
143604  29.762  -10.846  -34.072 0.0000000000
143605  30.044  -11.468  -34.043 0.0000000000
143606  30.826  -11.648  -34.295 0.0000000000
143607  31.478  -11.828  -34.560 0.0000000000
160691  22.207  -5.308  -31.367 0.0000000000
160693  22.878  -3.049  -31.717 0.0000000000
160695  22.847  -2.915  -32.972 0.0000000000
160696  22.583  -3.356  -32.345 0.0000000000
160698  22.339  -4.278  -31.828 0.0000000000
160699  22.155  -4.711  -31.812 0.0000000000
160700  21.960  -5.213  -31.762 0.0000000000
160701  22.013  -5.193  -32.242 0.0000000000
160702  22.195  -5.240  -32.720 0.0000000000
160703  22.484  -5.355  -33.184 0.0000000000
160704  23.111  -4.496  -33.831 0.0000000000
160705  23.004  -4.995  -33.728 0.0000000000
160706  22.884  -5.517  -33.627 0.0000000000
160707  23.333  -5.673  -33.973 0.0000000000
160708  23.843  -5.833  -34.282 0.0000000000
160709  24.462  -6.000  -34.613 0.0000000000
160710  25.719  1.851  -37.166 0.0000000000
160711  25.766  1.257  -37.068 0.0000000000
160712  25.797  0.666  -36.895 0.0000000000
160713  26.595  1.587  -37.887 0.0000000000
160714  26.234  0.844  -37.298 0.0000000000
160715  25.869  0.089  -36.674 0.0000000000
160716  25.856  -0.523  -36.446 0.0000000000
160717  25.861  -1.128  -36.193 0.0000000000
160718  25.842  -1.688  -36.034 0.0000000000
160719  28.335  1.841  -39.582 0.0000000000
160720  28.241  1.278  -38.796 0.0000000000
160721  28.059  0.620  -38.004 0.0000000000
160722  28.783  -0.057  -38.024 0.0000000000
160723  28.270  -0.026  -37.572 0.0000000000
160724  27.645  -0.112  -37.237 0.0000000000
160725  27.199  -0.880  -36.650 0.0000000000
160726  26.544  -1.601  -36.215 0.0000000000
160727  25.809  -2.276  -35.814 0.0000000000
160728  25.710  -2.829  -35.657 0.0000000000
160729  25.569  -3.403  -35.520 0.0000000000
160730  25.519  -3.951  -35.333 0.0000000000
160731  27.189  -3.371  -35.716 0.0000000000
160732  26.309  -4.002  -35.495 0.0000000000
160733  25.459  -4.515  -35.187 0.0000000000
160734  25.297  -5.059  -35.113 0.0000000000
160735  25.233  -5.609  -34.982 0.0000000000
160736  25.137  -6.131  -34.868 0.0000000000
160737  25.871  -6.243  -35.010 0.0000000000
160738  26.627  -6.323  -35.017 0.0000000000
160739  27.465  -6.372  -34.947 0.0000000000
160740  28.492  -5.201  -35.248 0.0000000000
160741  28.450  -5.811  -35.067 0.0000000000
160742  28.317  -6.436  -34.951 0.0000000000
160743  29.160  -6.517  -35.058 0.0000000000
160744  29.927  -6.667  -35.418 0.0000000000
160745  30.502  -6.902  -35.900 0.0000000000
161521  29.313  -17.064  -31.785 0.0000000000
161522  29.781  -17.709  -31.470 0.0000000000
