#!ascii label  , from subject studyTemplate vox2ras=TkReg
389
266  10.978  67.253  -3.518 0.0000000000
267  12.354  60.915  -14.071 0.0000000000
1158  7.410  65.315  -8.004 0.0000000000
1632  10.791  65.938  -9.081 0.0000000000
1633  6.715  64.125  -14.022 0.0000000000
1635  10.260  61.818  -18.309 0.0000000000
3679  13.745  63.402  -8.731 0.0000000000
3680  10.815  63.023  -11.035 0.0000000000
3681  8.117  65.408  -11.509 0.0000000000
3682  9.122  62.552  -13.764 0.0000000000
3683  8.244  62.388  -16.427 0.0000000000
3684  11.401  62.305  -16.243 0.0000000000
5954  14.848  62.897  -15.499 0.0000000000
6692  8.650  67.083  -5.630 0.0000000000
6693  8.987  66.505  -2.647 0.0000000000
6694  8.128  64.266  -4.591 0.0000000000
7645  13.767  66.069  -4.570 0.0000000000
7647  13.994  65.840  -6.986 0.0000000000
7648  10.882  67.193  -6.737 0.0000000000
7649  8.057  67.102  -9.030 0.0000000000
7650  6.393  65.316  -11.190 0.0000000000
7651  6.150  62.542  -13.150 0.0000000000
7653  6.335  62.276  -16.071 0.0000000000
7654  7.515  61.089  -18.601 0.0000000000
7656  13.430  62.064  -17.291 0.0000000000
11359  12.303  61.474  -10.979 0.0000000000
11360  11.338  61.537  -12.398 0.0000000000
11361  9.820  62.792  -12.352 0.0000000000
11362  10.663  61.578  -13.950 0.0000000000
11363  10.222  61.933  -15.158 0.0000000000
11364  11.875  61.673  -15.226 0.0000000000
12593  12.104  67.122  -2.515 0.0000000000
12595  10.835  67.322  -2.021 0.0000000000
14993  7.896  66.407  -6.723 0.0000000000
14994  8.261  65.970  -5.060 0.0000000000
14995  8.014  64.859  -6.203 0.0000000000
16791  15.091  65.609  -3.362 0.0000000000
16792  15.276  65.473  -4.729 0.0000000000
16796  12.380  64.833  -8.947 0.0000000000
16797  14.042  65.001  -8.041 0.0000000000
16798  12.466  65.993  -8.062 0.0000000000
16799  12.387  66.594  -7.004 0.0000000000
16800  10.813  66.826  -8.000 0.0000000000
16801  9.386  67.346  -7.756 0.0000000000
16802  9.279  66.769  -9.188 0.0000000000
16803  7.325  64.770  -12.704 0.0000000000
16804  7.006  65.784  -11.510 0.0000000000
16805  6.483  64.789  -12.621 0.0000000000
16806  6.173  63.931  -12.135 0.0000000000
16807  6.146  63.745  -13.782 0.0000000000
16808  6.094  62.608  -14.598 0.0000000000
16809  6.397  63.326  -15.114 0.0000000000
16810  9.306  62.016  -17.526 0.0000000000
16811  7.847  61.876  -17.573 0.0000000000
16812  8.816  61.456  -18.504 0.0000000000
16813  8.340  60.647  -19.507 0.0000000000
16814  9.694  61.049  -19.280 0.0000000000
16815  15.954  62.829  -15.856 0.0000000000
16816  14.220  62.886  -16.440 0.0000000000
20506  8.502  65.135  -2.408 0.0000000000
25055  12.182  63.148  -9.806 0.0000000000
25056  10.768  64.643  -9.997 0.0000000000
25057  9.315  65.773  -10.313 0.0000000000
25058  9.449  64.376  -11.236 0.0000000000
25059  8.515  64.029  -12.505 0.0000000000
25060  7.782  63.603  -13.913 0.0000000000
25061  7.342  63.230  -15.158 0.0000000000
25062  8.623  62.562  -15.112 0.0000000000
25063  9.818  62.182  -16.411 0.0000000000
25064  10.791  62.411  -17.300 0.0000000000
29252  13.710  61.776  -14.996 0.0000000000
29253  15.494  62.099  -14.506 0.0000000000
29254  16.669  62.987  -14.969 0.0000000000
30974  9.744  67.334  -4.601 0.0000000000
30975  9.838  67.181  -2.991 0.0000000000
30976  8.886  66.800  -3.980 0.0000000000
30977  8.333  65.579  -3.606 0.0000000000
30978  8.138  63.841  -3.339 0.0000000000
33366  13.566  66.332  -2.997 0.0000000000
33367  12.336  66.759  -4.155 0.0000000000
33372  15.519  64.950  -6.916 0.0000000000
33373  15.341  65.441  -5.763 0.0000000000
33374  13.810  65.976  -5.898 0.0000000000
33375  12.346  66.625  -5.759 0.0000000000
33376  10.942  67.179  -5.287 0.0000000000
33377  9.602  67.470  -6.240 0.0000000000
33378  8.361  67.276  -7.297 0.0000000000
33379  7.393  66.602  -8.500 0.0000000000
33380  7.929  66.471  -10.400 0.0000000000
33381  6.993  66.408  -10.138 0.0000000000
33382  6.717  65.491  -9.666 0.0000000000
33383  6.383  64.035  -10.657 0.0000000000
33390  6.977  62.603  -16.404 0.0000000000
33391  6.802  61.663  -17.406 0.0000000000
33396  13.068  62.532  -15.957 0.0000000000
33397  12.417  62.750  -16.936 0.0000000000
33398  11.769  62.063  -17.930 0.0000000000
33401  11.157  61.122  -18.984 0.0000000000
37917  9.880  67.054  -1.731 0.0000000000
42078  12.671  60.648  -13.275 0.0000000000
42079  12.159  60.923  -12.472 0.0000000000
42080  11.778  61.058  -13.242 0.0000000000
42081  10.955  61.542  -13.116 0.0000000000
42082  11.476  61.201  -14.022 0.0000000000
42083  11.236  61.486  -14.631 0.0000000000
42084  12.115  61.333  -14.674 0.0000000000
43313  11.561  67.156  -3.014 0.0000000000
43314  11.414  67.277  -2.216 0.0000000000
43315  10.914  67.297  -2.715 0.0000000000
45713  7.635  65.902  -7.379 0.0000000000
45714  7.924  65.689  -6.469 0.0000000000
45715  7.765  65.099  -7.096 0.0000000000
47516  11.608  65.414  -8.991 0.0000000000
47517  12.449  65.468  -8.526 0.0000000000
47518  11.631  65.973  -8.539 0.0000000000
47519  11.625  66.446  -8.042 0.0000000000
47520  10.801  66.436  -8.564 0.0000000000
47521  10.016  66.830  -8.603 0.0000000000
47522  10.011  66.402  -9.165 0.0000000000
47523  6.999  64.450  -13.342 0.0000000000
47524  6.841  64.891  -12.720 0.0000000000
47525  6.601  64.448  -13.326 0.0000000000
47526  6.322  64.248  -13.194 0.0000000000
47527  6.349  64.059  -14.017 0.0000000000
47528  6.259  63.554  -14.458 0.0000000000
47529  6.551  63.732  -14.580 0.0000000000
47530  9.790  61.950  -17.932 0.0000000000
47531  9.059  61.764  -18.036 0.0000000000
47532  9.526  61.636  -18.419 0.0000000000
47533  9.252  61.273  -18.907 0.0000000000
47534  9.980  61.443  -18.790 0.0000000000
47536  15.561  62.423  -16.235 0.0000000000
57116  11.566  62.248  -11.001 0.0000000000
57117  12.180  62.282  -10.361 0.0000000000
57118  11.483  63.089  -10.406 0.0000000000
57119  11.511  63.933  -9.888 0.0000000000
57120  10.767  63.856  -10.498 0.0000000000
57121  10.073  64.518  -10.639 0.0000000000
57122  10.115  63.776  -11.114 0.0000000000
57123  9.455  62.664  -13.048 0.0000000000
57124  9.155  63.418  -12.374 0.0000000000
57125  8.780  63.263  -13.080 0.0000000000
57126  8.139  63.825  -13.192 0.0000000000
57127  8.428  63.121  -13.799 0.0000000000
57128  8.163  63.048  -14.467 0.0000000000
57129  8.877  62.573  -14.460 0.0000000000
57130  10.825  62.013  -15.757 0.0000000000
57131  10.028  62.094  -15.783 0.0000000000
57132  10.577  62.201  -16.324 0.0000000000
57133  10.335  62.320  -16.923 0.0000000000
57134  11.118  62.503  -16.778 0.0000000000
64328  14.894  61.395  -14.240 0.0000000000
64331  16.994  62.745  -14.483 0.0000000000
68018  9.151  67.279  -5.084 0.0000000000
68019  9.255  67.162  -4.247 0.0000000000
68020  8.743  66.963  -4.777 0.0000000000
68021  8.194  65.156  -4.824 0.0000000000
68022  8.337  65.725  -4.297 0.0000000000
68023  8.206  64.926  -4.098 0.0000000000
68024  8.233  64.787  -3.461 0.0000000000
68025  8.130  64.054  -3.908 0.0000000000
73413  14.433  65.831  -3.978 0.0000000000
73414  14.319  65.948  -3.193 0.0000000000
73415  13.674  66.176  -3.787 0.0000000000
73416  12.960  66.551  -3.549 0.0000000000
73417  13.045  66.415  -4.392 0.0000000000
73429  14.074  65.540  -7.539 0.0000000000
73430  14.827  65.030  -7.535 0.0000000000
73431  14.770  65.423  -6.958 0.0000000000
73432  15.448  65.285  -6.329 0.0000000000
73433  14.671  65.637  -6.389 0.0000000000
73434  14.573  65.694  -5.863 0.0000000000
73435  13.900  65.976  -6.447 0.0000000000
73436  11.623  66.922  -6.907 0.0000000000
73437  12.369  66.644  -6.442 0.0000000000
73438  11.627  66.965  -6.268 0.0000000000
73439  11.623  66.914  -5.542 0.0000000000
73440  10.927  67.207  -6.025 0.0000000000
73441  10.276  67.357  -5.758 0.0000000000
73442  10.196  67.380  -6.503 0.0000000000
73443  8.710  67.251  -8.372 0.0000000000
73444  8.800  67.433  -7.564 0.0000000000
73445  8.208  67.226  -8.163 0.0000000000
73446  7.831  67.011  -7.881 0.0000000000
73447  7.636  66.983  -8.749 0.0000000000
73448  8.680  65.622  -10.926 0.0000000000
73449  8.597  66.193  -10.382 0.0000000000
73450  7.985  66.023  -10.977 0.0000000000
73451  6.628  65.642  -11.399 0.0000000000
73452  6.970  66.119  -10.856 0.0000000000
73453  6.654  65.891  -10.678 0.0000000000
73454  6.783  66.059  -9.914 0.0000000000
73455  6.485  65.486  -10.460 0.0000000000
73456  6.482  64.796  -10.176 0.0000000000
73457  6.311  64.762  -10.929 0.0000000000
73458  6.126  63.269  -12.624 0.0000000000
73459  6.221  63.242  -11.853 0.0000000000
73460  6.242  62.496  -12.341 0.0000000000
73464  6.196  61.924  -13.483 0.0000000000
73465  6.182  62.512  -15.346 0.0000000000
73466  6.147  62.015  -15.025 0.0000000000
73467  6.238  61.876  -15.792 0.0000000000
73469  6.337  61.699  -16.560 0.0000000000
73470  7.741  62.766  -15.793 0.0000000000
73471  7.145  62.960  -15.822 0.0000000000
73472  7.560  62.525  -16.426 0.0000000000
73473  7.686  61.502  -18.105 0.0000000000
73474  7.242  61.808  -17.555 0.0000000000
73475  7.160  61.349  -18.031 0.0000000000
73485  14.265  62.427  -15.266 0.0000000000
73486  13.370  62.230  -15.487 0.0000000000
73487  13.975  62.731  -15.743 0.0000000000
73488  13.818  62.590  -16.893 0.0000000000
73489  13.298  62.833  -16.704 0.0000000000
73490  12.941  62.612  -17.182 0.0000000000
73491  12.086  62.555  -17.440 0.0000000000
73492  12.585  62.096  -17.631 0.0000000000
84556  9.373  66.919  -2.805 0.0000000000
84557  9.843  67.118  -2.341 0.0000000000
84558  9.400  66.811  -2.181 0.0000000000
94174  12.547  60.794  -11.689 0.0000000000
94175  11.788  61.498  -11.684 0.0000000000
94176  11.019  62.234  -11.654 0.0000000000
94177  10.284  62.941  -11.680 0.0000000000
94178  10.565  62.160  -12.343 0.0000000000
94179  10.178  62.082  -13.087 0.0000000000
94180  9.894  62.033  -13.873 0.0000000000
94181  9.657  62.138  -14.499 0.0000000000
94182  10.451  61.783  -14.562 0.0000000000
94183  11.031  61.757  -15.205 0.0000000000
94184  11.665  62.034  -15.753 0.0000000000
96399  10.798  67.394  -1.411 0.0000000000
100715  8.186  66.844  -6.160 0.0000000000
100716  8.377  66.623  -5.332 0.0000000000
100717  8.105  66.208  -5.869 0.0000000000
100718  8.112  65.430  -5.620 0.0000000000
100719  8.137  64.553  -5.370 0.0000000000
103953  15.201  65.525  -4.101 0.0000000000
103954  14.499  65.752  -4.688 0.0000000000
103960  13.102  64.150  -8.867 0.0000000000
103961  13.936  64.283  -8.418 0.0000000000
103962  13.221  64.918  -8.496 0.0000000000
103963  13.301  65.527  -8.068 0.0000000000
103964  13.240  65.988  -7.548 0.0000000000
103965  13.166  66.234  -7.025 0.0000000000
103966  12.395  66.410  -7.542 0.0000000000
103967  11.612  66.810  -7.487 0.0000000000
103968  10.829  67.098  -7.386 0.0000000000
103969  10.117  67.310  -7.225 0.0000000000
103970  10.066  67.126  -7.910 0.0000000000
103971  9.311  67.114  -8.504 0.0000000000
103972  8.615  67.017  -9.129 0.0000000000
103973  7.672  65.136  -12.125 0.0000000000
103974  7.516  65.713  -11.545 0.0000000000
103975  7.145  65.295  -12.140 0.0000000000
103976  6.725  65.262  -12.049 0.0000000000
103977  6.415  65.040  -11.880 0.0000000000
103978  6.224  64.632  -11.660 0.0000000000
103979  6.269  64.456  -12.413 0.0000000000
103980  6.163  63.860  -12.945 0.0000000000
103981  6.103  63.216  -13.491 0.0000000000
103982  6.074  62.643  -13.874 0.0000000000
103983  6.093  63.199  -14.213 0.0000000000
103984  6.181  63.057  -14.907 0.0000000000
103985  6.349  62.808  -15.588 0.0000000000
103986  8.785  62.140  -17.048 0.0000000000
103987  8.038  62.187  -17.041 0.0000000000
103988  8.553  61.930  -17.566 0.0000000000
103989  8.325  61.632  -18.075 0.0000000000
103990  8.141  61.274  -18.571 0.0000000000
103991  7.927  60.859  -19.072 0.0000000000
103992  8.577  61.073  -18.999 0.0000000000
103993  9.000  60.863  -19.412 0.0000000000
103995  15.429  63.179  -15.721 0.0000000000
103996  14.579  63.114  -15.972 0.0000000000
103997  15.072  62.898  -16.152 0.0000000000
103998  14.690  62.533  -16.568 0.0000000000
103999  14.284  61.960  -16.940 0.0000000000
110638  8.731  65.925  -2.524 0.0000000000
110639  9.095  66.339  -2.056 0.0000000000
117374  7.230  64.614  -8.608 0.0000000000
119898  13.537  62.434  -9.098 0.0000000000
119899  12.824  61.479  -10.272 0.0000000000
119900  12.805  62.339  -9.712 0.0000000000
119901  12.928  63.257  -9.236 0.0000000000
119902  12.282  64.028  -9.332 0.0000000000
119903  11.542  64.725  -9.412 0.0000000000
119904  10.768  65.350  -9.547 0.0000000000
119905  9.991  65.900  -9.707 0.0000000000
119906  10.037  65.252  -10.197 0.0000000000
119907  9.376  65.103  -10.799 0.0000000000
119908  8.773  64.936  -11.400 0.0000000000
119909  9.590  63.599  -11.745 0.0000000000
119910  8.936  64.205  -11.847 0.0000000000
119911  8.301  64.751  -11.980 0.0000000000
119912  7.896  64.480  -12.624 0.0000000000
119913  7.528  64.232  -13.282 0.0000000000
119914  7.200  63.955  -14.000 0.0000000000
119915  6.974  63.716  -14.592 0.0000000000
119916  7.550  63.465  -14.548 0.0000000000
119917  7.951  62.930  -15.122 0.0000000000
119918  8.445  62.500  -15.804 0.0000000000
119919  9.420  62.175  -15.146 0.0000000000
119920  9.241  62.265  -15.805 0.0000000000
119921  9.007  62.253  -16.440 0.0000000000
119922  9.562  62.188  -17.019 0.0000000000
119923  10.050  62.170  -17.435 0.0000000000
119924  10.513  62.183  -17.799 0.0000000000
129865  13.297  60.735  -14.045 0.0000000000
129866  13.053  61.267  -14.599 0.0000000000
129867  13.978  61.296  -14.448 0.0000000000
129868  14.593  61.943  -14.784 0.0000000000
129869  15.165  62.611  -15.010 0.0000000000
129870  16.402  62.176  -14.228 0.0000000000
129871  16.080  62.755  -14.724 0.0000000000
129872  15.747  63.008  -15.223 0.0000000000
129873  16.339  63.157  -15.455 0.0000000000
134540  10.370  67.311  -4.052 0.0000000000
134541  10.367  67.293  -3.226 0.0000000000
134542  9.795  67.289  -3.733 0.0000000000
134543  9.336  67.070  -3.458 0.0000000000
134544  8.942  66.658  -3.282 0.0000000000
134545  8.518  66.436  -4.529 0.0000000000
134546  8.586  66.253  -3.780 0.0000000000
134547  8.642  66.099  -3.131 0.0000000000
134548  8.415  65.361  -2.994 0.0000000000
134549  8.264  64.493  -2.864 0.0000000000
141251  12.813  66.740  -2.749 0.0000000000
141252  12.244  66.894  -3.288 0.0000000000
141253  11.635  67.065  -3.845 0.0000000000
141266  14.730  64.371  -7.935 0.0000000000
141267  15.555  64.439  -7.421 0.0000000000
141272  15.314  65.476  -5.262 0.0000000000
141273  14.546  65.710  -5.305 0.0000000000
141274  13.790  65.998  -5.298 0.0000000000
141275  13.120  66.321  -6.478 0.0000000000
141276  13.079  66.306  -5.876 0.0000000000
141277  13.090  66.336  -5.208 0.0000000000
141278  12.363  66.665  -5.007 0.0000000000
141279  11.669  66.966  -4.721 0.0000000000
141280  10.996  67.193  -4.393 0.0000000000
141281  10.326  67.332  -4.983 0.0000000000
141282  9.679  67.392  -5.448 0.0000000000
141283  9.078  67.356  -5.926 0.0000000000
141284  9.508  67.449  -6.998 0.0000000000
141285  8.982  67.434  -6.739 0.0000000000
141286  8.528  67.217  -6.469 0.0000000000
141287  8.041  66.930  -6.999 0.0000000000
141288  7.604  66.558  -7.624 0.0000000000
141289  7.323  66.030  -8.257 0.0000000000
141290  9.242  66.351  -9.786 0.0000000000
141291  8.560  66.674  -9.812 0.0000000000
141292  7.953  66.825  -9.741 0.0000000000
141293  7.420  66.172  -10.963 0.0000000000
141294  7.381  66.559  -10.341 0.0000000000
141295  7.480  66.808  -9.575 0.0000000000
141296  7.160  66.593  -9.337 0.0000000000
141297  6.986  66.144  -9.073 0.0000000000
141298  7.030  65.445  -8.852 0.0000000000
141299  6.796  64.750  -9.407 0.0000000000
141300  6.656  63.998  -9.924 0.0000000000
141302  6.195  64.009  -11.385 0.0000000000
141303  6.380  63.215  -11.126 0.0000000000
141312  6.142  62.010  -14.221 0.0000000000
141318  6.785  63.401  -15.181 0.0000000000
141319  6.671  62.964  -15.752 0.0000000000
141320  6.563  62.506  -16.268 0.0000000000
141321  7.365  62.214  -17.008 0.0000000000
141322  6.874  62.147  -16.902 0.0000000000
141323  6.545  61.980  -16.751 0.0000000000
141324  6.518  61.424  -17.251 0.0000000000
141336  12.782  61.682  -15.170 0.0000000000
141337  12.502  62.064  -15.661 0.0000000000
141338  12.219  62.405  -16.127 0.0000000000
141339  13.702  62.992  -16.206 0.0000000000
141340  12.725  62.829  -16.429 0.0000000000
141341  11.915  62.688  -16.618 0.0000000000
141342  11.594  62.617  -17.133 0.0000000000
141343  11.271  62.405  -17.637 0.0000000000
141344  10.993  61.995  -18.130 0.0000000000
141347  13.841  61.348  -17.303 0.0000000000
141350  13.032  61.491  -17.714 0.0000000000
141351  12.225  61.546  -18.114 0.0000000000
141352  11.455  61.574  -18.420 0.0000000000
141353  10.714  61.548  -18.634 0.0000000000
141354  10.419  61.152  -19.129 0.0000000000
154713  10.335  67.269  -2.490 0.0000000000
154714  10.324  67.252  -1.876 0.0000000000
154715  10.373  67.280  -1.276 0.0000000000
