#!ascii label  , from subject studyTemplate vox2ras=TkReg
1830
129  7.612  -49.534  8.810 0.0000000000
205  15.157  -39.497  -1.733 0.0000000000
291  5.401  -53.120  13.517 0.0000000000
542  12.216  -43.211  33.111 0.0000000000
543  4.429  -46.956  31.183 0.0000000000
545  8.300  -36.016  28.756 0.0000000000
546  8.810  -45.287  23.494 0.0000000000
549  9.817  -45.992  5.459 0.0000000000
683  15.592  -45.485  1.332 0.0000000000
684  18.240  -44.505  -1.146 0.0000000000
1197  7.794  -39.936  33.580 0.0000000000
1198  8.605  -45.016  31.547 0.0000000000
1199  5.147  -40.941  31.687 0.0000000000
1206  9.209  -41.022  26.680 0.0000000000
1234  13.462  -53.006  7.781 0.0000000000
1235  14.906  -50.167  6.573 0.0000000000
1236  8.827  -47.825  7.085 0.0000000000
1677  6.336  -51.505  10.687 0.0000000000
2270  8.170  -49.930  29.040 0.0000000000
2271  5.202  -50.950  26.246 0.0000000000
2277  4.340  -35.784  30.048 0.0000000000
2278  4.547  -40.799  28.064 0.0000000000
2279  5.046  -46.008  26.246 0.0000000000
2280  4.507  -48.600  21.724 0.0000000000
2281  6.271  -47.551  18.982 0.0000000000
2282  8.565  -47.673  16.707 0.0000000000
2289  10.958  -43.997  4.080 0.0000000000
2317  15.744  -47.802  4.069 0.0000000000
2603  12.849  -43.255  1.612 0.0000000000
2604  14.004  -43.005  0.333 0.0000000000
3117  6.668  -38.294  33.965 0.0000000000
3118  6.679  -40.384  32.453 0.0000000000
3119  5.531  -38.354  32.656 0.0000000000
3152  9.031  -51.873  8.719 0.0000000000
3153  12.530  -53.524  8.902 0.0000000000
3154  10.025  -51.308  7.816 0.0000000000
3155  10.871  -50.516  7.031 0.0000000000
3156  8.270  -48.651  7.916 0.0000000000
3491  15.846  -41.966  -2.041 0.0000000000
3492  19.269  -43.776  -2.609 0.0000000000
3493  16.720  -41.293  -3.225 0.0000000000
3756  5.710  -52.512  11.870 0.0000000000
5034  12.376  -45.833  31.739 0.0000000000
5035  6.414  -46.118  31.468 0.0000000000
5036  8.171  -47.803  31.012 0.0000000000
5037  5.939  -48.997  30.663 0.0000000000
5038  6.477  -50.754  27.957 0.0000000000
5039  4.332  -49.766  29.418 0.0000000000
5053  7.223  -33.170  29.366 0.0000000000
5054  4.837  -33.068  29.660 0.0000000000
5055  5.538  -35.647  28.586 0.0000000000
5056  4.244  -38.179  28.823 0.0000000000
5057  6.315  -38.248  27.935 0.0000000000
5058  9.110  -43.245  25.242 0.0000000000
5059  7.140  -43.100  26.115 0.0000000000
5060  6.809  -45.178  24.615 0.0000000000
5061  4.594  -47.560  24.193 0.0000000000
5062  6.174  -46.685  22.566 0.0000000000
5063  5.078  -47.656  20.194 0.0000000000
5064  7.884  -46.793  21.533 0.0000000000
5068  9.126  -47.252  15.501 0.0000000000
5147  12.070  -48.482  5.458 0.0000000000
5148  15.410  -48.827  5.479 0.0000000000
5149  12.473  -47.215  4.537 0.0000000000
5150  12.789  -46.025  3.469 0.0000000000
5151  10.344  -45.024  4.710 0.0000000000
5837  18.741  -46.995  1.607 0.0000000000
5838  20.282  -46.445  0.176 0.0000000000
5839  17.027  -45.089  0.117 0.0000000000
5840  14.957  -42.575  -0.906 0.0000000000
5841  14.596  -40.157  -0.531 0.0000000000
5997  5.592  -53.579  15.214 0.0000000000
6763  9.988  -41.499  33.250 0.0000000000
6764  10.586  -44.004  32.009 0.0000000000
6765  8.603  -42.240  32.252 0.0000000000
6766  6.774  -43.167  31.787 0.0000000000
6767  4.909  -43.902  31.522 0.0000000000
6778  8.900  -38.599  27.877 0.0000000000
6832  14.220  -51.687  7.147 0.0000000000
6833  11.570  -49.551  6.273 0.0000000000
6834  9.350  -46.942  6.284 0.0000000000
7755  6.948  -50.528  9.659 0.0000000000
9370  10.385  -46.730  31.124 0.0000000000
9371  10.095  -49.172  29.859 0.0000000000
9374  7.848  -51.796  24.997 0.0000000000
9375  7.127  -51.404  23.392 0.0000000000
9392  4.796  -33.381  31.926 0.0000000000
9393  4.956  -36.124  32.351 0.0000000000
9394  4.224  -38.467  31.022 0.0000000000
9395  3.989  -41.178  30.233 0.0000000000
9396  3.951  -44.007  29.810 0.0000000000
9397  6.905  -40.770  27.156 0.0000000000
9398  4.904  -43.450  27.458 0.0000000000
9399  4.136  -46.851  28.927 0.0000000000
9400  4.042  -49.094  26.674 0.0000000000
9401  4.554  -50.093  23.963 0.0000000000
9402  6.601  -50.750  21.344 0.0000000000
9403  6.262  -50.140  19.515 0.0000000000
9404  6.008  -49.657  17.802 0.0000000000
9405  5.917  -49.360  16.254 0.0000000000
9406  8.931  -46.675  20.315 0.0000000000
9407  7.533  -47.693  17.885 0.0000000000
9408  6.239  -49.124  14.992 0.0000000000
9409  6.912  -48.846  13.827 0.0000000000
9410  7.680  -48.490  12.750 0.0000000000
9411  8.385  -47.956  11.725 0.0000000000
9420  8.968  -47.311  10.660 0.0000000000
9421  9.491  -46.629  9.715 0.0000000000
9429  11.793  -42.964  3.582 0.0000000000
9507  18.474  -50.032  6.291 0.0000000000
9508  18.788  -48.877  4.898 0.0000000000
9509  18.859  -48.005  3.231 0.0000000000
9510  15.843  -46.773  2.631 0.0000000000
9511  12.877  -44.738  2.449 0.0000000000
10283  12.465  -42.399  2.359 0.0000000000
10284  12.882  -42.209  1.641 0.0000000000
10796  6.449  -37.496  35.087 0.0000000000
10797  6.195  -37.393  34.220 0.0000000000
10798  6.180  -38.312  33.254 0.0000000000
10799  5.732  -37.364  33.420 0.0000000000
10832  8.034  -50.938  8.269 0.0000000000
10833  9.552  -51.631  8.275 0.0000000000
10834  8.477  -50.489  7.869 0.0000000000
10835  8.930  -50.073  7.531 0.0000000000
10836  7.965  -49.119  8.333 0.0000000000
11171  15.082  -40.546  -2.028 0.0000000000
11172  16.251  -41.601  -2.625 0.0000000000
11173  15.485  -40.267  -2.632 0.0000000000
11436  5.497  -52.852  12.661 0.0000000000
12708  11.552  -42.090  34.026 0.0000000000
12714  12.420  -44.524  32.394 0.0000000000
12715  5.312  -46.597  31.468 0.0000000000
12716  6.113  -47.633  31.276 0.0000000000
12717  5.043  -48.137  31.067 0.0000000000
12718  4.975  -49.515  30.196 0.0000000000
12719  4.301  -48.458  30.549 0.0000000000
12731  8.870  -34.675  28.957 0.0000000000
12732  8.507  -33.303  29.340 0.0000000000
12733  7.815  -34.581  29.083 0.0000000000
12734  6.396  -34.461  28.934 0.0000000000
12735  6.952  -35.861  28.664 0.0000000000
12736  5.945  -36.925  28.242 0.0000000000
12737  7.389  -37.153  28.375 0.0000000000
12738  8.998  -44.300  24.427 0.0000000000
12739  8.200  -44.253  24.990 0.0000000000
12740  7.930  -45.203  24.097 0.0000000000
12741  6.560  -46.017  23.670 0.0000000000
12742  7.639  -46.069  23.110 0.0000000000
12743  7.059  -46.717  22.047 0.0000000000
12744  8.441  -46.132  22.581 0.0000000000
12827  10.735  -47.234  5.198 0.0000000000
12828  12.276  -47.827  5.007 0.0000000000
12829  10.930  -46.700  4.777 0.0000000000
12830  11.132  -46.160  4.338 0.0000000000
12831  10.066  -45.501  5.092 0.0000000000
13568  17.156  -46.326  1.402 0.0000000000
13569  17.915  -46.101  0.807 0.0000000000
13570  16.344  -45.325  0.731 0.0000000000
13571  13.639  -41.728  0.345 0.0000000000
13572  14.466  -42.802  -0.287 0.0000000000
13573  14.006  -41.473  -0.304 0.0000000000
13574  14.378  -41.179  -0.882 0.0000000000
15108  7.484  -39.135  34.611 0.0000000000
15110  8.154  -39.859  34.443 0.0000000000
15111  9.139  -40.607  34.247 0.0000000000
15112  8.802  -40.715  33.431 0.0000000000
15113  9.342  -41.812  32.684 0.0000000000
15114  8.244  -40.973  32.824 0.0000000000
15115  5.942  -40.692  32.035 0.0000000000
15116  6.774  -41.752  31.985 0.0000000000
15117  5.919  -42.140  31.736 0.0000000000
15118  5.827  -43.571  31.669 0.0000000000
15119  5.081  -42.442  31.530 0.0000000000
15220  12.985  -53.423  8.287 0.0000000000
15221  14.284  -54.386  8.589 0.0000000000
15222  14.831  -53.968  8.060 0.0000000000
15224  15.281  -53.218  7.741 0.0000000000
15225  15.707  -52.466  7.516 0.0000000000
15226  13.871  -52.403  7.453 0.0000000000
15227  9.687  -49.204  6.826 0.0000000000
15228  11.267  -50.033  6.664 0.0000000000
15229  9.975  -48.736  6.447 0.0000000000
15230  10.295  -48.273  6.028 0.0000000000
15231  9.080  -47.402  6.688 0.0000000000
16231  19.346  -45.518  -0.535 0.0000000000
16233  20.043  -45.224  -1.293 0.0000000000
16234  19.722  -43.481  -3.416 0.0000000000
17029  6.740  -52.355  9.502 0.0000000000
17030  7.157  -51.843  9.080 0.0000000000
17031  6.659  -50.987  10.166 0.0000000000
20865  9.610  -44.491  31.702 0.0000000000
20866  10.504  -45.370  31.483 0.0000000000
20867  9.468  -45.887  31.328 0.0000000000
20868  8.075  -49.065  30.319 0.0000000000
20869  9.133  -48.555  30.530 0.0000000000
20870  9.100  -49.550  29.490 0.0000000000
20871  10.189  -50.170  28.631 0.0000000000
20872  9.323  -50.454  28.147 0.0000000000
20874  8.490  -50.744  27.660 0.0000000000
20875  5.756  -50.962  27.151 0.0000000000
20876  7.085  -51.247  26.398 0.0000000000
20877  6.487  -51.299  25.609 0.0000000000
20878  7.462  -51.646  24.252 0.0000000000
20879  6.051  -51.167  24.796 0.0000000000
20921  4.522  -34.403  29.783 0.0000000000
20922  4.530  -33.183  30.658 0.0000000000
20923  4.544  -34.553  30.915 0.0000000000
20924  4.907  -34.747  32.136 0.0000000000
20925  4.551  -35.975  31.239 0.0000000000
20926  4.567  -37.283  31.625 0.0000000000
20927  4.220  -37.178  30.510 0.0000000000
20928  4.347  -39.468  28.416 0.0000000000
20929  4.017  -39.675  29.473 0.0000000000
20930  4.079  -41.017  29.089 0.0000000000
20931  3.952  -42.572  30.004 0.0000000000
20932  4.162  -42.409  28.844 0.0000000000
20933  9.098  -39.823  27.317 0.0000000000
20934  8.049  -39.728  27.572 0.0000000000
20935  8.224  -40.936  27.039 0.0000000000
20936  5.909  -44.416  26.017 0.0000000000
20937  5.909  -43.178  26.628 0.0000000000
20938  5.081  -44.798  27.019 0.0000000000
20939  4.459  -45.157  28.177 0.0000000000
20940  4.562  -46.550  27.556 0.0000000000
20941  4.134  -48.202  27.948 0.0000000000
20942  4.418  -47.652  26.517 0.0000000000
20943  4.447  -48.060  22.981 0.0000000000
20944  4.255  -48.888  24.085 0.0000000000
20945  4.455  -49.383  22.828 0.0000000000
20946  5.421  -50.324  22.631 0.0000000000
20947  5.245  -49.782  21.576 0.0000000000
20948  6.387  -50.414  20.435 0.0000000000
20949  5.047  -49.290  20.717 0.0000000000
20950  5.622  -47.472  19.561 0.0000000000
20951  5.257  -48.463  19.028 0.0000000000
20952  5.431  -48.180  18.327 0.0000000000
20953  5.963  -49.511  17.002 0.0000000000
20954  5.750  -48.002  17.710 0.0000000000
20958  8.964  -47.010  17.893 0.0000000000
20959  8.759  -47.192  18.573 0.0000000000
20960  8.106  -47.740  17.314 0.0000000000
20961  6.706  -48.121  16.444 0.0000000000
20962  7.196  -48.120  15.884 0.0000000000
20963  6.545  -49.011  14.396 0.0000000000
20964  7.657  -48.134  15.293 0.0000000000
20966  8.518  -47.889  14.182 0.0000000000
20967  8.886  -47.661  13.657 0.0000000000
20968  8.046  -48.226  12.252 0.0000000000
20969  9.178  -47.431  13.106 0.0000000000
20993  9.201  -46.962  10.178 0.0000000000
21202  16.374  -50.872  6.984 0.0000000000
21203  18.205  -50.763  6.792 0.0000000000
21204  16.669  -50.151  6.512 0.0000000000
21205  15.621  -48.303  4.804 0.0000000000
21206  17.126  -48.897  5.243 0.0000000000
21207  17.274  -48.396  4.464 0.0000000000
21208  18.855  -48.430  4.081 0.0000000000
21209  17.305  -47.932  3.686 0.0000000000
21210  17.344  -47.466  2.889 0.0000000000
21211  15.846  -47.313  3.334 0.0000000000
21212  11.450  -44.917  3.487 0.0000000000
21213  12.912  -45.423  2.918 0.0000000000
21214  11.634  -44.304  3.111 0.0000000000
21215  11.820  -43.636  2.787 0.0000000000
21216  11.342  -43.461  3.813 0.0000000000
23117  14.123  -44.384  1.327 0.0000000000
23118  14.826  -44.311  0.737 0.0000000000
23119  13.480  -43.162  0.970 0.0000000000
23120  13.258  -41.958  0.991 0.0000000000
23121  13.695  -41.102  1.312 0.0000000000
24042  7.016  -38.390  34.813 0.0000000000
24043  7.160  -39.117  33.750 0.0000000000
24044  7.265  -40.124  32.959 0.0000000000
24045  6.676  -39.221  33.098 0.0000000000
24046  6.022  -39.394  32.551 0.0000000000
24047  5.309  -39.598  32.073 0.0000000000
24108  10.748  -52.612  8.977 0.0000000000
24109  11.245  -52.538  8.382 0.0000000000
24110  11.689  -52.243  7.840 0.0000000000
24111  12.125  -51.859  7.400 0.0000000000
24112  10.452  -50.992  7.413 0.0000000000
24113  9.326  -49.651  7.219 0.0000000000
24114  8.565  -48.260  7.487 0.0000000000
24715  17.022  -43.322  -1.687 0.0000000000
24716  18.809  -44.164  -1.851 0.0000000000
24717  17.468  -42.930  -2.318 0.0000000000
24718  17.992  -42.572  -3.028 0.0000000000
24719  18.373  -42.208  -3.720 0.0000000000
24720  18.680  -41.894  -4.444 0.0000000000
24721  17.080  -40.927  -3.847 0.0000000000
25194  6.005  -52.053  11.193 0.0000000000
27494  12.289  -47.186  31.103 0.0000000000
27495  7.525  -45.530  31.424 0.0000000000
27496  8.380  -46.468  31.257 0.0000000000
27497  7.254  -47.041  31.287 0.0000000000
27498  7.053  -48.416  30.922 0.0000000000
27499  7.029  -49.542  29.928 0.0000000000
27500  7.274  -50.349  28.537 0.0000000000
27501  6.091  -50.038  29.458 0.0000000000
27502  5.256  -50.481  28.749 0.0000000000
27503  4.553  -50.673  27.850 0.0000000000
27529  5.835  -33.098  29.269 0.0000000000
27530  5.148  -34.314  29.039 0.0000000000
27531  4.605  -35.634  29.063 0.0000000000
27532  4.234  -36.938  29.395 0.0000000000
27533  4.765  -36.837  28.496 0.0000000000
27534  4.924  -38.152  28.076 0.0000000000
27535  5.227  -39.379  27.741 0.0000000000
27536  9.225  -42.136  25.984 0.0000000000
27537  8.332  -42.082  26.447 0.0000000000
27538  8.294  -43.203  25.748 0.0000000000
27539  7.020  -44.186  25.434 0.0000000000
27540  5.752  -45.449  25.247 0.0000000000
27541  4.805  -46.904  25.309 0.0000000000
27542  5.519  -46.278  24.331 0.0000000000
27543  5.221  -46.897  23.283 0.0000000000
27544  4.902  -47.408  22.035 0.0000000000
27545  4.702  -48.022  20.889 0.0000000000
27546  5.496  -47.144  21.371 0.0000000000
27547  6.314  -47.159  20.840 0.0000000000
27548  7.097  -47.239  20.311 0.0000000000
27553  9.046  -46.751  17.245 0.0000000000
27554  8.881  -47.506  16.109 0.0000000000
27697  13.404  -49.377  5.996 0.0000000000
27698  15.171  -49.443  6.101 0.0000000000
27699  13.670  -48.716  5.526 0.0000000000
27700  13.929  -48.109  5.007 0.0000000000
27701  14.081  -47.546  4.384 0.0000000000
27702  14.299  -47.006  3.707 0.0000000000
27703  12.657  -46.640  4.015 0.0000000000
27704  11.313  -45.558  3.901 0.0000000000
27705  10.621  -44.501  4.362 0.0000000000
28979  20.297  -47.525  1.809 0.0000000000
28981  19.553  -46.721  0.918 0.0000000000
28982  18.663  -45.843  0.173 0.0000000000
28983  17.671  -44.816  -0.515 0.0000000000
28984  15.448  -44.146  0.136 0.0000000000
28985  15.994  -43.912  -0.469 0.0000000000
28986  16.509  -43.620  -1.092 0.0000000000
28987  15.412  -42.281  -1.485 0.0000000000
28988  14.721  -40.874  -1.450 0.0000000000
29355  5.426  -53.376  14.357 0.0000000000
31140  10.394  -41.343  34.107 0.0000000000
31141  11.120  -42.338  33.152 0.0000000000
31142  11.508  -43.570  32.467 0.0000000000
31143  10.453  -42.677  32.550 0.0000000000
31144  9.614  -43.086  32.157 0.0000000000
31145  8.694  -43.587  31.909 0.0000000000
31146  7.562  -41.370  32.325 0.0000000000
31147  7.736  -42.708  31.980 0.0000000000
31148  7.703  -44.082  31.733 0.0000000000
31149  6.679  -44.572  31.635 0.0000000000
31150  5.605  -45.036  31.595 0.0000000000
31151  4.668  -45.430  31.486 0.0000000000
31174  8.631  -37.332  28.368 0.0000000000
31184  9.178  -45.153  22.858 0.0000000000
31301  15.982  -51.657  7.299 0.0000000000
31302  14.519  -50.906  6.906 0.0000000000
31303  12.523  -51.351  7.023 0.0000000000
31304  12.859  -50.730  6.699 0.0000000000
31305  13.148  -50.064  6.378 0.0000000000
31306  11.842  -49.062  5.875 0.0000000000
31307  10.566  -47.793  5.622 0.0000000000
31308  9.587  -46.482  5.860 0.0000000000
32659  20.600  -44.917  -2.152 0.0000000000
33667  8.479  -52.225  9.083 0.0000000000
33668  7.573  -51.336  8.726 0.0000000000
33669  7.272  -49.989  9.266 0.0000000000
38350  11.490  -44.903  31.866 0.0000000000
38351  11.411  -46.227  31.277 0.0000000000
38352  11.237  -47.574  30.870 0.0000000000
38353  9.312  -47.198  31.041 0.0000000000
38354  10.195  -48.056  30.718 0.0000000000
38355  11.088  -48.820  30.161 0.0000000000
38362  7.742  -51.015  27.122 0.0000000000
38363  8.364  -51.804  25.736 0.0000000000
38366  8.338  -52.442  22.840 0.0000000000
38367  8.128  -52.229  21.958 0.0000000000
38421  5.421  -36.283  33.440 0.0000000000
38422  5.119  -37.338  32.587 0.0000000000
38423  4.780  -38.473  31.962 0.0000000000
38424  4.493  -39.723  31.470 0.0000000000
38425  4.017  -38.340  29.934 0.0000000000
38426  4.055  -39.764  30.572 0.0000000000
38427  4.319  -41.169  31.174 0.0000000000
38428  4.249  -42.632  31.034 0.0000000000
38429  4.112  -44.103  30.914 0.0000000000
38430  4.017  -45.551  30.708 0.0000000000
38431  7.776  -38.484  28.046 0.0000000000
38432  6.644  -39.534  27.574 0.0000000000
38433  5.508  -40.688  27.396 0.0000000000
38434  7.053  -41.990  26.694 0.0000000000
38435  5.759  -41.917  27.034 0.0000000000
38436  4.697  -42.113  27.785 0.0000000000
38437  4.271  -43.804  28.574 0.0000000000
38438  4.003  -45.485  29.492 0.0000000000
38439  3.958  -47.089  30.277 0.0000000000
38440  3.991  -48.496  29.381 0.0000000000
38441  4.007  -49.645  28.098 0.0000000000
38442  4.192  -50.316  26.598 0.0000000000
38443  4.248  -48.355  25.348 0.0000000000
38444  4.139  -49.722  25.310 0.0000000000
38445  4.734  -50.694  25.124 0.0000000000
38446  5.672  -50.809  23.734 0.0000000000
38447  6.842  -51.096  22.375 0.0000000000
38448  7.878  -52.073  20.889 0.0000000000
38449  7.619  -51.942  19.984 0.0000000000
38450  7.340  -51.847  19.068 0.0000000000
38451  7.056  -51.741  18.158 0.0000000000
38452  5.098  -48.823  19.826 0.0000000000
38453  6.130  -49.921  18.638 0.0000000000
38454  6.788  -51.681  17.212 0.0000000000
38455  6.375  -51.579  16.400 0.0000000000
38456  6.059  -51.488  15.612 0.0000000000
38457  5.920  -51.285  14.890 0.0000000000
38458  8.961  -46.055  21.973 0.0000000000
38459  8.492  -46.787  20.950 0.0000000000
38460  7.822  -47.299  19.756 0.0000000000
38461  8.990  -46.408  19.642 0.0000000000
38462  8.338  -47.314  19.185 0.0000000000
38463  6.900  -47.625  18.404 0.0000000000
38464  6.220  -48.079  17.019 0.0000000000
38465  5.990  -49.220  15.598 0.0000000000
38466  5.895  -51.044  14.180 0.0000000000
38467  6.025  -50.769  13.493 0.0000000000
38468  6.247  -50.538  12.815 0.0000000000
38469  6.509  -50.120  12.267 0.0000000000
38470  8.129  -48.068  14.763 0.0000000000
38471  7.245  -48.692  13.275 0.0000000000
38472  6.798  -49.747  11.732 0.0000000000
38473  7.137  -49.401  11.179 0.0000000000
38474  7.443  -48.978  10.759 0.0000000000
38475  7.740  -48.603  10.242 0.0000000000
38501  8.617  -47.627  11.155 0.0000000000
38502  7.998  -48.185  9.713 0.0000000000
38503  8.203  -47.743  9.193 0.0000000000
38504  8.487  -47.397  8.740 0.0000000000
38505  8.730  -46.992  8.305 0.0000000000
38508  8.962  -46.565  7.861 0.0000000000
38509  9.208  -46.165  7.425 0.0000000000
38510  9.490  -45.807  7.023 0.0000000000
38511  9.773  -45.403  6.597 0.0000000000
38520  10.095  -45.029  6.188 0.0000000000
38521  10.434  -44.631  5.796 0.0000000000
38760  16.929  -49.462  5.901 0.0000000000
38761  18.669  -49.412  5.662 0.0000000000
38764  20.448  -48.487  3.530 0.0000000000
38765  20.383  -48.037  2.648 0.0000000000
38766  18.823  -47.539  2.423 0.0000000000
38767  17.291  -46.948  2.134 0.0000000000
38768  15.756  -46.174  1.960 0.0000000000
38769  14.366  -46.458  3.059 0.0000000000
38770  14.353  -45.850  2.453 0.0000000000
38771  14.281  -45.177  1.874 0.0000000000
38772  12.871  -44.012  1.981 0.0000000000
38773  12.080  -42.990  2.545 0.0000000000
41003  12.607  -42.199  2.821 0.0000000000
41004  12.749  -42.061  2.445 0.0000000000
41517  5.996  -36.897  34.345 0.0000000000
41518  6.002  -37.358  33.823 0.0000000000
41519  5.828  -36.861  33.896 0.0000000000
41552  7.728  -50.266  8.437 0.0000000000
41553  8.256  -50.718  8.064 0.0000000000
41554  7.938  -50.051  8.173 0.0000000000
41555  8.147  -49.813  8.007 0.0000000000
41556  7.785  -49.325  8.551 0.0000000000
41891  15.014  -39.964  -1.903 0.0000000000
41892  15.283  -40.406  -2.342 0.0000000000
41893  15.180  -39.821  -2.219 0.0000000000
41894  15.343  -39.651  -2.499 0.0000000000
42156  5.423  -53.002  13.103 0.0000000000
43428  11.954  -42.605  33.526 0.0000000000
43429  12.126  -42.548  33.987 0.0000000000
43430  12.477  -43.091  33.525 0.0000000000
43432  12.709  -43.726  33.114 0.0000000000
43433  12.803  -44.384  32.716 0.0000000000
43434  12.363  -43.849  32.747 0.0000000000
43435  4.824  -46.826  31.373 0.0000000000
43436  5.145  -47.382  31.320 0.0000000000
43437  4.708  -47.571  31.159 0.0000000000
43438  4.607  -48.344  30.860 0.0000000000
43439  4.348  -47.705  30.927 0.0000000000
43451  8.584  -35.341  28.881 0.0000000000
43452  8.414  -34.629  29.073 0.0000000000
43453  8.048  -35.282  28.928 0.0000000000
43454  7.402  -35.253  28.882 0.0000000000
43455  7.674  -35.928  28.745 0.0000000000
43456  7.230  -36.497  28.543 0.0000000000
43457  7.878  -36.597  28.588 0.0000000000
43458  8.889  -44.780  23.963 0.0000000000
43459  8.535  -44.787  24.280 0.0000000000
43460  8.423  -45.253  23.814 0.0000000000
43461  7.808  -45.650  23.624 0.0000000000
43462  8.286  -45.722  23.312 0.0000000000
43463  8.090  -46.136  22.844 0.0000000000
43464  8.633  -45.731  23.045 0.0000000000
43547  10.194  -46.618  5.240 0.0000000000
43548  10.834  -46.982  4.962 0.0000000000
43549  10.298  -46.354  5.049 0.0000000000
43550  10.364  -46.072  4.850 0.0000000000
43551  9.961  -45.775  5.272 0.0000000000
44288  16.388  -45.950  1.358 0.0000000000
44289  16.762  -45.848  1.055 0.0000000000
44290  15.963  -45.409  1.026 0.0000000000
44291  13.727  -41.188  0.472 0.0000000000
44292  13.810  -41.602  0.013 0.0000000000
44293  13.889  -41.053  0.149 0.0000000000
44294  14.058  -40.901  -0.146 0.0000000000
45828  7.655  -39.475  34.092 0.0000000000
45829  7.779  -39.497  34.549 0.0000000000
45830  8.021  -39.868  34.011 0.0000000000
45831  8.458  -40.251  33.909 0.0000000000
45832  8.264  -40.314  33.503 0.0000000000
45833  8.545  -40.826  33.124 0.0000000000
45834  8.011  -40.426  33.170 0.0000000000
45835  5.549  -40.831  31.865 0.0000000000
45836  5.924  -41.408  31.844 0.0000000000
45837  5.514  -41.553  31.701 0.0000000000
45838  5.500  -42.299  31.640 0.0000000000
45839  5.101  -41.680  31.583 0.0000000000
45940  13.230  -53.242  8.005 0.0000000000
45941  13.892  -53.790  8.155 0.0000000000
45942  14.143  -53.547  7.926 0.0000000000
45943  15.073  -53.630  7.872 0.0000000000
45944  14.352  -53.204  7.760 0.0000000000
45945  14.532  -52.831  7.622 0.0000000000
45946  13.665  -52.727  7.625 0.0000000000
45947  9.134  -48.531  6.848 0.0000000000
45948  9.856  -48.979  6.648 0.0000000000
45949  9.326  -48.299  6.699 0.0000000000
45950  9.445  -48.065  6.498 0.0000000000
45951  8.942  -47.601  6.881 0.0000000000
46951  18.838  -45.032  -0.869 0.0000000000
46952  19.734  -45.396  -0.889 0.0000000000
46953  19.157  -44.872  -1.223 0.0000000000
47747  6.256  -52.299  10.213 0.0000000000
47748  6.523  -52.695  9.701 0.0000000000
47749  6.410  -52.050  9.907 0.0000000000
47750  6.633  -51.709  9.750 0.0000000000
47751  6.496  -51.266  10.395 0.0000000000
51585  9.133  -44.752  31.609 0.0000000000
51586  9.543  -45.174  31.485 0.0000000000
51587  9.034  -45.457  31.431 0.0000000000
51588  8.091  -49.518  29.708 0.0000000000
51589  8.578  -49.308  29.921 0.0000000000
51590  8.635  -49.734  29.273 0.0000000000
51591  9.156  -49.986  28.841 0.0000000000
51592  8.744  -50.163  28.592 0.0000000000
51593  8.914  -50.599  27.897 0.0000000000
51594  8.307  -50.324  28.346 0.0000000000
51595  5.458  -50.983  26.699 0.0000000000
51596  6.090  -51.132  26.349 0.0000000000
51597  5.827  -51.127  25.931 0.0000000000
51598  6.238  -51.264  25.203 0.0000000000
51599  5.588  -51.100  25.502 0.0000000000
51641  4.426  -35.082  29.889 0.0000000000
51642  4.451  -34.501  30.330 0.0000000000
51643  4.422  -35.170  30.451 0.0000000000
51644  4.544  -35.269  31.056 0.0000000000
51645  4.402  -35.882  30.645 0.0000000000
51646  4.386  -36.580  30.872 0.0000000000
51647  4.276  -36.494  30.292 0.0000000000
51648  4.448  -40.137  28.214 0.0000000000
51649  4.193  -40.233  28.721 0.0000000000
51650  4.256  -40.904  28.575 0.0000000000
51651  4.113  -41.713  28.969 0.0000000000
51652  4.320  -41.590  28.419 0.0000000000
51653  9.148  -40.402  27.010 0.0000000000
51654  8.722  -40.386  27.222 0.0000000000
51655  8.788  -40.990  26.909 0.0000000000
51656  5.426  -45.184  26.101 0.0000000000
51657  5.431  -44.578  26.450 0.0000000000
51658  5.090  -45.419  26.668 0.0000000000
51659  4.804  -45.684  27.305 0.0000000000
51660  4.798  -46.313  26.882 0.0000000000
51661  4.515  -47.149  27.073 0.0000000000
51662  4.725  -46.870  26.409 0.0000000000
51663  4.416  -48.319  22.362 0.0000000000
51664  4.345  -48.738  22.903 0.0000000000
51665  4.478  -48.995  22.280 0.0000000000
51666  4.792  -49.583  22.189 0.0000000000
51667  4.681  -49.236  21.639 0.0000000000
51668  5.154  -49.533  21.137 0.0000000000
51669  4.736  -48.937  21.214 0.0000000000
51670  5.951  -47.508  19.278 0.0000000000
51671  5.485  -47.801  18.932 0.0000000000
51672  5.641  -47.722  18.608 0.0000000000
51673  5.623  -48.125  18.002 0.0000000000
51674  5.952  -47.750  18.317 0.0000000000
51678  8.830  -47.370  17.324 0.0000000000
51679  8.667  -47.453  17.649 0.0000000000
51680  8.298  -47.701  17.002 0.0000000000
51681  7.605  -47.913  16.618 0.0000000000
51682  7.826  -47.926  16.297 0.0000000000
51683  7.417  -48.147  15.570 0.0000000000
51684  8.094  -47.896  16.009 0.0000000000
51686  9.194  -47.337  14.313 0.0000000000
51687  9.326  -47.195  14.054 0.0000000000
51688  9.063  -47.542  13.403 0.0000000000
51689  9.384  -47.054  13.740 0.0000000000
51922  15.603  -50.513  6.804 0.0000000000
51923  16.530  -50.521  6.788 0.0000000000
51924  15.769  -50.164  6.583 0.0000000000
51925  15.711  -48.077  4.446 0.0000000000
51926  16.489  -48.376  4.642 0.0000000000
51927  16.531  -48.126  4.264 0.0000000000
51928  17.286  -48.157  4.078 0.0000000000
51929  16.549  -47.887  3.883 0.0000000000
51930  16.583  -47.653  3.506 0.0000000000
51931  15.759  -47.557  3.695 0.0000000000
51932  11.068  -44.408  3.714 0.0000000000
51933  11.567  -44.615  3.303 0.0000000000
51934  11.153  -44.084  3.528 0.0000000000
51935  11.349  -43.811  3.415 0.0000000000
51936  11.128  -43.702  3.953 0.0000000000
53888  13.460  -43.830  1.420 0.0000000000
53889  13.795  -43.790  1.117 0.0000000000
53890  13.178  -43.212  1.280 0.0000000000
53891  13.074  -41.772  1.764 0.0000000000
53892  13.080  -42.085  1.312 0.0000000000
53893  13.235  -41.621  1.434 0.0000000000
53894  13.412  -41.477  1.119 0.0000000000
55428  6.593  -37.879  34.527 0.0000000000
55429  6.728  -37.968  34.964 0.0000000000
55430  6.871  -38.305  34.375 0.0000000000
55431  7.174  -38.678  34.225 0.0000000000
55432  6.917  -38.707  33.836 0.0000000000
55433  6.919  -39.170  33.394 0.0000000000
55434  6.686  -38.725  33.495 0.0000000000
55435  5.862  -38.335  32.944 0.0000000000
55436  6.109  -38.818  32.886 0.0000000000
55437  5.776  -38.848  32.602 0.0000000000
55438  5.677  -39.485  32.291 0.0000000000
55439  5.421  -38.957  32.324 0.0000000000
55537  9.577  -52.247  9.107 0.0000000000
55538  10.458  -52.600  9.260 0.0000000000
55539  9.876  -52.193  8.868 0.0000000000
55540  9.798  -51.483  8.036 0.0000000000
55541  10.394  -52.065  8.366 0.0000000000
55542  10.629  -51.931  8.102 0.0000000000
55543  11.462  -52.439  8.096 0.0000000000
55544  10.826  -51.785  7.857 0.0000000000
55545  11.064  -51.634  7.625 0.0000000000
55546  10.227  -51.157  7.622 0.0000000000
55547  8.536  -49.374  7.639 0.0000000000
55548  9.142  -49.878  7.354 0.0000000000
55549  8.702  -49.153  7.462 0.0000000000
55550  8.853  -48.955  7.275 0.0000000000
55551  8.427  -48.472  7.711 0.0000000000
56551  16.406  -42.662  -1.922 0.0000000000
56552  17.247  -43.124  -1.998 0.0000000000
56553  16.626  -42.480  -2.210 0.0000000000
56554  16.495  -41.439  -2.935 0.0000000000
56555  17.072  -42.101  -2.824 0.0000000000
56556  17.307  -41.934  -3.139 0.0000000000
56557  18.192  -42.382  -3.373 0.0000000000
56558  17.510  -41.757  -3.455 0.0000000000
56559  17.700  -41.583  -3.791 0.0000000000
56560  16.899  -41.109  -3.535 0.0000000000
57349  5.684  -53.089  11.079 0.0000000000
57350  5.854  -52.847  10.727 0.0000000000
57351  5.850  -52.280  11.512 0.0000000000
61180  12.878  -45.725  31.970 0.0000000000
61182  12.793  -46.316  31.656 0.0000000000
61184  12.326  -46.490  31.417 0.0000000000
61185  6.972  -45.828  31.450 0.0000000000
61186  7.397  -46.306  31.360 0.0000000000
61187  6.836  -46.609  31.385 0.0000000000
61188  6.005  -48.338  31.041 0.0000000000
61189  6.567  -48.051  31.130 0.0000000000
61190  6.493  -48.724  30.808 0.0000000000
61191  7.014  -49.017  30.496 0.0000000000
61192  6.473  -49.299  30.321 0.0000000000
61193  6.544  -49.797  29.731 0.0000000000
61194  5.970  -49.570  30.124 0.0000000000
61195  4.628  -49.676  29.840 0.0000000000
61196  5.105  -50.057  29.517 0.0000000000
61197  4.678  -50.236  29.104 0.0000000000
61198  4.869  -50.603  28.308 0.0000000000
61199  4.407  -50.278  28.638 0.0000000000
61234  7.906  -33.237  29.390 0.0000000000
61240  6.527  -33.115  29.309 0.0000000000
61241  5.950  -35.054  28.740 0.0000000000
61242  5.690  -34.353  28.909 0.0000000000
61243  5.295  -35.008  28.762 0.0000000000
61244  4.854  -34.958  29.015 0.0000000000
61245  4.973  -35.615  28.705 0.0000000000
61246  4.659  -36.259  28.746 0.0000000000
61247  5.139  -36.231  28.499 0.0000000000
61248  6.143  -37.566  28.100 0.0000000000
61249  5.432  -37.502  28.124 0.0000000000
61250  5.592  -38.132  27.967 0.0000000000
61251  5.084  -38.741  27.924 0.0000000000
61252  5.735  -38.777  27.783 0.0000000000
61253  9.217  -42.685  25.624 0.0000000000
61254  8.840  -42.689  25.888 0.0000000000
61255  8.762  -43.243  25.512 0.0000000000
61256  7.521  -44.704  24.792 0.0000000000
61257  7.618  -44.193  25.207 0.0000000000
61258  6.935  -44.696  25.041 0.0000000000
61259  6.365  -44.780  25.306 0.0000000000
61260  6.234  -45.242  24.884 0.0000000000
61261  5.641  -45.878  24.811 0.0000000000
61262  6.136  -45.693  24.462 0.0000000000
61263  6.392  -46.359  23.149 0.0000000000
61264  5.845  -46.428  23.464 0.0000000000
61265  5.674  -46.730  22.906 0.0000000000
61266  5.052  -47.150  22.678 0.0000000000
61267  5.454  -47.007  22.290 0.0000000000
61268  5.169  -47.246  21.687 0.0000000000
61269  5.838  -46.941  21.979 0.0000000000
61270  7.518  -46.775  21.796 0.0000000000
61271  6.696  -46.964  21.460 0.0000000000
61272  7.132  -47.010  21.207 0.0000000000
61273  6.725  -47.197  20.569 0.0000000000
61274  7.514  -47.058  20.956 0.0000000000
61281  8.889  -46.262  17.763 0.0000000000
61522  12.742  -48.954  5.711 0.0000000000
61523  13.507  -49.039  5.760 0.0000000000
61524  12.862  -48.629  5.489 0.0000000000
61525  12.395  -47.530  4.766 0.0000000000
61526  13.108  -48.004  4.997 0.0000000000
61527  13.215  -47.699  4.737 0.0000000000
61528  13.997  -47.813  4.693 0.0000000000
61529  13.279  -47.391  4.469 0.0000000000
61530  13.364  -47.124  4.183 0.0000000000
61531  12.558  -46.931  4.284 0.0000000000
61532  10.585  -45.547  4.398 0.0000000000
61533  11.241  -45.873  4.133 0.0000000000
61534  10.748  -45.288  4.249 0.0000000000
61535  10.822  -44.972  4.050 0.0000000000
61536  10.459  -44.751  4.526 0.0000000000
63743  19.522  -47.251  1.706 0.0000000000
63744  19.951  -47.129  1.327 0.0000000000
63745  19.179  -46.881  1.269 0.0000000000
63746  17.493  -45.602  0.445 0.0000000000
63747  18.294  -45.970  0.486 0.0000000000
63748  17.850  -45.486  0.141 0.0000000000
63749  18.196  -45.364  -0.172 0.0000000000
63750  17.324  -44.943  -0.192 0.0000000000
63751  14.411  -43.673  0.499 0.0000000000
63752  15.140  -44.236  0.432 0.0000000000
63753  14.696  -43.598  0.199 0.0000000000
63754  14.709  -42.691  -0.598 0.0000000000
63755  15.218  -43.413  -0.398 0.0000000000
63756  15.454  -43.251  -0.727 0.0000000000
63757  16.238  -43.755  -0.780 0.0000000000
63758  15.689  -43.111  -1.031 0.0000000000
63759  15.927  -42.972  -1.329 0.0000000000
63760  15.198  -42.442  -1.208 0.0000000000
63761  14.376  -40.556  -0.702 0.0000000000
63762  14.549  -41.002  -1.158 0.0000000000
63763  14.534  -40.427  -1.009 0.0000000000
63764  14.694  -40.305  -1.309 0.0000000000
63765  14.688  -39.991  -0.842 0.0000000000
64551  5.477  -53.485  14.789 0.0000000000
68373  9.600  -41.027  33.730 0.0000000000
68374  9.761  -40.979  34.146 0.0000000000
68375  10.222  -41.399  33.645 0.0000000000
68376  10.805  -41.787  33.596 0.0000000000
68377  10.553  -41.919  33.191 0.0000000000
68378  10.800  -42.503  32.805 0.0000000000
68379  10.261  -42.044  32.844 0.0000000000
68380  8.987  -42.006  32.456 0.0000000000
68381  9.526  -42.435  32.398 0.0000000000
68382  9.126  -42.688  32.195 0.0000000000
68383  9.152  -43.349  32.009 0.0000000000
68384  8.680  -42.910  32.059 0.0000000000
68385  6.980  -40.239  32.691 0.0000000000
68386  7.419  -40.703  32.626 0.0000000000
68387  7.079  -40.877  32.387 0.0000000000
68388  6.783  -42.466  31.881 0.0000000000
68389  7.246  -42.275  32.018 0.0000000000
68390  7.249  -42.945  31.886 0.0000000000
68391  7.757  -43.357  31.860 0.0000000000
68392  7.246  -43.609  31.774 0.0000000000
68393  7.180  -44.335  31.665 0.0000000000
68394  6.765  -43.843  31.710 0.0000000000
68395  5.372  -43.743  31.608 0.0000000000
68396  5.757  -44.265  31.638 0.0000000000
68397  5.248  -44.476  31.621 0.0000000000
68398  5.118  -45.246  31.567 0.0000000000
68399  4.799  -44.649  31.515 0.0000000000
68700  12.271  -53.489  9.280 0.0000000000
68702  13.164  -53.983  9.127 0.0000000000
68717  14.940  -52.098  7.350 0.0000000000
68718  15.843  -52.050  7.411 0.0000000000
68719  15.067  -51.704  7.237 0.0000000000
68720  15.218  -51.293  7.117 0.0000000000
68721  14.342  -51.287  7.020 0.0000000000
68722  11.515  -51.220  7.214 0.0000000000
68723  12.341  -51.604  7.219 0.0000000000
68724  11.708  -50.955  7.023 0.0000000000
68725  11.406  -49.766  6.477 0.0000000000
68726  12.077  -50.437  6.653 0.0000000000
68727  12.217  -50.173  6.468 0.0000000000
68728  13.017  -50.402  6.539 0.0000000000
68729  12.362  -49.885  6.288 0.0000000000
68730  12.494  -49.591  6.110 0.0000000000
68731  11.711  -49.299  6.076 0.0000000000
68732  9.748  -47.600  6.083 0.0000000000
68733  10.440  -48.035  5.823 0.0000000000
68734  9.840  -47.372  5.824 0.0000000000
68735  10.006  -47.131  5.665 0.0000000000
68736  9.482  -46.732  6.064 0.0000000000
71739  19.069  -43.980  -2.223 0.0000000000
71740  19.728  -44.543  -1.972 0.0000000000
71741  19.957  -44.375  -2.380 0.0000000000
71761  18.052  -41.260  -4.469 0.0000000000
71762  18.801  -41.766  -4.817 0.0000000000
74131  8.230  -52.454  9.257 0.0000000000
74132  6.966  -51.204  9.267 0.0000000000
74133  7.357  -51.575  8.914 0.0000000000
74134  7.158  -50.947  9.091 0.0000000000
74135  7.289  -50.697  8.834 0.0000000000
74136  7.120  -50.250  9.482 0.0000000000
85635  11.035  -43.775  32.224 0.0000000000
85636  11.504  -44.230  32.171 0.0000000000
85637  11.036  -44.429  31.935 0.0000000000
85638  10.443  -46.056  31.280 0.0000000000
85639  10.960  -45.799  31.359 0.0000000000
85640  10.905  -46.476  31.171 0.0000000000
85641  11.332  -46.897  31.092 0.0000000000
85642  10.816  -47.145  31.008 0.0000000000
85643  8.271  -47.140  31.171 0.0000000000
85644  8.827  -46.862  31.158 0.0000000000
85645  8.751  -47.485  31.038 0.0000000000
85646  9.617  -48.879  30.207 0.0000000000
85647  9.668  -48.326  30.642 0.0000000000
85648  10.146  -48.646  30.354 0.0000000000
85649  10.652  -48.429  30.472 0.0000000000
85650  10.591  -48.990  30.014 0.0000000000
85651  11.035  -49.374  29.673 0.0000000000
85652  10.551  -49.494  29.488 0.0000000000
85665  6.867  -50.555  28.262 0.0000000000
85666  7.486  -50.686  27.824 0.0000000000
85667  7.088  -50.836  27.528 0.0000000000
85668  7.441  -51.504  25.676 0.0000000000
85669  7.741  -51.487  26.059 0.0000000000
85670  8.086  -51.781  25.393 0.0000000000
85671  8.644  -52.208  25.103 0.0000000000
85672  8.421  -52.206  24.729 0.0000000000
85674  8.261  -52.126  24.332 0.0000000000
85675  7.276  -51.556  23.820 0.0000000000
85676  7.937  -51.975  23.539 0.0000000000
85677  7.807  -51.852  23.095 0.0000000000
85678  8.231  -52.322  22.384 0.0000000000
85679  7.680  -51.725  22.658 0.0000000000
85803  4.686  -32.432  30.038 0.0000000000
85804  4.622  -33.272  31.271 0.0000000000
85811  4.931  -35.438  32.280 0.0000000000
85812  5.101  -34.876  32.799 0.0000000000
85813  5.153  -35.564  32.869 0.0000000000
85814  5.355  -35.664  33.436 0.0000000000
85815  5.200  -36.230  32.904 0.0000000000
85816  5.278  -36.821  32.956 0.0000000000
85817  5.015  -36.785  32.461 0.0000000000
85818  4.365  -37.869  31.317 0.0000000000
85819  4.636  -37.891  31.819 0.0000000000
85820  4.437  -38.469  31.533 0.0000000000
85821  4.614  -39.076  31.703 0.0000000000
85822  4.320  -39.093  31.269 0.0000000000
85823  4.210  -37.556  29.094 0.0000000000
85824  4.109  -37.639  29.649 0.0000000000
85825  4.079  -38.267  29.360 0.0000000000
85826  3.987  -40.428  29.841 0.0000000000
85827  3.967  -39.698  30.017 0.0000000000
85828  4.002  -40.406  30.382 0.0000000000
85829  4.171  -40.448  30.875 0.0000000000
85830  4.094  -41.151  30.751 0.0000000000
85831  4.291  -41.901  31.092 0.0000000000
85832  4.055  -41.889  30.646 0.0000000000
85833  3.940  -43.301  29.932 0.0000000000
85834  3.989  -43.366  30.487 0.0000000000
85835  3.950  -44.081  30.405 0.0000000000
85836  4.069  -44.838  30.846 0.0000000000
85837  3.948  -44.794  30.277 0.0000000000
85838  8.769  -37.965  28.143 0.0000000000
85839  8.232  -37.912  28.241 0.0000000000
85840  8.396  -38.554  28.010 0.0000000000
85841  7.488  -40.250  27.332 0.0000000000
85842  7.377  -39.638  27.575 0.0000000000
85843  6.786  -40.154  27.357 0.0000000000
85844  6.062  -40.076  27.434 0.0000000000
85845  6.191  -40.685  27.238 0.0000000000
85846  7.768  -42.581  26.280 0.0000000000
85847  7.712  -42.026  26.576 0.0000000000
85848  7.122  -42.551  26.421 0.0000000000
85849  5.385  -43.288  26.996 0.0000000000
85850  5.846  -42.561  26.855 0.0000000000
85851  5.246  -42.623  27.157 0.0000000000
85852  5.170  -41.993  27.358 0.0000000000
85853  4.802  -42.782  27.630 0.0000000000
85854  4.463  -42.963  28.147 0.0000000000
85855  4.549  -43.616  27.981 0.0000000000
85856  4.298  -46.020  28.556 0.0000000000
85857  4.213  -45.342  28.814 0.0000000000
85858  4.089  -46.147  29.240 0.0000000000
85859  3.935  -46.250  29.928 0.0000000000
85860  4.012  -46.978  29.610 0.0000000000
85861  3.998  -47.793  29.883 0.0000000000
85862  4.032  -47.701  29.231 0.0000000000
85863  4.070  -48.692  27.315 0.0000000000
85864  4.009  -48.970  28.059 0.0000000000
85865  3.977  -49.424  27.421 0.0000000000
85866  4.063  -50.033  27.372 0.0000000000
85867  4.039  -49.760  26.684 0.0000000000
85868  4.703  -47.243  24.767 0.0000000000
85869  4.479  -47.614  25.327 0.0000000000
85870  4.392  -47.934  24.746 0.0000000000
85871  4.306  -49.563  24.028 0.0000000000
85872  4.177  -49.347  24.690 0.0000000000
85873  4.321  -49.937  24.630 0.0000000000
85874  4.318  -50.281  25.235 0.0000000000
85875  4.652  -50.415  24.539 0.0000000000
85876  5.166  -50.775  24.422 0.0000000000
85877  5.058  -50.499  23.846 0.0000000000
85878  5.998  -50.505  22.006 0.0000000000
85879  6.121  -50.706  22.521 0.0000000000
85880  6.715  -50.926  21.860 0.0000000000
85881  7.389  -51.486  21.656 0.0000000000
85882  7.285  -51.321  21.127 0.0000000000
85883  7.714  -52.030  20.428 0.0000000000
85884  7.202  -51.219  20.673 0.0000000000
85885  6.340  -50.291  19.963 0.0000000000
85886  7.031  -50.989  19.762 0.0000000000
85887  6.914  -50.919  19.299 0.0000000000
85888  7.279  -51.755  18.606 0.0000000000
85889  6.820  -50.812  18.839 0.0000000000
85890  4.815  -47.789  20.523 0.0000000000
85891  4.758  -48.363  20.362 0.0000000000
85892  4.918  -48.180  19.984 0.0000000000
85893  5.527  -48.961  18.443 0.0000000000
85894  5.586  -49.163  18.835 0.0000000000
85895  6.075  -49.772  18.218 0.0000000000
85896  6.607  -50.698  17.951 0.0000000000
85897  6.485  -50.585  17.543 0.0000000000
85898  6.532  -51.637  16.824 0.0000000000
85899  6.357  -50.522  17.116 0.0000000000
85900  5.909  -49.451  16.623 0.0000000000
85901  6.123  -50.458  16.287 0.0000000000
85902  6.052  -50.400  15.910 0.0000000000
85903  5.990  -51.388  15.250 0.0000000000
85904  5.989  -50.295  15.580 0.0000000000
85906  9.060  -45.607  22.429 0.0000000000
85908  9.012  -46.259  20.815 0.0000000000
85909  8.950  -46.394  21.144 0.0000000000
85910  8.726  -46.734  20.645 0.0000000000
85911  8.198  -47.074  20.396 0.0000000000
85912  8.495  -47.047  20.103 0.0000000000
85916  8.256  -47.529  18.268 0.0000000000
85917  8.554  -47.243  18.877 0.0000000000
85918  7.971  -47.528  18.554 0.0000000000
85919  7.668  -47.511  18.833 0.0000000000
85920  7.222  -47.667  18.156 0.0000000000
85921  6.464  -47.791  17.697 0.0000000000
85922  6.801  -47.841  17.446 0.0000000000
85923  6.360  -48.474  15.691 0.0000000000
85924  6.228  -48.535  15.992 0.0000000000
85925  6.117  -49.197  15.273 0.0000000000
85926  5.993  -50.134  14.911 0.0000000000
85927  6.037  -50.008  14.562 0.0000000000
85928  5.934  -50.921  13.827 0.0000000000
85929  6.137  -49.891  14.252 0.0000000000
85930  6.711  -48.935  14.106 0.0000000000
85931  6.366  -49.685  13.624 0.0000000000
85932  6.536  -49.604  13.325 0.0000000000
85933  6.370  -50.324  12.518 0.0000000000
85934  6.671  -49.429  13.076 0.0000000000
85935  9.082  -47.424  15.808 0.0000000000
85936  8.541  -47.789  15.466 0.0000000000
85937  8.733  -47.699  15.166 0.0000000000
85938  8.089  -48.162  13.507 0.0000000000
85939  7.873  -48.262  13.758 0.0000000000
85940  7.480  -48.601  13.003 0.0000000000
85941  7.003  -49.176  12.519 0.0000000000
85942  7.171  -49.033  12.224 0.0000000000
85943  6.963  -49.626  11.421 0.0000000000
85944  7.338  -48.892  11.964 0.0000000000
85945  8.218  -48.090  12.003 0.0000000000
85946  7.648  -48.543  11.528 0.0000000000
85947  7.865  -48.405  11.267 0.0000000000
85948  7.588  -48.769  10.517 0.0000000000
85949  8.019  -48.238  11.002 0.0000000000
86013  9.354  -47.086  11.349 0.0000000000
86014  9.229  -47.269  11.611 0.0000000000
86015  8.809  -47.477  10.903 0.0000000000
86016  8.277  -47.884  10.438 0.0000000000
86017  8.390  -47.675  10.164 0.0000000000
86018  8.126  -47.983  9.454 0.0000000000
86019  8.525  -47.495  9.920 0.0000000000
86020  9.334  -46.787  9.993 0.0000000000
86021  8.766  -47.099  9.486 0.0000000000
86022  8.925  -46.967  9.239 0.0000000000
86023  8.600  -47.217  8.497 0.0000000000
86024  9.031  -46.760  9.004 0.0000000000
86031  9.289  -46.394  8.557 0.0000000000
86032  9.433  -46.203  8.319 0.0000000000
86033  9.104  -46.378  7.637 0.0000000000
86034  9.587  -46.029  8.121 0.0000000000
86036  9.863  -45.680  7.685 0.0000000000
86037  9.995  -45.482  7.455 0.0000000000
86038  9.645  -45.611  6.806 0.0000000000
86063  10.231  -44.818  5.981 0.0000000000
86650  18.347  -50.394  6.558 0.0000000000
86651  19.122  -50.682  6.707 0.0000000000
86652  19.277  -50.327  6.467 0.0000000000
86653  20.236  -50.235  6.335 0.0000000000
86654  19.398  -49.972  6.169 0.0000000000
86655  15.294  -49.112  5.792 0.0000000000
86656  16.040  -49.459  6.015 0.0000000000
86657  16.169  -49.159  5.711 0.0000000000
86658  17.972  -48.885  5.075 0.0000000000
86659  17.894  -49.158  5.440 0.0000000000
86660  18.716  -49.129  5.320 0.0000000000
86661  19.543  -49.351  5.501 0.0000000000
86662  19.566  -49.116  5.084 0.0000000000
86664  19.610  -48.884  4.657 0.0000000000
86665  18.879  -48.228  3.650 0.0000000000
86666  19.651  -48.454  3.829 0.0000000000
86667  19.653  -48.239  3.394 0.0000000000
86668  20.420  -48.256  3.066 0.0000000000
86669  19.619  -48.017  2.965 0.0000000000
86670  19.585  -47.784  2.564 0.0000000000
86671  18.839  -47.779  2.832 0.0000000000
86672  16.600  -47.139  2.737 0.0000000000
86673  17.359  -47.236  2.508 0.0000000000
86674  16.575  -46.884  2.381 0.0000000000
86675  16.527  -46.590  2.035 0.0000000000
86676  15.813  -46.476  2.289 0.0000000000
86677  13.529  -46.537  3.572 0.0000000000
86678  14.354  -46.738  3.396 0.0000000000
86679  13.598  -46.270  3.265 0.0000000000
86680  12.883  -45.084  2.677 0.0000000000
86681  13.595  -45.652  2.677 0.0000000000
86682  13.595  -45.313  2.426 0.0000000000
86683  14.326  -45.521  2.160 0.0000000000
86684  13.576  -44.980  2.160 0.0000000000
86685  13.554  -44.615  1.895 0.0000000000
86686  12.890  -44.380  2.215 0.0000000000
86687  11.668  -43.224  3.147 0.0000000000
86688  11.913  -43.298  2.654 0.0000000000
86689  11.830  -42.915  3.050 0.0000000000
86690  12.072  -42.675  2.938 0.0000000000
92237  12.534  -42.768  1.942 0.0000000000
92238  12.808  -42.723  1.582 0.0000000000
92239  12.666  -42.326  1.985 0.0000000000
92240  12.907  -41.918  2.093 0.0000000000
93162  6.340  -37.422  34.664 0.0000000000
93163  6.424  -37.856  34.097 0.0000000000
93164  6.457  -38.286  33.585 0.0000000000
93165  6.231  -37.834  33.688 0.0000000000
93166  5.934  -37.844  33.343 0.0000000000
93167  5.614  -37.865  33.007 0.0000000000
93226  8.504  -51.446  8.422 0.0000000000
93227  9.309  -51.743  8.485 0.0000000000
93228  8.727  -51.275  8.193 0.0000000000
93229  8.973  -51.098  7.977 0.0000000000
93230  9.216  -50.893  7.795 0.0000000000
93231  9.428  -50.719  7.591 0.0000000000
93232  8.690  -50.275  7.693 0.0000000000
93233  8.292  -49.580  7.779 0.0000000000
93234  8.115  -48.867  8.126 0.0000000000
93835  15.356  -41.232  -2.076 0.0000000000
93836  16.019  -41.780  -2.314 0.0000000000
93837  15.564  -41.064  -2.372 0.0000000000
93838  15.792  -40.907  -2.680 0.0000000000
93839  16.027  -40.788  -2.967 0.0000000000
93840  16.218  -40.628  -3.254 0.0000000000
93841  15.679  -40.125  -2.914 0.0000000000
94314  5.595  -52.670  12.270 0.0000000000
96613  12.857  -45.058  32.336 0.0000000000
96614  12.462  -45.207  32.092 0.0000000000
96615  5.837  -46.372  31.508 0.0000000000
96616  6.266  -46.885  31.411 0.0000000000
96617  5.690  -47.141  31.389 0.0000000000
96618  5.552  -47.885  31.208 0.0000000000
96619  5.454  -48.611  30.926 0.0000000000
96620  5.450  -49.247  30.447 0.0000000000
96621  4.992  -48.833  30.697 0.0000000000
96622  4.582  -49.038  30.434 0.0000000000
96623  4.270  -49.179  30.093 0.0000000000
96645  8.724  -33.979  29.155 0.0000000000
96646  8.218  -33.938  29.253 0.0000000000
96647  7.530  -33.884  29.221 0.0000000000
96648  6.836  -33.829  29.166 0.0000000000
96649  7.119  -34.538  29.013 0.0000000000
96650  6.673  -35.166  28.793 0.0000000000
96651  6.215  -35.736  28.586 0.0000000000
96652  5.745  -36.280  28.398 0.0000000000
96653  6.454  -36.395  28.438 0.0000000000
96654  6.682  -37.008  28.293 0.0000000000
96655  6.869  -37.696  28.145 0.0000000000
96656  9.043  -43.789  24.836 0.0000000000
96657  8.716  -43.782  25.138 0.0000000000
96658  8.622  -44.296  24.724 0.0000000000
96659  8.062  -44.751  24.553 0.0000000000
96660  7.406  -45.172  24.350 0.0000000000
96661  6.684  -45.623  24.149 0.0000000000
96662  7.261  -45.611  23.887 0.0000000000
96663  7.119  -46.012  23.396 0.0000000000
96664  6.918  -46.371  22.879 0.0000000000
96665  6.598  -46.679  22.294 0.0000000000
96666  7.379  -46.412  22.609 0.0000000000
96667  7.815  -46.466  22.342 0.0000000000
96668  8.226  -46.504  22.091 0.0000000000
96817  11.370  -47.847  5.288 0.0000000000
96818  12.169  -48.132  5.253 0.0000000000
96819  11.463  -47.559  5.071 0.0000000000
96820  11.575  -47.285  4.843 0.0000000000
96821  11.657  -46.989  4.606 0.0000000000
96822  11.765  -46.702  4.397 0.0000000000
96823  11.018  -46.419  4.566 0.0000000000
96824  10.511  -45.815  4.659 0.0000000000
96825  10.201  -45.254  4.893 0.0000000000
98150  17.938  -46.667  1.483 0.0000000000
98151  18.350  -46.566  1.183 0.0000000000
98152  17.536  -46.216  1.105 0.0000000000
98153  17.115  -45.723  0.753 0.0000000000
98154  16.699  -45.215  0.424 0.0000000000
98155  13.745  -42.357  0.294 0.0000000000
98156  14.275  -42.947  0.002 0.0000000000
98157  13.936  -42.239  -0.030 0.0000000000
98158  14.142  -42.118  -0.345 0.0000000000
98159  14.366  -41.999  -0.652 0.0000000000
98160  14.581  -41.874  -0.956 0.0000000000
98161  14.196  -41.334  -0.597 0.0000000000
98162  14.231  -40.729  -0.417 0.0000000000
100922  7.327  -38.859  35.158 0.0000000000
100924  7.564  -39.211  35.084 0.0000000000
100925  7.846  -39.555  35.004 0.0000000000
100926  8.200  -39.888  34.885 0.0000000000
100927  8.687  -40.265  34.804 0.0000000000
100928  8.609  -40.231  34.340 0.0000000000
100929  8.999  -40.646  33.826 0.0000000000
100930  9.372  -41.117  33.348 0.0000000000
100931  9.686  -41.623  32.920 0.0000000000
100932  9.103  -41.230  33.020 0.0000000000
100933  8.785  -41.390  32.761 0.0000000000
100934  8.438  -41.569  32.501 0.0000000000
100935  6.307  -40.558  32.223 0.0000000000
100936  6.746  -41.058  32.171 0.0000000000
100937  6.337  -41.227  32.001 0.0000000000
100938  6.343  -41.944  31.857 0.0000000000
100939  6.334  -42.677  31.777 0.0000000000
100940  6.316  -43.365  31.715 0.0000000000
100941  5.886  -42.861  31.690 0.0000000000
100942  5.451  -43.023  31.608 0.0000000000
100943  5.020  -43.193  31.521 0.0000000000
101124  12.766  -53.512  8.560 0.0000000000
101125  13.420  -53.992  8.758 0.0000000000
101126  13.659  -53.950  8.430 0.0000000000
101127  14.546  -54.251  8.287 0.0000000000
101134  15.477  -52.832  7.617 0.0000000000
101135  14.749  -52.475  7.465 0.0000000000
101136  14.111  -52.091  7.281 0.0000000000
101137  10.267  -49.854  6.896 0.0000000000
101138  11.079  -50.279  6.843 0.0000000000
101139  10.481  -49.636  6.701 0.0000000000
101140  10.614  -49.371  6.532 0.0000000000
101141  10.740  -49.124  6.332 0.0000000000
101142  10.916  -48.901  6.119 0.0000000000
101143  10.130  -48.497  6.242 0.0000000000
101144  9.601  -47.847  6.271 0.0000000000
101145  9.201  -47.159  6.484 0.0000000000
102943  19.839  -46.001  -0.175 0.0000000000
102945  20.222  -45.866  -0.547 0.0000000000
102946  20.602  -45.739  -0.953 0.0000000000
102948  19.530  -43.632  -3.008 0.0000000000
102949  20.162  -44.217  -2.802 0.0000000000
104381  7.271  -52.623  9.349 0.0000000000
104382  7.506  -52.377  9.138 0.0000000000
104383  6.949  -52.098  9.285 0.0000000000
104384  6.805  -51.437  9.522 0.0000000000
104385  6.815  -50.741  9.924 0.0000000000
111285  10.116  -44.251  31.823 0.0000000000
111286  10.578  -44.676  31.731 0.0000000000
111287  10.059  -44.928  31.587 0.0000000000
111288  9.983  -45.621  31.387 0.0000000000
111289  9.924  -46.318  31.247 0.0000000000
111290  8.096  -48.455  30.737 0.0000000000
111291  8.656  -48.154  30.817 0.0000000000
111292  8.598  -48.789  30.424 0.0000000000
111293  9.091  -49.094  30.064 0.0000000000
111294  9.600  -49.350  29.671 0.0000000000
111295  10.101  -49.671  29.272 0.0000000000
111296  9.632  -49.819  29.060 0.0000000000
111297  9.739  -50.310  28.405 0.0000000000
111301  9.083  -51.051  27.262 0.0000000000
111302  8.736  -51.181  27.012 0.0000000000
111303  6.105  -50.878  27.582 0.0000000000
111304  6.751  -50.994  27.173 0.0000000000
111305  6.405  -51.086  26.779 0.0000000000
111306  6.772  -51.299  25.996 0.0000000000
111307  7.200  -51.487  25.281 0.0000000000
111308  7.642  -51.745  24.613 0.0000000000
111309  6.948  -51.464  24.901 0.0000000000
111310  6.743  -51.373  24.504 0.0000000000
111311  6.572  -51.249  24.092 0.0000000000
111385  4.652  -33.726  29.705 0.0000000000
111386  4.575  -33.139  30.088 0.0000000000
111387  4.496  -33.809  30.202 0.0000000000
111388  4.536  -33.861  30.791 0.0000000000
111389  4.675  -33.929  31.416 0.0000000000
111390  4.854  -34.060  32.024 0.0000000000
111391  4.701  -34.658  31.509 0.0000000000
111392  4.725  -35.358  31.675 0.0000000000
111393  4.737  -36.064  31.807 0.0000000000
111394  4.768  -36.711  31.956 0.0000000000
111395  4.555  -36.666  31.425 0.0000000000
111396  4.366  -37.247  31.092 0.0000000000
111397  4.186  -37.843  30.754 0.0000000000
111398  4.280  -38.827  28.607 0.0000000000
111399  4.100  -38.918  29.127 0.0000000000
111400  4.123  -39.576  28.906 0.0000000000
111401  4.051  -40.350  29.274 0.0000000000
111402  3.995  -41.134  29.661 0.0000000000
111403  3.981  -41.881  30.100 0.0000000000
111404  3.988  -41.800  29.471 0.0000000000
111405  4.006  -42.515  29.426 0.0000000000
111406  4.028  -43.206  29.329 0.0000000000
111407  9.015  -39.217  27.609 0.0000000000
111408  8.537  -39.182  27.766 0.0000000000
111409  8.619  -39.795  27.491 0.0000000000
111410  8.138  -40.337  27.311 0.0000000000
111411  7.603  -40.852  27.105 0.0000000000
111412  6.506  -43.718  26.012 0.0000000000
111413  6.523  -43.142  26.339 0.0000000000
111414  5.942  -43.816  26.349 0.0000000000
111415  5.436  -43.946  26.765 0.0000000000
111416  5.008  -44.121  27.262 0.0000000000
111417  4.649  -44.292  27.807 0.0000000000
111418  4.741  -44.980  27.585 0.0000000000
111419  4.542  -45.867  27.920 0.0000000000
111420  4.333  -46.725  28.232 0.0000000000
111421  4.156  -47.571  28.511 0.0000000000
111422  4.315  -47.398  27.796 0.0000000000
111423  4.262  -47.942  27.214 0.0000000000
111424  4.175  -48.384  26.602 0.0000000000
111425  4.491  -47.803  23.577 0.0000000000
111426  4.352  -48.211  24.138 0.0000000000
111427  4.298  -48.493  23.515 0.0000000000
111428  4.312  -49.139  23.445 0.0000000000
111429  4.512  -49.700  23.373 0.0000000000
111430  4.919  -50.178  23.282 0.0000000000
111431  4.826  -49.895  22.728 0.0000000000
111432  5.321  -50.075  22.092 0.0000000000
111433  5.906  -50.268  21.491 0.0000000000
111434  6.489  -50.565  20.901 0.0000000000
111435  5.780  -50.070  21.031 0.0000000000
111436  5.677  -49.857  20.592 0.0000000000
111437  5.631  -49.665  20.126 0.0000000000
111438  5.367  -47.550  19.878 0.0000000000
111439  5.018  -47.975  19.614 0.0000000000
111440  5.251  -47.877  19.262 0.0000000000
111441  5.327  -48.305  18.654 0.0000000000
111442  5.592  -48.849  18.054 0.0000000000
111443  5.930  -49.575  17.379 0.0000000000
111444  5.623  -48.740  17.698 0.0000000000
111445  5.715  -48.628  17.365 0.0000000000
111446  5.832  -48.613  16.993 0.0000000000
111452  9.001  -46.615  18.433 0.0000000000
111453  8.953  -46.704  18.771 0.0000000000
111454  8.845  -47.111  18.232 0.0000000000
111455  8.455  -47.486  17.958 0.0000000000
111456  7.867  -47.736  17.607 0.0000000000
111457  7.115  -47.888  17.180 0.0000000000
111458  7.377  -47.904  16.909 0.0000000000
111459  6.903  -48.108  16.181 0.0000000000
111460  6.626  -48.495  15.437 0.0000000000
111461  6.354  -48.997  14.714 0.0000000000
111462  6.857  -48.459  15.155 0.0000000000
111463  6.997  -48.442  14.851 0.0000000000
111464  7.249  -48.449  14.566 0.0000000000
111465  9.244  -47.140  15.185 0.0000000000
111466  8.935  -47.611  14.860 0.0000000000
111467  9.052  -47.490  14.558 0.0000000000
111468  8.732  -47.793  13.926 0.0000000000
111469  8.291  -48.062  13.229 0.0000000000
111470  7.827  -48.324  12.503 0.0000000000
111471  8.507  -47.961  12.962 0.0000000000
111472  8.650  -47.826  12.701 0.0000000000
111473  8.787  -47.720  12.415 0.0000000000
111515  9.058  -47.130  10.396 0.0000000000
111892  17.181  -51.223  7.112 0.0000000000
111893  18.088  -51.156  7.004 0.0000000000
111894  17.350  -50.854  6.915 0.0000000000
111895  17.446  -50.463  6.669 0.0000000000
111896  17.577  -50.096  6.407 0.0000000000
111897  15.510  -48.546  5.156 0.0000000000
111898  16.282  -48.884  5.378 0.0000000000
111899  16.414  -48.626  5.017 0.0000000000
111900  17.224  -48.639  4.855 0.0000000000
111901  18.034  -48.632  4.676 0.0000000000
111902  18.839  -48.638  4.503 0.0000000000
111903  18.050  -48.400  4.286 0.0000000000
111904  18.075  -48.195  3.869 0.0000000000
111905  18.099  -47.975  3.467 0.0000000000
111906  18.073  -47.755  3.073 0.0000000000
111907  17.319  -47.693  3.283 0.0000000000
111908  16.603  -47.403  3.095 0.0000000000
111909  15.853  -47.038  2.972 0.0000000000
111910  12.096  -45.478  3.414 0.0000000000
111911  12.871  -45.727  3.172 0.0000000000
111912  12.169  -45.177  3.186 0.0000000000
111913  12.218  -44.881  2.932 0.0000000000
111914  12.244  -44.524  2.758 0.0000000000
111915  12.254  -44.168  2.543 0.0000000000
111916  11.725  -43.980  2.948 0.0000000000
111917  11.445  -43.491  3.249 0.0000000000
111918  11.570  -43.222  3.670 0.0000000000
115379  14.839  -44.943  1.306 0.0000000000
115380  15.243  -44.927  1.013 0.0000000000
115381  14.496  -44.367  1.036 0.0000000000
115382  14.113  -43.739  0.810 0.0000000000
115383  13.727  -43.061  0.663 0.0000000000
115384  13.075  -42.632  1.246 0.0000000000
115385  13.293  -42.523  0.936 0.0000000000
115386  13.510  -42.424  0.622 0.0000000000
115387  13.462  -41.848  0.672 0.0000000000
115388  13.581  -41.335  0.804 0.0000000000
117538  7.099  -38.490  35.233 0.0000000000
117539  7.269  -38.771  34.692 0.0000000000
117540  7.377  -39.082  34.157 0.0000000000
117541  7.419  -39.522  33.692 0.0000000000
117542  7.553  -40.018  33.257 0.0000000000
117543  7.187  -39.596  33.343 0.0000000000
117544  6.947  -39.678  33.025 0.0000000000
117545  6.656  -39.770  32.760 0.0000000000
117546  6.426  -38.757  33.190 0.0000000000
117547  6.364  -39.304  32.826 0.0000000000
117548  6.329  -39.891  32.505 0.0000000000
117549  5.967  -40.014  32.263 0.0000000000
117550  5.594  -40.147  32.068 0.0000000000
117551  5.224  -40.263  31.873 0.0000000000
117691  11.347  -53.036  9.317 0.0000000000
117692  11.624  -53.070  8.990 0.0000000000
117693  10.152  -52.135  8.625 0.0000000000
117694  10.995  -52.606  8.682 0.0000000000
117695  11.874  -53.088  8.639 0.0000000000
117696  12.111  -53.000  8.334 0.0000000000
117697  12.330  -52.838  8.074 0.0000000000
117698  12.563  -52.647  7.817 0.0000000000
117699  12.781  -52.465  7.591 0.0000000000
117700  11.915  -52.085  7.604 0.0000000000
117701  11.295  -51.453  7.404 0.0000000000
117702  10.672  -50.773  7.218 0.0000000000
117703  9.661  -50.531  7.445 0.0000000000
117704  9.875  -50.318  7.274 0.0000000000
117705  10.068  -50.078  7.074 0.0000000000
117706  9.510  -49.426  7.022 0.0000000000
117707  9.033  -48.732  7.083 0.0000000000
117708  8.703  -48.045  7.287 0.0000000000
119107  17.625  -43.934  -1.427 0.0000000000
119108  18.522  -44.340  -1.488 0.0000000000
119109  17.887  -43.759  -1.757 0.0000000000
119110  18.170  -43.569  -2.109 0.0000000000
119111  18.372  -43.370  -2.454 0.0000000000
119112  16.822  -42.263  -2.505 0.0000000000
119113  17.712  -42.755  -2.650 0.0000000000
119114  18.613  -43.194  -2.811 0.0000000000
119115  18.863  -43.027  -3.180 0.0000000000
119116  19.035  -42.833  -3.575 0.0000000000
119117  19.183  -42.676  -3.978 0.0000000000
119118  19.304  -42.528  -4.388 0.0000000000
119119  18.540  -42.052  -4.073 0.0000000000
119120  17.878  -41.415  -4.133 0.0000000000
119121  17.261  -40.761  -4.149 0.0000000000
119122  16.389  -40.450  -3.544 0.0000000000
120227  6.060  -52.575  10.449 0.0000000000
120228  6.152  -51.790  10.925 0.0000000000
125594  12.167  -47.872  30.839 0.0000000000
125595  8.060  -45.283  31.479 0.0000000000
125596  8.507  -45.742  31.388 0.0000000000
125597  7.956  -46.015  31.341 0.0000000000
125598  7.818  -46.761  31.273 0.0000000000
125599  7.705  -47.434  31.165 0.0000000000
125600  6.695  -47.326  31.302 0.0000000000
125601  7.130  -47.727  31.170 0.0000000000
125602  7.596  -48.111  30.988 0.0000000000
125603  7.565  -48.741  30.654 0.0000000000
125604  7.553  -49.285  30.116 0.0000000000
125605  7.594  -49.737  29.492 0.0000000000
125606  7.688  -50.139  28.807 0.0000000000
125607  7.111  -49.969  29.280 0.0000000000
125608  6.679  -50.205  29.011 0.0000000000
125609  6.253  -50.434  28.718 0.0000000000
125610  5.515  -49.815  29.860 0.0000000000
125611  5.667  -50.300  29.164 0.0000000000
125612  5.855  -50.642  28.363 0.0000000000
125613  5.470  -50.780  27.960 0.0000000000
125614  5.139  -50.843  27.509 0.0000000000
125615  4.866  -50.818  27.030 0.0000000000
125673  5.254  -33.052  29.403 0.0000000000
125674  6.118  -33.740  29.107 0.0000000000
125675  5.476  -33.691  29.135 0.0000000000
125676  4.992  -33.688  29.341 0.0000000000
125677  4.749  -34.321  29.340 0.0000000000
125678  4.554  -34.993  29.398 0.0000000000
125679  4.403  -35.709  29.517 0.0000000000
125680  4.285  -36.375  29.719 0.0000000000
125681  4.397  -36.311  29.194 0.0000000000
125682  4.404  -36.894  28.884 0.0000000000
125683  4.445  -37.478  28.589 0.0000000000
125684  5.293  -36.853  28.299 0.0000000000
125685  4.865  -37.471  28.283 0.0000000000
125686  4.515  -38.139  28.383 0.0000000000
125687  4.580  -38.778  28.195 0.0000000000
125688  4.700  -39.399  28.007 0.0000000000
125689  4.837  -40.056  27.832 0.0000000000
125690  9.221  -41.605  26.336 0.0000000000
125691  8.825  -41.570  26.587 0.0000000000
125692  8.890  -42.173  26.265 0.0000000000
125693  8.371  -42.666  26.122 0.0000000000
125694  7.737  -43.135  25.949 0.0000000000
125695  8.231  -43.724  25.369 0.0000000000
125696  7.679  -43.651  25.577 0.0000000000
125697  7.075  -43.661  25.790 0.0000000000
125698  6.443  -44.272  25.678 0.0000000000
125699  5.866  -44.959  25.637 0.0000000000
125700  5.314  -45.754  25.698 0.0000000000
125701  4.938  -46.532  25.796 0.0000000000
125702  5.228  -46.163  25.261 0.0000000000
125703  5.122  -46.558  24.782 0.0000000000
125704  4.989  -46.910  24.256 0.0000000000
125705  5.988  -46.100  23.977 0.0000000000
125706  5.392  -46.630  23.834 0.0000000000
125707  4.889  -47.200  23.700 0.0000000000
125708  4.746  -47.433  23.102 0.0000000000
125709  4.601  -47.657  22.466 0.0000000000
125710  4.577  -47.953  21.843 0.0000000000
125711  4.588  -48.303  21.285 0.0000000000
125712  4.682  -47.665  21.427 0.0000000000
125713  4.951  -47.506  21.090 0.0000000000
125714  5.257  -47.391  20.765 0.0000000000
125715  6.242  -46.929  21.704 0.0000000000
125716  5.914  -47.142  21.097 0.0000000000
125717  5.575  -47.311  20.464 0.0000000000
125718  5.979  -47.322  20.201 0.0000000000
125719  6.303  -47.344  19.937 0.0000000000
125720  6.657  -47.384  19.663 0.0000000000
125730  9.053  -46.883  17.567 0.0000000000
125731  8.954  -47.265  17.008 0.0000000000
125732  8.745  -47.593  16.420 0.0000000000
125733  9.097  -47.181  16.711 0.0000000000
126067  14.118  -49.775  6.296 0.0000000000
126068  15.021  -49.794  6.342 0.0000000000
126069  14.257  -49.420  6.069 0.0000000000
126070  14.401  -49.085  5.825 0.0000000000
126071  14.529  -48.780  5.535 0.0000000000
126072  12.992  -48.318  5.249 0.0000000000
126073  13.810  -48.417  5.265 0.0000000000
126074  14.660  -48.483  5.248 0.0000000000
126075  14.727  -48.194  4.927 0.0000000000
126076  14.833  -47.939  4.595 0.0000000000
126077  14.952  -47.704  4.257 0.0000000000
126078  14.984  -47.431  3.888 0.0000000000
126079  14.203  -47.275  4.047 0.0000000000
126080  13.468  -46.826  3.867 0.0000000000
126081  12.725  -46.341  3.730 0.0000000000
126082  11.875  -46.442  4.149 0.0000000000
126083  11.958  -46.113  3.914 0.0000000000
126084  12.017  -45.781  3.662 0.0000000000
126085  11.383  -45.223  3.701 0.0000000000
126086  10.926  -44.692  3.871 0.0000000000
126087  10.748  -44.238  4.205 0.0000000000
129128  20.317  -46.982  0.956 0.0000000000
129129  19.920  -46.570  0.550 0.0000000000
129130  18.741  -46.434  0.861 0.0000000000
129131  19.114  -46.284  0.525 0.0000000000
129132  19.476  -46.147  0.181 0.0000000000
129133  19.014  -45.691  -0.168 0.0000000000
129134  18.521  -45.199  -0.513 0.0000000000
129135  17.973  -44.670  -0.830 0.0000000000
129136  15.575  -44.842  0.714 0.0000000000
129137  15.906  -44.748  0.413 0.0000000000
129138  16.230  -44.647  0.114 0.0000000000
129139  14.972  -43.516  -0.101 0.0000000000
129140  15.730  -44.041  -0.164 0.0000000000
129141  16.519  -44.511  -0.198 0.0000000000
129142  16.808  -44.377  -0.502 0.0000000000
129143  17.101  -44.239  -0.813 0.0000000000
129144  17.370  -44.091  -1.120 0.0000000000
129145  16.773  -43.477  -1.395 0.0000000000
129146  16.166  -42.813  -1.633 0.0000000000
129147  15.632  -42.124  -1.764 0.0000000000
129148  14.786  -41.718  -1.241 0.0000000000
129149  14.981  -41.554  -1.516 0.0000000000
129150  15.169  -41.399  -1.797 0.0000000000
129151  14.897  -40.720  -1.738 0.0000000000
129152  14.848  -40.108  -1.584 0.0000000000
130149  5.382  -53.269  13.924 0.0000000000
134993  10.988  -41.711  34.070 0.0000000000
134994  11.407  -42.171  33.550 0.0000000000
134995  11.692  -42.749  33.125 0.0000000000
134996  11.878  -43.371  32.771 0.0000000000
134997  11.360  -42.930  32.788 0.0000000000
134998  10.988  -43.128  32.509 0.0000000000
134999  10.559  -43.342  32.280 0.0000000000
135000  9.913  -42.225  32.603 0.0000000000
135001  10.048  -42.866  32.340 0.0000000000
135002  10.110  -43.554  32.087 0.0000000000
135003  9.621  -43.799  31.934 0.0000000000
135004  9.150  -44.054  31.816 0.0000000000
135005  8.677  -44.303  31.743 0.0000000000
135006  7.733  -40.554  32.878 0.0000000000
135007  7.931  -41.150  32.566 0.0000000000
135008  8.078  -41.807  32.289 0.0000000000
135009  7.193  -41.561  32.134 0.0000000000
135010  7.670  -42.044  32.117 0.0000000000
135011  8.181  -42.462  32.099 0.0000000000
135012  8.227  -43.132  31.940 0.0000000000
135013  8.214  -43.830  31.832 0.0000000000
135014  8.142  -44.563  31.660 0.0000000000
135015  7.615  -44.819  31.572 0.0000000000
135016  7.094  -45.069  31.552 0.0000000000
135017  6.557  -45.349  31.553 0.0000000000
135018  6.266  -44.048  31.675 0.0000000000
135019  6.152  -44.796  31.614 0.0000000000
135020  6.007  -45.591  31.535 0.0000000000
135021  5.455  -45.812  31.553 0.0000000000
135022  4.968  -46.027  31.502 0.0000000000
135023  4.541  -46.207  31.343 0.0000000000
135081  8.781  -36.065  28.666 0.0000000000
135082  8.508  -36.703  28.574 0.0000000000
135083  8.950  -36.734  28.441 0.0000000000
135084  9.060  -37.348  28.189 0.0000000000
135085  9.156  -37.970  27.933 0.0000000000
135088  9.279  -38.607  27.656 0.0000000000
135089  9.313  -39.190  27.355 0.0000000000
135090  9.365  -39.786  27.048 0.0000000000
135107  9.229  -43.716  24.469 0.0000000000
135108  9.172  -44.226  24.048 0.0000000000
135109  9.165  -44.738  23.616 0.0000000000
135110  9.016  -45.221  23.181 0.0000000000
135408  14.024  -54.442  8.942 0.0000000000
135427  16.612  -52.373  7.536 0.0000000000
135428  16.779  -51.963  7.439 0.0000000000
135429  16.973  -51.592  7.283 0.0000000000
135430  16.206  -51.262  7.156 0.0000000000
135431  15.407  -50.886  6.979 0.0000000000
135432  14.709  -50.537  6.758 0.0000000000
135433  12.983  -52.201  7.429 0.0000000000
135434  13.196  -51.912  7.251 0.0000000000
135435  13.397  -51.612  7.072 0.0000000000
135436  11.934  -50.724  6.823 0.0000000000
135437  12.717  -51.049  6.858 0.0000000000
135438  13.534  -51.243  6.927 0.0000000000
135439  13.672  -50.864  6.782 0.0000000000
135440  13.835  -50.513  6.668 0.0000000000
135441  13.985  -50.151  6.501 0.0000000000
135442  13.270  -49.735  6.212 0.0000000000
135443  12.640  -49.288  5.921 0.0000000000
135444  11.967  -48.770  5.684 0.0000000000
135445  11.064  -48.674  5.920 0.0000000000
135446  11.199  -48.445  5.708 0.0000000000
135447  11.303  -48.166  5.508 0.0000000000
135448  10.657  -47.511  5.403 0.0000000000
135449  10.081  -46.857  5.447 0.0000000000
135450  9.724  -46.231  5.676 0.0000000000
139201  19.452  -44.699  -1.586 0.0000000000
139202  20.326  -45.044  -1.728 0.0000000000
139228  19.406  -42.398  -4.798 0.0000000000
142124  9.315  -52.342  9.333 0.0000000000
142125  8.739  -52.029  8.905 0.0000000000
142126  7.738  -52.098  8.950 0.0000000000
142127  7.985  -51.843  8.815 0.0000000000
142128  8.232  -51.664  8.594 0.0000000000
142129  7.834  -51.118  8.519 0.0000000000
142130  7.551  -50.473  8.668 0.0000000000
142131  7.434  -49.775  9.029 0.0000000000
156010  11.977  -44.009  32.435 0.0000000000
156011  11.974  -44.707  32.128 0.0000000000
156012  11.937  -45.362  31.809 0.0000000000
156013  11.016  -45.117  31.642 0.0000000000
156014  11.451  -45.559  31.558 0.0000000000
156015  11.885  -46.004  31.496 0.0000000000
156016  11.862  -46.683  31.203 0.0000000000
156017  11.757  -47.380  30.971 0.0000000000
156018  11.651  -48.050  30.683 0.0000000000
156019  8.917  -46.187  31.283 0.0000000000
156020  9.385  -46.563  31.186 0.0000000000
156021  9.843  -46.964  31.078 0.0000000000
156022  9.212  -47.894  30.867 0.0000000000
156023  9.746  -47.659  30.904 0.0000000000
156024  10.277  -47.399  30.961 0.0000000000
156025  10.721  -47.790  30.809 0.0000000000
156026  11.148  -48.238  30.573 0.0000000000
156027  11.587  -48.674  30.309 0.0000000000
156028  11.529  -49.253  29.846 0.0000000000
156031  10.596  -50.049  28.889 0.0000000000
156046  7.889  -50.515  28.091 0.0000000000
156047  8.122  -50.863  27.405 0.0000000000
156048  8.386  -51.300  26.737 0.0000000000
156049  7.408  -51.171  26.775 0.0000000000
156050  8.053  -51.420  26.400 0.0000000000
156051  8.696  -51.785  26.036 0.0000000000
156052  8.929  -52.222  25.431 0.0000000000
156058  8.079  -52.060  23.946 0.0000000000
156059  8.511  -52.505  23.256 0.0000000000
156211  4.564  -32.489  30.541 0.0000000000
156224  5.544  -35.725  34.003 0.0000000000
156225  5.663  -36.310  33.961 0.0000000000
156226  5.546  -36.837  33.434 0.0000000000
156227  5.410  -37.356  33.009 0.0000000000
156228  5.281  -37.856  32.647 0.0000000000
156229  4.828  -37.320  32.119 0.0000000000
156230  4.939  -37.905  32.275 0.0000000000
156231  5.128  -38.432  32.327 0.0000000000
156232  5.005  -39.039  32.039 0.0000000000
156233  4.888  -39.679  31.817 0.0000000000
156234  4.789  -40.314  31.632 0.0000000000
156235  4.184  -37.056  29.960 0.0000000000
156236  4.103  -37.743  30.207 0.0000000000
156237  4.058  -38.430  30.476 0.0000000000
156238  4.000  -38.986  29.697 0.0000000000
156239  3.998  -39.056  30.251 0.0000000000
156240  4.113  -39.104  30.797 0.0000000000
156241  4.232  -39.765  31.054 0.0000000000
156242  4.426  -40.422  31.292 0.0000000000
156243  4.712  -41.060  31.469 0.0000000000
156244  4.651  -41.827  31.393 0.0000000000
156245  4.612  -42.617  31.366 0.0000000000
156246  4.538  -43.298  31.326 0.0000000000
156247  4.034  -42.614  30.557 0.0000000000
156248  4.177  -43.370  30.986 0.0000000000
156249  4.426  -44.027  31.310 0.0000000000
156250  4.339  -44.783  31.258 0.0000000000
156251  4.253  -45.544  31.169 0.0000000000
156252  4.134  -46.282  31.042 0.0000000000
156253  8.042  -37.255  28.422 0.0000000000
156254  7.579  -37.835  28.211 0.0000000000
156255  7.054  -38.380  27.981 0.0000000000
156256  7.920  -39.108  27.811 0.0000000000
156257  7.233  -39.009  27.792 0.0000000000
156258  6.483  -38.908  27.765 0.0000000000
156259  5.899  -39.430  27.606 0.0000000000
156260  5.348  -40.015  27.532 0.0000000000
156261  4.941  -40.705  27.643 0.0000000000
156262  8.294  -41.517  26.753 0.0000000000
156263  7.651  -41.466  26.852 0.0000000000
156264  6.995  -41.387  26.918 0.0000000000
156265  6.473  -42.544  26.593 0.0000000000
156266  6.388  -41.946  26.837 0.0000000000
156267  6.322  -41.313  27.050 0.0000000000
156268  5.654  -41.287  27.211 0.0000000000
156269  5.038  -41.379  27.502 0.0000000000
156270  4.630  -41.474  27.914 0.0000000000
156271  4.397  -42.284  28.292 0.0000000000
156272  4.217  -43.095  28.723 0.0000000000
156273  4.060  -43.905  29.188 0.0000000000
156274  4.349  -44.474  28.392 0.0000000000
156275  4.119  -44.657  29.028 0.0000000000
156276  3.955  -44.755  29.666 0.0000000000
156277  3.932  -45.511  30.126 0.0000000000
156278  3.967  -46.286  30.526 0.0000000000
156279  4.102  -47.031  30.796 0.0000000000
156280  4.085  -47.796  30.481 0.0000000000
156281  4.063  -48.533  30.048 0.0000000000
156282  4.080  -49.194  29.462 0.0000000000
156283  4.031  -48.395  28.701 0.0000000000
156284  3.964  -49.146  28.744 0.0000000000
156285  4.099  -49.774  28.801 0.0000000000
156286  4.178  -50.213  28.037 0.0000000000
156287  4.361  -50.509  27.230 0.0000000000
156288  4.576  -50.725  26.454 0.0000000000
156289  4.610  -47.284  25.877 0.0000000000
156290  4.322  -48.023  25.943 0.0000000000
156291  4.106  -48.754  26.026 0.0000000000
156292  4.205  -48.641  24.719 0.0000000000
156293  4.125  -49.074  25.346 0.0000000000
156294  4.031  -49.443  25.995 0.0000000000
156295  4.149  -50.015  25.928 0.0000000000
156296  4.436  -50.496  25.818 0.0000000000
156297  4.917  -50.863  25.680 0.0000000000
156298  5.357  -50.954  24.981 0.0000000000
156299  5.832  -51.013  24.293 0.0000000000
156300  6.380  -51.087  23.587 0.0000000000
156301  5.527  -50.574  23.164 0.0000000000
156302  6.260  -50.879  23.054 0.0000000000
156303  6.994  -51.225  22.871 0.0000000000
156304  7.531  -51.571  22.174 0.0000000000
156305  7.949  -52.153  21.455 0.0000000000
156310  7.077  -51.104  20.226 0.0000000000
156311  7.530  -51.908  19.513 0.0000000000
156316  4.751  -48.648  20.770 0.0000000000
156317  5.061  -49.033  20.253 0.0000000000
156318  5.563  -49.498  19.698 0.0000000000
156319  5.147  -48.657  19.405 0.0000000000
156320  5.610  -49.333  19.273 0.0000000000
156321  6.213  -50.020  19.074 0.0000000000
156322  6.743  -50.741  18.396 0.0000000000
156323  6.900  -51.705  17.704 0.0000000000
156325  6.441  -52.736  16.622 0.0000000000
156326  6.267  -52.739  16.194 0.0000000000
156327  6.043  -52.637  15.794 0.0000000000
156328  6.238  -50.499  16.673 0.0000000000
156329  6.207  -51.536  15.991 0.0000000000
156330  5.897  -52.563  15.376 0.0000000000
156331  5.826  -52.471  14.996 0.0000000000
156332  5.729  -52.355  14.602 0.0000000000
156333  5.687  -52.271  14.199 0.0000000000
156334  8.902  -45.693  22.761 0.0000000000
156335  8.752  -46.102  22.303 0.0000000000
156336  8.518  -46.477  21.796 0.0000000000
156337  9.031  -45.957  21.617 0.0000000000
156338  8.741  -46.459  21.446 0.0000000000
156339  8.246  -46.813  21.266 0.0000000000
156340  7.862  -47.065  20.661 0.0000000000
156341  7.493  -47.298  20.033 0.0000000000
156342  7.034  -47.448  19.361 0.0000000000
156345  8.959  -46.543  19.974 0.0000000000
156346  8.893  -46.817  19.116 0.0000000000
156347  8.841  -46.954  19.463 0.0000000000
156348  8.665  -46.999  19.767 0.0000000000
156349  8.133  -47.313  19.491 0.0000000000
156350  7.374  -47.499  19.099 0.0000000000
156351  6.573  -47.580  18.673 0.0000000000
156352  6.194  -47.750  17.990 0.0000000000
156353  5.999  -48.050  17.349 0.0000000000
156354  5.911  -48.516  16.650 0.0000000000
156355  6.431  -48.046  16.723 0.0000000000
156356  6.054  -48.524  16.308 0.0000000000
156357  5.957  -49.297  15.939 0.0000000000
156358  5.974  -50.185  15.254 0.0000000000
156359  5.878  -51.181  14.555 0.0000000000
156360  5.668  -52.143  13.819 0.0000000000
156361  5.693  -51.984  13.443 0.0000000000
156362  5.771  -51.817  13.070 0.0000000000
156363  5.871  -51.661  12.700 0.0000000000
156364  6.251  -49.802  13.944 0.0000000000
156365  6.139  -50.639  13.152 0.0000000000
156366  5.983  -51.539  12.322 0.0000000000
156367  6.118  -51.330  11.987 0.0000000000
156368  6.250  -51.095  11.699 0.0000000000
156369  6.398  -50.821  11.471 0.0000000000
156370  8.341  -47.851  15.753 0.0000000000
156371  7.892  -48.108  15.020 0.0000000000
156372  7.452  -48.399  14.283 0.0000000000
156373  8.320  -47.979  14.480 0.0000000000
156374  7.657  -48.344  14.020 0.0000000000
156375  7.090  -48.795  13.557 0.0000000000
156376  6.798  -49.262  12.826 0.0000000000
156377  6.657  -49.918  12.024 0.0000000000
156378  6.551  -50.602  11.198 0.0000000000
156379  6.692  -50.432  10.893 0.0000000000
156380  6.825  -50.191  10.637 0.0000000000
156381  7.000  -49.960  10.401 0.0000000000
156382  7.520  -48.735  11.741 0.0000000000
156383  7.304  -49.185  10.972 0.0000000000
156384  7.142  -49.689  10.211 0.0000000000
156385  7.282  -49.449  9.995 0.0000000000
156386  7.446  -49.257  9.738 0.0000000000
156387  7.584  -49.005  9.504 0.0000000000
156461  9.260  -47.273  12.808 0.0000000000
156462  8.941  -47.577  12.137 0.0000000000
156464  9.057  -47.407  11.873 0.0000000000
156465  8.528  -47.806  11.441 0.0000000000
156466  8.129  -48.051  10.720 0.0000000000
156467  7.871  -48.387  9.985 0.0000000000
156468  7.734  -48.791  9.247 0.0000000000
156469  7.889  -48.611  8.998 0.0000000000
156470  8.016  -48.372  8.764 0.0000000000
156471  8.132  -48.148  8.508 0.0000000000
156472  8.648  -47.299  9.697 0.0000000000
156473  8.342  -47.554  8.965 0.0000000000
156474  8.252  -47.964  8.273 0.0000000000
156475  8.401  -47.796  8.046 0.0000000000
156476  8.529  -47.581  7.831 0.0000000000
156477  8.622  -47.344  7.617 0.0000000000
156483  9.644  -46.486  9.486 0.0000000000
156484  9.161  -46.578  8.798 0.0000000000
156485  8.795  -46.733  8.106 0.0000000000
156486  8.759  -47.114  7.422 0.0000000000
156487  8.857  -46.898  7.202 0.0000000000
156488  9.003  -46.716  6.985 0.0000000000
156489  9.149  -46.504  6.790 0.0000000000
156490  9.686  -45.832  7.904 0.0000000000
156491  9.393  -46.021  7.225 0.0000000000
156492  9.270  -46.308  6.568 0.0000000000
156493  9.411  -46.101  6.386 0.0000000000
156494  9.494  -45.841  6.175 0.0000000000
156495  9.668  -45.645  5.979 0.0000000000
156521  9.909  -45.228  6.387 0.0000000000
156522  9.802  -45.440  5.769 0.0000000000
156523  9.947  -45.213  5.572 0.0000000000
156524  10.107  -44.973  5.403 0.0000000000
156525  10.245  -44.739  5.219 0.0000000000
156528  10.440  -44.548  5.038 0.0000000000
156529  10.581  -44.289  4.870 0.0000000000
156530  10.784  -44.086  4.732 0.0000000000
156531  10.986  -43.860  4.606 0.0000000000
156540  11.210  -43.636  4.468 0.0000000000
157230  18.968  -51.067  6.922 0.0000000000
157231  19.917  -50.954  6.846 0.0000000000
157236  15.896  -49.809  6.319 0.0000000000
157237  16.797  -49.803  6.209 0.0000000000
157238  17.700  -49.745  6.097 0.0000000000
157239  17.040  -49.175  5.584 0.0000000000
157240  17.804  -49.435  5.773 0.0000000000
157241  18.582  -49.708  6.000 0.0000000000
157242  19.477  -49.654  5.852 0.0000000000
157243  20.367  -49.614  5.633 0.0000000000
157248  19.657  -48.672  4.253 0.0000000000
157254  20.357  -47.795  2.248 0.0000000000
157255  19.566  -47.526  2.137 0.0000000000
157256  18.790  -47.265  2.007 0.0000000000
157257  18.080  -47.521  2.673 0.0000000000
157258  18.049  -47.256  2.255 0.0000000000
157259  18.010  -46.978  1.864 0.0000000000
157260  17.230  -46.662  1.769 0.0000000000
157261  16.473  -46.294  1.698 0.0000000000
157262  15.697  -45.844  1.650 0.0000000000
157263  15.058  -47.163  3.539 0.0000000000
157264  15.107  -46.900  3.185 0.0000000000
157265  15.108  -46.620  2.850 0.0000000000
157266  13.632  -45.960  2.966 0.0000000000
157267  14.362  -46.160  2.749 0.0000000000
157268  15.117  -46.356  2.527 0.0000000000
157269  15.074  -46.025  2.212 0.0000000000
157270  15.022  -45.687  1.897 0.0000000000
157271  14.933  -45.330  1.608 0.0000000000
157272  14.194  -44.793  1.581 0.0000000000
157273  13.503  -44.226  1.641 0.0000000000
157274  12.874  -43.649  1.813 0.0000000000
157275  12.313  -43.807  2.381 0.0000000000
157276  12.338  -43.453  2.221 0.0000000000
157277  12.415  -43.109  2.085 0.0000000000
157278  12.212  -42.652  2.431 0.0000000000
157279  12.322  -42.421  2.868 0.0000000000
