#!ascii label  , from subject studyTemplate vox2ras=TkReg
1797
31  11.490  -77.921  5.456 0.0000000000
131  14.291  -94.485  4.464 0.0000000000
338  12.911  -87.748  5.161 0.0000000000
437  12.678  -68.364  6.010 0.0000000000
554  7.213  -77.558  13.673 0.0000000000
557  17.106  -68.701  11.431 0.0000000000
818  13.631  -83.040  4.334 0.0000000000
819  7.836  -86.950  -0.443 0.0000000000
820  5.897  -82.378  3.023 0.0000000000
1220  4.474  -81.663  10.366 0.0000000000
1228  13.422  -65.453  10.149 0.0000000000
1229  19.895  -64.995  8.342 0.0000000000
1230  22.202  -67.326  8.074 0.0000000000
1373  13.124  -99.373  3.316 0.0000000000
1375  17.659  -96.422  -2.257 0.0000000000
1760  13.558  -91.257  4.937 0.0000000000
1761  14.476  -92.405  -2.339 0.0000000000
1762  9.347  -91.247  -0.604 0.0000000000
1979  10.229  -72.668  8.183 0.0000000000
2297  7.101  -93.436  4.778 0.0000000000
2298  7.834  -88.898  7.247 0.0000000000
2299  10.942  -84.317  11.055 0.0000000000
2300  13.230  -80.483  12.589 0.0000000000
2307  5.847  -67.722  13.579 0.0000000000
2308  10.841  -71.715  15.636 0.0000000000
2309  14.977  -75.080  11.625 0.0000000000
2310  17.656  -71.588  7.873 0.0000000000
2311  22.570  -67.976  4.700 0.0000000000
2738  12.762  -80.513  4.517 0.0000000000
2739  10.061  -82.233  2.586 0.0000000000
2740  8.830  -79.941  4.254 0.0000000000
3150  22.067  -64.655  8.364 0.0000000000
3293  13.946  -96.834  4.168 0.0000000000
3294  15.664  -98.059  0.924 0.0000000000
3295  16.432  -95.220  1.531 0.0000000000
3893  12.924  -89.753  5.295 0.0000000000
3894  12.541  -90.369  1.310 0.0000000000
3895  11.048  -88.930  2.096 0.0000000000
4343  11.161  -70.124  7.733 0.0000000000
4344  7.244  -71.006  9.492 0.0000000000
4345  8.289  -68.091  8.324 0.0000000000
5100  7.230  -91.273  5.624 0.0000000000
5101  4.683  -87.632  6.539 0.0000000000
5102  6.005  -79.824  11.952 0.0000000000
5103  7.943  -83.005  10.367 0.0000000000
5104  9.284  -81.271  12.426 0.0000000000
5105  12.363  -82.464  12.129 0.0000000000
5106  10.097  -79.284  14.022 0.0000000000
5125  14.994  -67.185  10.652 0.0000000000
5126  11.596  -67.912  12.901 0.0000000000
5127  13.826  -69.504  13.791 0.0000000000
5128  13.740  -73.849  15.173 0.0000000000
5129  16.086  -71.797  12.736 0.0000000000
5130  15.992  -73.071  9.964 0.0000000000
5131  18.315  -70.913  10.420 0.0000000000
5132  24.459  -65.716  7.316 0.0000000000
5133  23.019  -68.371  6.719 0.0000000000
5134  25.391  -65.962  5.774 0.0000000000
5567  14.133  -94.756  -4.496 0.0000000000
6080  13.693  -85.602  4.514 0.0000000000
6081  10.871  -86.977  1.673 0.0000000000
6082  10.839  -84.590  1.660 0.0000000000
6083  6.962  -84.459  0.945 0.0000000000
6807  3.933  -76.179  13.460 0.0000000000
6820  16.947  -64.897  8.937 0.0000000000
6821  18.283  -66.801  8.488 0.0000000000
6822  19.576  -68.290  9.506 0.0000000000
6823  20.914  -65.937  7.392 0.0000000000
6824  23.026  -64.779  7.356 0.0000000000
7082  16.759  -98.944  -3.178 0.0000000000
7083  17.901  -97.450  -6.603 0.0000000000
7946  14.115  -92.523  4.428 0.0000000000
7947  16.090  -92.498  1.183 0.0000000000
7948  14.567  -90.868  0.745 0.0000000000
7949  11.647  -91.707  -2.107 0.0000000000
7951  8.296  -89.474  -0.255 0.0000000000
8525  10.494  -75.328  6.974 0.0000000000
8526  7.459  -77.126  6.573 0.0000000000
8527  6.852  -74.186  8.557 0.0000000000
9439  10.881  -98.407  5.503 0.0000000000
9440  10.905  -96.495  5.557 0.0000000000
9449  10.781  -94.520  5.392 0.0000000000
9450  10.565  -92.714  5.844 0.0000000000
9451  10.451  -91.022  6.903 0.0000000000
9452  10.931  -88.846  8.081 0.0000000000
9453  6.289  -85.156  8.358 0.0000000000
9454  9.181  -86.381  9.395 0.0000000000
9455  12.789  -86.566  8.835 0.0000000000
9456  14.243  -84.469  8.734 0.0000000000
9457  14.658  -82.051  8.476 0.0000000000
9458  14.520  -79.529  8.176 0.0000000000
9478  3.108  -71.152  14.946 0.0000000000
9479  5.439  -72.732  15.138 0.0000000000
9480  9.599  -66.228  11.700 0.0000000000
9481  8.178  -69.805  14.840 0.0000000000
9482  8.419  -74.725  15.828 0.0000000000
9483  11.354  -76.726  15.656 0.0000000000
9484  14.031  -77.882  12.613 0.0000000000
9485  13.731  -76.675  8.209 0.0000000000
9486  13.444  -74.221  8.356 0.0000000000
9487  14.041  -71.856  7.894 0.0000000000
9488  15.553  -70.182  6.297 0.0000000000
9489  20.561  -70.032  8.367 0.0000000000
9490  19.888  -70.136  5.946 0.0000000000
9491  17.850  -68.569  4.628 0.0000000000
10009  16.819  -93.871  -2.083 0.0000000000
10010  16.745  -95.334  -5.321 0.0000000000
10027  4.694  -79.526  5.755 0.0000000000
10418  12.170  -79.163  4.890 0.0000000000
10419  10.784  -80.087  4.027 0.0000000000
10420  10.122  -78.879  4.774 0.0000000000
10973  14.225  -95.603  4.359 0.0000000000
10974  15.286  -96.099  2.954 0.0000000000
10975  15.492  -94.763  3.086 0.0000000000
11573  12.699  -88.776  5.356 0.0000000000
11574  12.347  -89.173  3.530 0.0000000000
11575  12.094  -88.236  3.517 0.0000000000
12023  11.849  -69.174  6.876 0.0000000000
12024  9.714  -69.127  8.001 0.0000000000
12025  10.455  -68.148  7.032 0.0000000000
12780  4.185  -88.996  5.999 0.0000000000
12782  6.687  -78.745  12.771 0.0000000000
12783  7.751  -80.527  12.147 0.0000000000
12784  8.279  -79.480  13.022 0.0000000000
12785  9.773  -80.271  13.232 0.0000000000
12786  8.699  -78.376  13.930 0.0000000000
12805  16.011  -67.819  11.161 0.0000000000
12806  14.298  -68.073  12.355 0.0000000000
12807  15.460  -68.888  12.665 0.0000000000
12808  15.114  -70.547  13.635 0.0000000000
12809  16.584  -70.072  12.391 0.0000000000
12810  17.166  -71.320  11.594 0.0000000000
12811  17.871  -69.822  11.285 0.0000000000
12812  25.451  -64.578  7.164 0.0000000000
12813  25.042  -65.962  6.678 0.0000000000
12814  26.053  -64.609  6.486 0.0000000000
12815  26.352  -64.517  5.596 0.0000000000
13973  13.829  -84.327  4.333 0.0000000000
13974  12.444  -85.023  2.736 0.0000000000
13975  12.355  -83.790  2.860 0.0000000000
13976  7.961  -82.202  2.574 0.0000000000
13977  8.494  -83.252  1.705 0.0000000000
13978  6.424  -83.445  1.919 0.0000000000
13979  5.035  -84.596  1.177 0.0000000000
13980  4.537  -83.424  2.212 0.0000000000
15185  3.247  -77.583  13.104 0.0000000000
15207  18.484  -64.896  8.553 0.0000000000
15208  17.561  -65.927  8.274 0.0000000000
15209  19.177  -65.561  7.618 0.0000000000
15210  19.633  -66.377  7.782 0.0000000000
15211  20.433  -65.245  7.401 0.0000000000
15213  22.480  -64.538  7.549 0.0000000000
15214  23.430  -63.901  7.887 0.0000000000
15215  23.960  -64.024  7.559 0.0000000000
15638  12.486  -100.469  2.514 0.0000000000
15640  13.799  -99.954  1.443 0.0000000000
15641  16.873  -97.239  -0.584 0.0000000000
15642  16.321  -98.543  -1.039 0.0000000000
15643  17.387  -97.727  -2.671 0.0000000000
15644  17.574  -98.143  -4.915 0.0000000000
15645  18.020  -96.864  -4.410 0.0000000000
17438  13.791  -91.902  4.566 0.0000000000
17439  14.967  -91.556  2.808 0.0000000000
17440  14.301  -91.016  2.779 0.0000000000
17441  10.954  -90.688  0.208 0.0000000000
17442  12.005  -90.793  -0.513 0.0000000000
17443  10.388  -91.513  -1.414 0.0000000000
17444  10.056  -92.653  -2.882 0.0000000000
17446  9.362  -86.992  0.341 0.0000000000
17447  9.484  -88.100  0.628 0.0000000000
17448  8.075  -88.350  -0.526 0.0000000000
18788  10.230  -74.031  7.692 0.0000000000
18789  8.602  -74.799  7.645 0.0000000000
18790  8.508  -73.337  8.454 0.0000000000
21033  9.486  -98.959  5.923 0.0000000000
21034  9.453  -98.049  5.658 0.0000000000
21035  10.988  -97.381  5.636 0.0000000000
21036  9.314  -97.175  5.427 0.0000000000
21057  7.140  -94.586  4.651 0.0000000000
21058  8.962  -95.202  5.035 0.0000000000
21059  8.887  -94.130  5.039 0.0000000000
21060  10.664  -93.574  5.437 0.0000000000
21061  8.811  -93.172  5.305 0.0000000000
21062  7.485  -90.163  6.362 0.0000000000
21063  8.876  -91.270  6.287 0.0000000000
21064  9.005  -90.237  7.012 0.0000000000
21065  10.547  -90.047  7.486 0.0000000000
21066  9.265  -89.054  7.860 0.0000000000
21067  3.822  -82.709  9.811 0.0000000000
21068  4.588  -84.335  8.322 0.0000000000
21069  5.518  -83.265  9.131 0.0000000000
21070  9.381  -83.715  10.832 0.0000000000
21071  8.550  -84.740  9.847 0.0000000000
21072  10.074  -85.240  10.290 0.0000000000
21073  10.947  -86.597  9.597 0.0000000000
21074  11.904  -85.522  10.168 0.0000000000
21075  13.648  -85.538  8.852 0.0000000000
21076  12.732  -84.556  10.421 0.0000000000
21077  12.856  -81.524  12.386 0.0000000000
21078  13.908  -82.532  10.705 0.0000000000
21079  14.154  -81.442  10.618 0.0000000000
21080  14.647  -80.823  8.248 0.0000000000
21081  14.383  -80.293  10.545 0.0000000000
21132  4.183  -69.169  14.359 0.0000000000
21133  4.178  -71.863  14.746 0.0000000000
21134  5.311  -70.126  14.583 0.0000000000
21135  13.054  -64.603  11.262 0.0000000000
21136  11.101  -64.937  11.759 0.0000000000
21137  11.514  -65.856  10.848 0.0000000000
21138  11.009  -69.550  14.509 0.0000000000
21139  9.886  -68.755  13.951 0.0000000000
21140  9.496  -70.766  15.405 0.0000000000
21141  8.109  -72.203  15.794 0.0000000000
21142  9.566  -73.208  16.041 0.0000000000
21143  9.889  -75.729  15.833 0.0000000000
21144  11.015  -74.213  16.108 0.0000000000
21145  14.694  -74.759  13.691 0.0000000000
21146  13.824  -76.181  14.421 0.0000000000
21147  14.427  -76.464  12.327 0.0000000000
21148  14.401  -77.542  10.316 0.0000000000
21149  14.415  -76.143  10.083 0.0000000000
21150  13.503  -75.437  8.292 0.0000000000
21151  14.518  -74.918  9.766 0.0000000000
21152  16.686  -72.260  8.901 0.0000000000
21153  15.167  -72.636  8.688 0.0000000000
21154  15.791  -71.788  7.806 0.0000000000
21155  14.690  -71.013  7.176 0.0000000000
21156  16.709  -71.008  6.896 0.0000000000
21157  20.932  -67.866  8.744 0.0000000000
21158  20.243  -69.256  9.214 0.0000000000
21159  21.524  -68.704  8.349 0.0000000000
21160  22.986  -68.286  5.695 0.0000000000
21161  21.693  -69.420  6.329 0.0000000000
21162  21.253  -69.107  5.229 0.0000000000
21163  18.975  -69.410  5.099 0.0000000000
21164  20.320  -68.412  4.445 0.0000000000
21166  21.708  -67.295  3.992 0.0000000000
22456  15.695  -92.079  -0.812 0.0000000000
22457  16.637  -93.011  -0.485 0.0000000000
22458  15.836  -92.976  -2.195 0.0000000000
22459  13.994  -95.555  -5.790 0.0000000000
22460  15.480  -94.914  -4.790 0.0000000000
22461  15.385  -95.565  -6.355 0.0000000000
22462  16.531  -96.006  -7.104 0.0000000000
22463  15.176  -96.205  -8.026 0.0000000000
22501  5.519  -76.705  7.498 0.0000000000
22502  6.087  -78.372  6.308 0.0000000000
22503  4.099  -77.915  7.077 0.0000000000
23360  13.270  -81.795  4.429 0.0000000000
23361  11.968  -82.572  3.146 0.0000000000
23362  11.437  -81.367  3.498 0.0000000000
23363  9.479  -81.111  3.297 0.0000000000
23364  7.413  -81.137  3.651 0.0000000000
24101  20.703  -65.287  9.492 0.0000000000
24102  20.993  -64.976  8.296 0.0000000000
24359  13.605  -98.087  3.850 0.0000000000
24360  14.462  -98.803  2.184 0.0000000000
24361  14.931  -97.484  2.679 0.0000000000
24362  16.104  -96.727  1.296 0.0000000000
24363  17.090  -95.839  -0.312 0.0000000000
25439  13.321  -90.509  5.182 0.0000000000
25440  13.644  -90.533  2.951 0.0000000000
25441  12.967  -89.964  3.334 0.0000000000
25442  11.665  -89.831  1.918 0.0000000000
25443  10.108  -90.063  0.883 0.0000000000
25444  6.097  -86.972  -0.663 0.0000000000
25445  6.578  -88.348  -1.154 0.0000000000
26249  10.623  -71.332  8.316 0.0000000000
26250  8.705  -71.869  8.886 0.0000000000
26251  9.172  -70.425  8.734 0.0000000000
26252  7.688  -69.453  9.143 0.0000000000
27612  7.109  -92.326  5.115 0.0000000000
27613  5.541  -90.986  5.281 0.0000000000
27614  5.860  -89.738  5.917 0.0000000000
27615  6.359  -88.412  6.789 0.0000000000
27616  5.260  -80.737  11.106 0.0000000000
27617  6.323  -82.218  10.137 0.0000000000
27618  7.091  -81.386  11.136 0.0000000000
27619  8.626  -82.158  11.424 0.0000000000
27620  10.131  -82.885  11.776 0.0000000000
27621  11.756  -83.389  11.678 0.0000000000
27622  10.744  -81.963  12.604 0.0000000000
27623  11.231  -81.079  13.220 0.0000000000
27624  11.625  -80.084  13.730 0.0000000000
27656  7.126  -65.819  13.232 0.0000000000
27657  14.096  -66.485  10.171 0.0000000000
27658  12.355  -66.808  11.138 0.0000000000
27659  13.284  -67.387  11.795 0.0000000000
27660  12.665  -68.591  13.447 0.0000000000
27661  12.272  -70.486  14.827 0.0000000000
27662  12.292  -72.751  15.683 0.0000000000
27663  13.653  -71.449  14.771 0.0000000000
27664  14.885  -72.625  14.131 0.0000000000
27665  15.583  -73.564  12.569 0.0000000000
27666  15.430  -74.012  10.854 0.0000000000
27667  16.376  -72.795  11.424 0.0000000000
27668  17.228  -72.154  10.227 0.0000000000
27669  18.226  -71.595  9.160 0.0000000000
27670  23.324  -66.606  7.623 0.0000000000
27671  22.789  -68.011  7.611 0.0000000000
27672  23.925  -67.059  7.069 0.0000000000
27673  24.226  -67.158  6.200 0.0000000000
27674  24.202  -67.063  5.164 0.0000000000
27675  23.785  -66.677  4.250 0.0000000000
27676  25.328  -65.733  4.805 0.0000000000
28450  12.841  -93.281  -3.297 0.0000000000
28451  14.299  -93.616  -3.430 0.0000000000
28452  12.665  -94.635  -4.323 0.0000000000
29546  13.290  -86.773  4.812 0.0000000000
29547  12.189  -87.226  3.256 0.0000000000
29548  12.340  -86.232  2.919 0.0000000000
29549  10.882  -85.868  1.472 0.0000000000
29550  9.269  -85.653  0.477 0.0000000000
29551  10.516  -83.346  2.061 0.0000000000
29552  8.917  -84.386  0.997 0.0000000000
29553  7.452  -85.628  0.118 0.0000000000
29554  5.613  -85.723  0.185 0.0000000000
30176  13.737  -67.537  5.102 0.0000000000
30177  11.373  -67.220  6.069 0.0000000000
31242  3.542  -80.410  11.795 0.0000000000
31243  4.135  -79.221  12.145 0.0000000000
31244  4.882  -78.032  12.686 0.0000000000
31245  5.579  -76.796  13.465 0.0000000000
31274  15.203  -65.118  9.491 0.0000000000
31275  15.822  -66.185  9.140 0.0000000000
31276  16.689  -67.021  9.559 0.0000000000
31277  17.545  -67.709  10.046 0.0000000000
31278  18.314  -68.530  10.407 0.0000000000
31279  18.887  -67.456  9.113 0.0000000000
31280  20.212  -67.068  8.472 0.0000000000
31281  21.471  -66.568  7.959 0.0000000000
31282  21.497  -64.930  7.385 0.0000000000
31283  22.022  -65.365  7.217 0.0000000000
31284  22.619  -65.988  7.666 0.0000000000
31285  23.704  -65.292  7.509 0.0000000000
31286  24.641  -64.316  7.461 0.0000000000
31882  15.086  -99.275  0.327 0.0000000000
31883  15.612  -99.656  -1.671 0.0000000000
34184  14.319  -93.409  4.486 0.0000000000
34185  15.526  -93.463  3.020 0.0000000000
34186  15.340  -92.395  2.902 0.0000000000
34187  15.466  -91.516  0.879 0.0000000000
34188  14.571  -91.393  -1.024 0.0000000000
34189  13.551  -90.523  0.874 0.0000000000
34190  13.257  -90.934  -1.002 0.0000000000
34191  13.060  -91.994  -2.350 0.0000000000
34192  11.497  -92.991  -3.246 0.0000000000
34195  10.844  -87.938  2.052 0.0000000000
34196  9.623  -89.103  0.895 0.0000000000
34197  8.667  -90.440  -0.178 0.0000000000
34198  6.899  -89.726  -1.264 0.0000000000
34199  7.318  -90.830  -1.183 0.0000000000
35843  10.930  -76.652  6.142 0.0000000000
35844  9.425  -77.485  5.818 0.0000000000
35845  8.925  -76.195  6.715 0.0000000000
35846  7.031  -75.695  7.582 0.0000000000
35847  5.253  -75.153  8.580 0.0000000000
35848  6.889  -72.608  9.321 0.0000000000
38552  11.588  -100.008  4.053 0.0000000000
38554  10.577  -99.477  5.252 0.0000000000
38555  12.071  -98.908  4.698 0.0000000000
38556  12.404  -97.738  5.009 0.0000000000
38557  12.562  -96.664  5.162 0.0000000000
38558  12.675  -95.607  5.272 0.0000000000
38583  9.109  -96.249  5.180 0.0000000000
38584  10.899  -95.535  5.444 0.0000000000
38585  12.672  -94.579  5.342 0.0000000000
38586  12.629  -93.579  5.321 0.0000000000
38587  12.364  -92.814  5.402 0.0000000000
38588  12.215  -92.100  5.832 0.0000000000
38589  8.762  -92.172  5.758 0.0000000000
38590  10.492  -91.889  6.364 0.0000000000
38591  12.199  -91.365  6.378 0.0000000000
38592  12.128  -90.529  6.790 0.0000000000
38593  12.078  -89.550  7.092 0.0000000000
38594  12.436  -88.350  7.137 0.0000000000
38595  3.839  -85.561  7.681 0.0000000000
38596  5.429  -86.312  7.372 0.0000000000
38597  6.980  -87.069  7.792 0.0000000000
38598  7.124  -84.024  9.390 0.0000000000
38599  7.754  -85.920  8.853 0.0000000000
38600  8.413  -87.635  8.406 0.0000000000
38601  10.020  -87.788  8.824 0.0000000000
38602  11.772  -87.663  8.600 0.0000000000
38603  13.107  -87.295  7.067 0.0000000000
38604  13.842  -86.290  6.862 0.0000000000
38605  14.395  -85.121  6.625 0.0000000000
38606  14.622  -83.856  6.369 0.0000000000
38607  13.402  -83.563  10.666 0.0000000000
38608  14.588  -83.282  8.635 0.0000000000
38609  14.511  -82.569  6.274 0.0000000000
38610  14.299  -81.254  6.116 0.0000000000
38611  13.955  -79.945  6.045 0.0000000000
38612  13.435  -78.646  6.188 0.0000000000
38673  3.413  -73.827  14.392 0.0000000000
38674  4.658  -74.491  14.351 0.0000000000
38675  6.144  -75.290  14.651 0.0000000000
38677  9.113  -65.276  12.430 0.0000000000
38678  7.709  -66.743  12.658 0.0000000000
38679  10.516  -67.207  12.131 0.0000000000
38680  8.659  -67.853  13.086 0.0000000000
38681  6.851  -68.745  13.941 0.0000000000
38682  6.637  -71.087  15.253 0.0000000000
38683  6.909  -73.744  15.597 0.0000000000
38684  7.727  -76.226  14.965 0.0000000000
38685  9.147  -77.099  15.081 0.0000000000
38686  10.638  -78.089  15.034 0.0000000000
38687  12.189  -78.885  14.322 0.0000000000
38688  12.552  -75.313  15.766 0.0000000000
38689  12.929  -77.629  14.536 0.0000000000
38690  13.677  -79.213  12.628 0.0000000000
38691  14.417  -78.870  10.496 0.0000000000
38692  14.125  -78.066  8.186 0.0000000000
38693  12.765  -77.148  6.585 0.0000000000
38694  12.330  -75.916  7.067 0.0000000000
38695  11.979  -74.655  7.548 0.0000000000
38696  11.892  -73.347  7.884 0.0000000000
38697  14.721  -73.739  9.300 0.0000000000
38698  13.580  -72.974  8.270 0.0000000000
38699  12.125  -72.121  8.002 0.0000000000
38700  12.643  -70.967  7.592 0.0000000000
38701  13.361  -70.092  6.863 0.0000000000
38702  14.204  -69.298  6.037 0.0000000000
38703  19.072  -69.552  10.131 0.0000000000
38704  19.427  -70.546  9.337 0.0000000000
38705  19.358  -71.086  8.139 0.0000000000
38706  21.796  -69.265  7.474 0.0000000000
38707  20.491  -70.369  7.171 0.0000000000
38708  18.737  -70.913  6.868 0.0000000000
38709  17.754  -70.246  5.947 0.0000000000
38710  16.619  -69.383  5.402 0.0000000000
38711  15.248  -68.494  5.110 0.0000000000
38712  16.484  -67.617  4.363 0.0000000000
40261  16.456  -93.749  1.433 0.0000000000
40262  17.085  -94.277  -0.214 0.0000000000
40263  17.477  -95.067  -2.102 0.0000000000
40264  15.670  -94.069  -3.489 0.0000000000
40265  16.846  -94.710  -3.707 0.0000000000
40266  17.723  -95.629  -3.964 0.0000000000
40267  17.657  -96.224  -5.937 0.0000000000
40268  17.242  -96.872  -7.919 0.0000000000
40315  8.081  -78.580  5.441 0.0000000000
40316  6.752  -79.796  5.012 0.0000000000
40317  5.303  -80.998  4.421 0.0000000000
40320  3.931  -81.972  3.468 0.0000000000
41138  11.831  -78.546  5.142 0.0000000000
41139  11.130  -78.990  4.742 0.0000000000
41140  10.799  -78.376  5.077 0.0000000000
41693  14.266  -95.048  4.431 0.0000000000
41694  14.878  -95.202  3.767 0.0000000000
41695  14.944  -94.589  3.814 0.0000000000
42293  12.766  -88.247  5.304 0.0000000000
42294  12.548  -88.525  4.401 0.0000000000
42295  12.548  -88.000  4.344 0.0000000000
42743  12.286  -68.754  6.439 0.0000000000
42744  11.187  -68.651  6.927 0.0000000000
42745  11.565  -68.230  6.478 0.0000000000
43502  6.971  -78.159  13.182 0.0000000000
43503  7.506  -79.115  12.906 0.0000000000
43504  7.748  -78.527  13.322 0.0000000000
43505  8.500  -78.914  13.466 0.0000000000
43506  7.963  -77.927  13.826 0.0000000000
43525  16.554  -68.237  11.346 0.0000000000
43526  15.728  -68.302  11.936 0.0000000000
43527  16.304  -68.754  12.042 0.0000000000
43528  16.049  -69.454  12.634 0.0000000000
43529  16.855  -69.357  12.010 0.0000000000
43530  17.258  -69.956  11.859 0.0000000000
43531  17.496  -69.253  11.450 0.0000000000
43532  25.842  -63.950  7.185 0.0000000000
43533  25.768  -64.651  6.871 0.0000000000
43534  26.175  -63.971  6.868 0.0000000000
43535  26.448  -63.887  6.462 0.0000000000
44693  13.778  -83.676  4.319 0.0000000000
44694  13.149  -84.051  3.513 0.0000000000
44695  12.999  -83.429  3.576 0.0000000000
44696  6.911  -82.299  2.788 0.0000000000
44697  7.175  -82.811  2.266 0.0000000000
44698  6.140  -82.909  2.472 0.0000000000
44699  5.440  -83.523  2.106 0.0000000000
44700  5.155  -82.943  2.667 0.0000000000
45925  19.584  -65.060  8.997 0.0000000000
45926  18.880  -64.918  9.105 0.0000000000
45927  19.204  -64.959  8.430 0.0000000000
45928  18.819  -65.141  7.967 0.0000000000
45929  19.558  -65.085  7.841 0.0000000000
45930  19.830  -65.392  7.485 0.0000000000
45931  20.168  -65.006  7.772 0.0000000000
45933  23.201  -63.926  8.224 0.0000000000
46358  12.818  -99.980  2.921 0.0000000000
46359  13.147  -100.241  1.969 0.0000000000
46360  13.490  -99.714  2.384 0.0000000000
46361  17.351  -96.838  -1.419 0.0000000000
46362  17.197  -97.485  -1.568 0.0000000000
46363  17.594  -97.077  -2.447 0.0000000000
46364  17.773  -97.312  -3.552 0.0000000000
46365  17.856  -96.657  -3.303 0.0000000000
48158  13.644  -91.606  4.751 0.0000000000
48159  14.178  -91.446  3.740 0.0000000000
48160  13.952  -91.161  3.841 0.0000000000
48161  10.155  -90.921  -0.176 0.0000000000
48162  10.647  -91.043  -0.612 0.0000000000
48163  9.871  -91.417  -0.998 0.0000000000
48164  9.637  -91.934  -1.789 0.0000000000
48165  9.101  -91.791  -1.396 0.0000000000
48166  8.626  -86.978  -0.120 0.0000000000
48167  8.700  -87.636  -0.108 0.0000000000
48168  7.999  -87.655  -0.563 0.0000000000
49508  10.203  -73.345  7.950 0.0000000000
49509  9.324  -73.684  8.049 0.0000000000
49510  9.357  -72.967  8.327 0.0000000000
51755  9.403  -97.606  5.540 0.0000000000
51777  7.080  -93.994  4.663 0.0000000000
51778  8.008  -94.367  4.831 0.0000000000
51779  7.972  -93.841  4.880 0.0000000000
51780  8.830  -93.666  5.111 0.0000000000
51781  7.936  -93.346  4.982 0.0000000000
51782  7.654  -89.553  6.785 0.0000000000
51783  8.264  -90.230  6.671 0.0000000000
51784  8.391  -89.646  7.103 0.0000000000
51785  9.120  -89.689  7.427 0.0000000000
51786  8.567  -89.018  7.579 0.0000000000
51787  4.143  -82.172  10.060 0.0000000000
51788  4.601  -82.915  9.320 0.0000000000
51789  5.000  -82.391  9.725 0.0000000000
51790  10.132  -84.069  10.991 0.0000000000
51791  9.713  -84.500  10.559 0.0000000000
51792  10.526  -84.793  10.669 0.0000000000
51793  10.939  -85.462  10.353 0.0000000000
51794  11.410  -84.962  10.676 0.0000000000
51795  12.341  -85.043  10.316 0.0000000000
51796  11.818  -84.477  10.907 0.0000000000
51797  13.056  -81.017  12.478 0.0000000000
51798  13.578  -81.532  11.608 0.0000000000
51799  13.729  -80.994  11.634 0.0000000000
51800  14.280  -80.888  10.546 0.0000000000
51801  13.870  -80.455  11.628 0.0000000000
51850  5.407  -67.229  13.657 0.0000000000
51851  4.492  -67.915  14.103 0.0000000000
51852  4.963  -68.405  13.978 0.0000000000
51853  4.708  -69.642  14.361 0.0000000000
51854  5.487  -68.881  14.057 0.0000000000
51855  13.171  -64.890  10.435 0.0000000000
51856  12.225  -65.113  10.695 0.0000000000
51857  12.486  -65.654  10.488 0.0000000000
51858  10.880  -70.601  15.154 0.0000000000
51859  10.242  -70.151  15.026 0.0000000000
51860  10.174  -71.248  15.544 0.0000000000
51861  9.508  -71.941  15.798 0.0000000000
51862  10.203  -72.428  15.914 0.0000000000
51863  10.268  -73.713  16.070 0.0000000000
51864  10.899  -72.946  15.978 0.0000000000
51865  14.955  -75.009  12.729 0.0000000000
51866  14.577  -75.728  13.126 0.0000000000
51867  14.699  -75.752  12.006 0.0000000000
51868  14.482  -76.375  11.175 0.0000000000
51869  14.671  -75.665  10.915 0.0000000000
51870  14.459  -75.514  9.944 0.0000000000
51871  14.812  -75.070  10.682 0.0000000000
51872  17.139  -71.915  8.395 0.0000000000
51873  16.281  -72.102  8.333 0.0000000000
51874  16.753  -71.724  7.840 0.0000000000
51875  16.218  -71.365  7.379 0.0000000000
51876  17.257  -71.370  7.324 0.0000000000
51877  21.587  -67.598  8.384 0.0000000000
51878  21.249  -68.296  8.603 0.0000000000
51879  21.921  -68.011  8.216 0.0000000000
51880  22.839  -68.179  5.197 0.0000000000
51881  22.181  -68.733  5.448 0.0000000000
51882  21.933  -68.575  4.959 0.0000000000
51883  20.824  -68.778  4.770 0.0000000000
51884  21.466  -68.254  4.540 0.0000000000
51885  20.997  -67.880  4.212 0.0000000000
51886  22.136  -67.655  4.304 0.0000000000
53176  15.209  -92.136  -1.642 0.0000000000
53177  15.871  -92.471  -1.548 0.0000000000
53178  15.209  -92.677  -2.279 0.0000000000
53180  14.713  -95.491  -6.042 0.0000000000
53182  15.282  -95.902  -7.181 0.0000000000
53221  4.613  -76.465  7.998 0.0000000000
53222  4.792  -77.373  7.353 0.0000000000
54293  13.028  -81.177  4.442 0.0000000000
54294  12.373  -81.565  3.875 0.0000000000
54295  12.092  -80.911  3.979 0.0000000000
54296  9.810  -80.013  4.038 0.0000000000
54297  10.129  -80.618  3.632 0.0000000000
54298  9.161  -80.519  3.739 0.0000000000
54299  8.440  -81.088  3.439 0.0000000000
54300  8.151  -80.528  3.945 0.0000000000
55530  21.339  -65.249  9.484 0.0000000000
55958  13.791  -97.469  4.028 0.0000000000
55959  14.289  -97.830  3.271 0.0000000000
55960  14.471  -97.160  3.471 0.0000000000
55961  15.909  -95.674  2.279 0.0000000000
55962  15.736  -96.399  2.171 0.0000000000
55963  16.296  -95.971  1.449 0.0000000000
55964  16.683  -96.250  0.578 0.0000000000
55965  16.793  -95.516  0.648 0.0000000000
57758  13.126  -90.147  5.251 0.0000000000
57759  13.379  -90.144  4.208 0.0000000000
57760  13.096  -89.802  4.289 0.0000000000
57761  11.704  -89.016  2.782 0.0000000000
57762  12.041  -89.471  2.760 0.0000000000
57763  11.323  -89.410  2.070 0.0000000000
57764  10.885  -89.922  1.371 0.0000000000
57765  10.563  -89.449  1.480 0.0000000000
57766  5.231  -86.932  -0.679 0.0000000000
57767  5.459  -87.606  -1.049 0.0000000000
59108  10.891  -70.699  8.102 0.0000000000
59109  9.905  -70.887  8.518 0.0000000000
59110  10.161  -70.233  8.240 0.0000000000
59111  8.975  -68.625  8.156 0.0000000000
59112  8.678  -69.236  8.599 0.0000000000
59113  7.953  -68.715  8.784 0.0000000000
59114  6.998  -68.892  9.336 0.0000000000
59115  7.310  -68.179  8.953 0.0000000000
61380  5.435  -91.592  5.085 0.0000000000
61382  4.378  -88.314  6.241 0.0000000000
61383  5.019  -89.390  5.888 0.0000000000
61384  5.255  -88.733  6.214 0.0000000000
61385  6.095  -89.071  6.322 0.0000000000
61386  5.549  -88.052  6.605 0.0000000000
61387  5.640  -80.293  11.531 0.0000000000
61388  6.205  -81.042  11.067 0.0000000000
61389  6.566  -80.618  11.576 0.0000000000
61390  8.531  -80.922  12.279 0.0000000000
61391  8.212  -81.368  11.784 0.0000000000
61392  8.958  -81.726  11.946 0.0000000000
61393  9.384  -82.529  11.613 0.0000000000
61394  9.701  -82.081  12.104 0.0000000000
61395  10.417  -82.422  12.237 0.0000000000
61396  9.996  -81.611  12.533 0.0000000000
61397  9.948  -79.781  13.626 0.0000000000
61398  10.489  -80.682  13.293 0.0000000000
61399  10.677  -80.237  13.610 0.0000000000
61400  11.439  -80.614  13.470 0.0000000000
61401  10.836  -79.711  13.955 0.0000000000
61455  14.546  -66.846  10.422 0.0000000000
61456  13.674  -66.937  10.962 0.0000000000
61457  14.131  -67.249  11.224 0.0000000000
61458  14.039  -68.718  13.132 0.0000000000
61459  13.469  -68.275  12.924 0.0000000000
61460  13.212  -69.008  13.659 0.0000000000
61461  12.423  -69.460  14.171 0.0000000000
61462  13.013  -69.935  14.324 0.0000000000
61463  12.949  -70.914  14.856 0.0000000000
61464  13.698  -70.377  14.327 0.0000000000
61465  15.660  -71.145  13.289 0.0000000000
61466  14.972  -71.533  13.963 0.0000000000
61467  15.485  -72.166  13.455 0.0000000000
61468  15.298  -73.143  13.447 0.0000000000
61469  15.842  -72.661  12.709 0.0000000000
61470  15.985  -73.134  11.999 0.0000000000
61471  16.292  -72.359  12.115 0.0000000000
61472  17.747  -71.108  11.024 0.0000000000
61473  17.254  -71.798  10.950 0.0000000000
61474  17.795  -71.539  10.364 0.0000000000
61475  17.714  -71.855  9.677 0.0000000000
61476  18.326  -71.298  9.801 0.0000000000
61477  23.907  -66.204  7.444 0.0000000000
61478  23.662  -66.869  7.406 0.0000000000
61479  24.249  -66.447  7.192 0.0000000000
61480  25.241  -65.970  6.257 0.0000000000
61481  24.671  -66.593  6.433 0.0000000000
61482  24.810  -66.585  5.969 0.0000000000
61483  24.285  -67.136  5.679 0.0000000000
61484  24.852  -66.516  5.469 0.0000000000
61485  24.784  -66.421  4.979 0.0000000000
61486  25.390  -65.864  5.298 0.0000000000
61487  26.759  -63.721  5.572 0.0000000000
61488  26.351  -64.381  5.145 0.0000000000
62776  12.001  -93.852  -3.724 0.0000000000
62777  12.740  -93.964  -3.768 0.0000000000
64958  13.483  -86.253  4.676 0.0000000000
64959  12.887  -86.499  3.824 0.0000000000
64960  13.018  -85.934  3.676 0.0000000000
64961  11.697  -84.804  2.115 0.0000000000
64962  11.675  -85.437  2.041 0.0000000000
64963  10.880  -85.233  1.501 0.0000000000
64964  10.101  -85.729  0.932 0.0000000000
64965  10.023  -85.077  1.067 0.0000000000
64966  11.057  -82.340  2.749 0.0000000000
64967  11.272  -82.926  2.551 0.0000000000
64968  10.300  -82.786  2.297 0.0000000000
64969  7.714  -83.847  1.334 0.0000000000
64970  8.708  -83.820  1.328 0.0000000000
64971  7.957  -84.408  0.916 0.0000000000
64972  8.172  -84.962  0.550 0.0000000000
64973  7.207  -85.021  0.507 0.0000000000
64974  6.509  -85.696  0.096 0.0000000000
64975  6.219  -85.091  0.550 0.0000000000
64976  4.175  -84.456  1.178 0.0000000000
64977  4.434  -85.051  0.700 0.0000000000
66308  14.359  -67.115  4.675 0.0000000000
66309  13.110  -66.956  5.052 0.0000000000
68594  3.189  -79.767  12.488 0.0000000000
68595  3.830  -79.804  11.943 0.0000000000
68596  3.362  -79.062  12.525 0.0000000000
68597  3.559  -76.885  13.242 0.0000000000
68598  3.986  -77.774  12.787 0.0000000000
68599  4.347  -77.101  13.062 0.0000000000
68600  5.238  -77.395  13.060 0.0000000000
68601  4.691  -76.422  13.411 0.0000000000
68658  17.472  -64.614  9.445 0.0000000000
68660  16.675  -64.553  9.578 0.0000000000
68661  15.834  -64.570  9.748 0.0000000000
68662  16.057  -64.972  9.196 0.0000000000
68663  15.473  -65.616  9.218 0.0000000000
68664  16.355  -65.466  8.819 0.0000000000
68665  17.927  -66.408  8.339 0.0000000000
68666  17.105  -66.537  8.835 0.0000000000
68667  17.501  -66.970  9.018 0.0000000000
68668  17.087  -67.389  9.841 0.0000000000
68669  17.882  -67.272  9.267 0.0000000000
68670  18.201  -67.604  9.537 0.0000000000
68671  18.544  -67.117  8.762 0.0000000000
68672  20.281  -66.168  7.555 0.0000000000
68673  19.901  -66.716  8.146 0.0000000000
68674  20.548  -66.478  7.911 0.0000000000
68675  20.851  -66.826  8.209 0.0000000000
68676  21.165  -66.236  7.710 0.0000000000
68677  21.540  -64.843  8.285 0.0000000000
68678  21.216  -64.826  7.742 0.0000000000
68679  21.753  -64.707  7.766 0.0000000000
68680  22.727  -64.609  7.353 0.0000000000
68681  22.223  -64.893  7.251 0.0000000000
68682  22.518  -65.094  7.270 0.0000000000
68683  22.300  -65.672  7.476 0.0000000000
68684  22.823  -65.362  7.450 0.0000000000
68685  23.154  -65.658  7.570 0.0000000000
68686  23.340  -65.028  7.443 0.0000000000
68688  24.286  -64.158  7.521 0.0000000000
68690  25.059  -63.787  7.530 0.0000000000
69961  15.068  -98.462  1.572 0.0000000000
69962  14.778  -99.081  1.272 0.0000000000
69963  15.401  -98.685  0.646 0.0000000000
69964  16.560  -98.756  -2.087 0.0000000000
69965  15.973  -99.128  -1.330 0.0000000000
69966  16.211  -99.302  -2.400 0.0000000000
69967  15.828  -99.806  -2.726 0.0000000000
69968  16.405  -99.449  -3.472 0.0000000000
69970  16.928  -99.032  -4.334 0.0000000000
69971  17.814  -97.767  -5.769 0.0000000000
69972  17.559  -98.288  -6.039 0.0000000000
69973  17.721  -97.984  -6.883 0.0000000000
69975  17.639  -97.703  -7.629 0.0000000000
75353  14.246  -92.947  4.442 0.0000000000
75354  14.923  -92.910  3.801 0.0000000000
75355  14.819  -92.442  3.719 0.0000000000
75356  14.914  -91.109  1.766 0.0000000000
75357  15.235  -91.468  1.829 0.0000000000
75358  15.033  -91.146  0.783 0.0000000000
75359  15.179  -91.288  -0.147 0.0000000000
75360  14.587  -91.008  -0.236 0.0000000000
75361  13.239  -90.349  2.027 0.0000000000
75362  13.682  -90.495  1.846 0.0000000000
75363  13.017  -90.428  1.008 0.0000000000
75364  11.818  -91.181  -1.349 0.0000000000
75365  12.629  -90.830  -0.802 0.0000000000
75366  12.438  -91.299  -1.617 0.0000000000
75367  13.125  -91.446  -1.724 0.0000000000
75368  12.334  -91.851  -2.292 0.0000000000
75369  12.299  -92.452  -2.839 0.0000000000
75370  11.596  -92.304  -2.738 0.0000000000
75376  11.561  -87.045  2.442 0.0000000000
75377  11.511  -87.536  2.632 0.0000000000
75378  10.867  -87.452  1.844 0.0000000000
75379  8.861  -88.784  0.189 0.0000000000
75380  9.538  -88.609  0.795 0.0000000000
75381  8.936  -89.284  0.307 0.0000000000
75382  9.094  -89.771  0.372 0.0000000000
75383  8.444  -89.963  -0.181 0.0000000000
75384  5.947  -89.018  -1.536 0.0000000000
75385  6.750  -89.061  -1.256 0.0000000000
75386  6.154  -89.721  -1.658 0.0000000000
75390  7.577  -91.335  -1.238 0.0000000000
79403  10.695  -75.995  6.541 0.0000000000
79404  9.898  -76.438  6.358 0.0000000000
79405  9.693  -75.736  6.821 0.0000000000
79406  7.714  -74.522  8.084 0.0000000000
79407  7.810  -75.250  7.594 0.0000000000
79408  6.892  -74.946  8.089 0.0000000000
79409  6.105  -75.439  8.088 0.0000000000
79410  6.027  -74.643  8.588 0.0000000000
79411  7.962  -71.418  9.236 0.0000000000
79412  7.782  -72.211  9.129 0.0000000000
79413  7.047  -71.786  9.482 0.0000000000
86136  10.851  -100.219  4.444 0.0000000000
86140  10.145  -98.679  5.683 0.0000000000
86141  10.044  -99.198  5.637 0.0000000000
86142  10.781  -98.916  5.386 0.0000000000
86143  11.323  -99.191  4.958 0.0000000000
86144  11.504  -98.644  5.143 0.0000000000
86145  12.239  -98.312  4.883 0.0000000000
86146  11.621  -98.096  5.296 0.0000000000
86147  10.945  -96.924  5.622 0.0000000000
86148  11.767  -97.064  5.442 0.0000000000
86149  11.819  -96.577  5.472 0.0000000000
86150  12.678  -96.120  5.215 0.0000000000
86151  11.863  -96.097  5.512 0.0000000000
86213  8.275  -96.550  5.075 0.0000000000
86214  8.196  -96.013  4.937 0.0000000000
86215  9.903  -94.904  5.234 0.0000000000
86216  9.940  -95.427  5.265 0.0000000000
86217  10.831  -95.027  5.406 0.0000000000
86218  11.780  -95.075  5.457 0.0000000000
86219  11.723  -94.590  5.451 0.0000000000
86220  12.652  -94.101  5.351 0.0000000000
86221  11.699  -94.081  5.408 0.0000000000
86222  10.608  -93.146  5.629 0.0000000000
86223  11.537  -93.207  5.465 0.0000000000
86224  11.445  -92.817  5.693 0.0000000000
86225  12.265  -92.460  5.599 0.0000000000
86226  11.410  -92.425  5.946 0.0000000000
86227  7.155  -91.784  5.353 0.0000000000
86228  7.956  -92.290  5.367 0.0000000000
86229  8.001  -91.795  5.645 0.0000000000
86230  9.628  -91.167  6.653 0.0000000000
86231  9.634  -91.620  6.361 0.0000000000
86232  10.460  -91.472  6.639 0.0000000000
86233  11.358  -91.672  6.540 0.0000000000
86234  11.338  -91.263  6.792 0.0000000000
86235  12.149  -90.935  6.595 0.0000000000
86236  11.279  -90.780  6.990 0.0000000000
86237  10.679  -89.447  7.771 0.0000000000
86238  11.364  -89.816  7.416 0.0000000000
86239  11.494  -89.226  7.601 0.0000000000
86240  12.204  -88.944  7.121 0.0000000000
86241  11.749  -88.626  7.755 0.0000000000
86244  3.491  -84.686  8.388 0.0000000000
86245  5.471  -84.740  8.247 0.0000000000
86246  5.013  -85.299  7.808 0.0000000000
86247  5.864  -85.687  7.842 0.0000000000
86248  6.235  -86.730  7.584 0.0000000000
86249  6.629  -86.120  8.059 0.0000000000
86250  7.170  -82.611  10.209 0.0000000000
86251  6.777  -83.104  9.729 0.0000000000
86252  7.543  -83.481  9.879 0.0000000000
86253  8.856  -85.590  9.616 0.0000000000
86254  8.161  -85.337  9.346 0.0000000000
86255  8.464  -86.189  9.127 0.0000000000
86256  8.055  -86.787  8.653 0.0000000000
86257  8.780  -86.996  8.926 0.0000000000
86258  9.188  -87.736  8.659 0.0000000000
86259  9.588  -87.114  9.136 0.0000000000
86260  11.885  -86.614  9.364 0.0000000000
86261  11.383  -87.182  9.143 0.0000000000
86262  12.269  -87.114  8.742 0.0000000000
86263  12.530  -87.477  7.959 0.0000000000
86264  12.997  -86.980  7.982 0.0000000000
86265  13.480  -86.826  6.995 0.0000000000
86266  13.438  -86.463  7.965 0.0000000000
86267  13.987  -85.013  8.783 0.0000000000
86268  14.220  -85.386  7.813 0.0000000000
86269  14.480  -84.821  7.673 0.0000000000
86270  14.552  -84.499  6.492 0.0000000000
86271  14.662  -84.238  7.577 0.0000000000
86272  12.087  -82.912  11.953 0.0000000000
86273  12.592  -83.523  11.310 0.0000000000
86274  12.908  -83.058  11.451 0.0000000000
86275  14.396  -82.323  9.658 0.0000000000
86276  14.277  -82.921  9.703 0.0000000000
86277  14.635  -82.659  8.572 0.0000000000
86278  14.776  -82.971  7.394 0.0000000000
86279  14.744  -82.343  7.321 0.0000000000
86280  14.429  -81.924  6.213 0.0000000000
86281  14.687  -81.690  7.246 0.0000000000
86282  14.596  -80.169  8.194 0.0000000000
86283  14.527  -80.365  7.049 0.0000000000
86284  14.390  -79.742  7.049 0.0000000000
86285  13.714  -79.313  6.078 0.0000000000
86286  14.198  -79.092  7.062 0.0000000000
86433  3.117  -69.746  14.931 0.0000000000
86438  2.914  -73.548  14.678 0.0000000000
86439  3.224  -72.545  14.765 0.0000000000
86440  4.778  -72.255  14.926 0.0000000000
86441  4.358  -73.237  14.688 0.0000000000
86442  5.008  -73.611  14.808 0.0000000000
86443  5.375  -74.880  14.462 0.0000000000
86444  5.655  -74.038  15.031 0.0000000000
86448  10.237  -65.487  11.419 0.0000000000
86449  10.133  -65.093  12.064 0.0000000000
86450  9.278  -65.656  11.841 0.0000000000
86451  8.306  -65.887  12.299 0.0000000000
86452  8.681  -66.427  12.185 0.0000000000
86453  11.960  -67.322  12.049 0.0000000000
86454  11.407  -66.986  11.640 0.0000000000
86455  11.050  -67.551  12.509 0.0000000000
86456  8.998  -69.246  14.432 0.0000000000
86457  9.264  -68.307  13.561 0.0000000000
86458  8.377  -68.762  14.019 0.0000000000
86459  7.750  -68.248  13.584 0.0000000000
86460  7.508  -69.272  14.407 0.0000000000
86461  6.700  -69.854  14.691 0.0000000000
86462  7.362  -70.354  15.081 0.0000000000
86463  8.216  -73.464  15.887 0.0000000000
86464  7.451  -72.929  15.756 0.0000000000
86465  7.676  -74.237  15.722 0.0000000000
86466  7.254  -75.035  15.388 0.0000000000
86467  8.021  -75.517  15.506 0.0000000000
86468  8.447  -76.649  15.058 0.0000000000
86469  8.754  -75.968  15.531 0.0000000000
86470  10.627  -76.238  15.790 0.0000000000
86471  10.207  -76.916  15.487 0.0000000000
86472  10.954  -77.405  15.365 0.0000000000
86473  11.418  -78.513  14.749 0.0000000000
86474  11.748  -77.872  15.031 0.0000000000
86475  13.022  -73.251  15.528 0.0000000000
86476  12.401  -73.975  15.848 0.0000000000
86477  13.130  -74.489  15.547 0.0000000000
86478  13.917  -77.191  13.565 0.0000000000
86479  13.379  -76.919  14.539 0.0000000000
86480  13.583  -77.923  13.627 0.0000000000
86481  13.278  -78.578  13.657 0.0000000000
86482  13.848  -78.558  12.644 0.0000000000
86483  14.144  -79.109  11.579 0.0000000000
86484  14.219  -78.423  11.561 0.0000000000
86485  14.173  -77.126  9.198 0.0000000000
86486  14.294  -77.797  9.245 0.0000000000
86487  13.917  -77.349  8.198 0.0000000000
86488  13.608  -77.595  7.204 0.0000000000
86489  13.336  -76.859  7.303 0.0000000000
86490  12.541  -76.539  6.811 0.0000000000
86491  13.150  -76.295  7.467 0.0000000000
86492  13.442  -74.792  8.308 0.0000000000
86493  12.844  -75.045  7.717 0.0000000000
86494  12.736  -74.372  7.824 0.0000000000
86495  11.878  -73.983  7.735 0.0000000000
86496  12.674  -73.726  7.926 0.0000000000
86497  15.670  -73.499  10.444 0.0000000000
86498  15.118  -73.957  10.037 0.0000000000
86499  15.340  -73.413  9.686 0.0000000000
86500  14.634  -72.274  8.239 0.0000000000
86501  14.357  -72.772  8.534 0.0000000000
86502  13.779  -72.391  8.138 0.0000000000
86503  12.906  -72.542  8.043 0.0000000000
86504  13.115  -71.956  7.911 0.0000000000
86505  12.362  -71.512  7.879 0.0000000000
86506  13.364  -71.421  7.651 0.0000000000
86507  15.100  -70.586  6.744 0.0000000000
86508  14.068  -70.556  6.979 0.0000000000
86509  14.465  -70.145  6.568 0.0000000000
86510  13.758  -69.689  6.460 0.0000000000
86511  14.892  -69.753  6.151 0.0000000000
86512  18.941  -68.428  9.931 0.0000000000
86513  18.730  -69.022  10.336 0.0000000000
86514  19.327  -68.918  9.835 0.0000000000
86515  20.474  -69.695  8.840 0.0000000000
86516  19.901  -69.920  9.310 0.0000000000
86517  19.994  -70.310  8.858 0.0000000000
86518  19.438  -70.871  8.787 0.0000000000
86519  20.003  -70.591  8.308 0.0000000000
86520  22.908  -68.219  7.207 0.0000000000
86521  22.295  -68.647  7.562 0.0000000000
86522  22.383  -68.848  7.071 0.0000000000
86523  20.844  -69.805  6.140 0.0000000000
86524  21.064  -69.913  6.736 0.0000000000
86525  20.207  -70.314  6.534 0.0000000000
86526  19.667  -70.718  6.991 0.0000000000
86527  19.303  -70.549  6.385 0.0000000000
86528  18.306  -70.656  6.322 0.0000000000
86529  18.860  -70.229  5.885 0.0000000000
86530  18.430  -69.002  4.826 0.0000000000
86531  17.776  -69.422  5.211 0.0000000000
86532  17.186  -68.963  4.987 0.0000000000
86533  15.954  -68.939  5.250 0.0000000000
86534  16.535  -68.523  4.833 0.0000000000
86535  15.825  -68.062  4.722 0.0000000000
86536  17.189  -68.115  4.478 0.0000000000
86542  24.377  -65.988  4.060 0.0000000000
90406  15.890  -92.967  2.152 0.0000000000
90407  16.003  -93.579  2.212 0.0000000000
90408  16.323  -93.100  1.312 0.0000000000
90409  16.780  -93.408  -1.299 0.0000000000
90410  16.893  -93.619  -0.314 0.0000000000
90411  17.061  -94.033  -1.219 0.0000000000
90412  17.252  -94.710  -1.167 0.0000000000
90413  17.189  -94.450  -2.087 0.0000000000
90414  14.167  -94.236  -3.991 0.0000000000
90415  15.025  -93.809  -3.470 0.0000000000
90416  14.931  -94.370  -3.993 0.0000000000
90417  16.150  -95.070  -5.037 0.0000000000
90418  16.222  -94.752  -4.301 0.0000000000
90419  16.849  -94.995  -4.499 0.0000000000
90420  17.360  -95.101  -3.831 0.0000000000
90421  17.345  -95.372  -4.738 0.0000000000
90422  17.715  -95.901  -4.970 0.0000000000
90423  17.245  -95.729  -5.629 0.0000000000
90424  16.346  -96.342  -7.946 0.0000000000
90425  16.948  -96.403  -7.488 0.0000000000
90426  16.727  -96.691  -8.366 0.0000000000
90427  17.025  -97.112  -8.815 0.0000000000
90541  8.422  -77.316  6.201 0.0000000000
90542  8.748  -78.033  5.637 0.0000000000
90543  7.733  -77.893  6.012 0.0000000000
90544  5.391  -78.967  6.107 0.0000000000
90545  6.406  -79.095  5.684 0.0000000000
90546  5.740  -79.714  5.436 0.0000000000
90547  6.047  -80.412  4.752 0.0000000000
90548  5.039  -80.261  5.088 0.0000000000
92480  12.472  -79.821  4.671 0.0000000000
92481  11.778  -80.234  4.177 0.0000000000
92482  11.469  -79.600  4.443 0.0000000000
92483  10.475  -79.485  4.384 0.0000000000
92484  9.483  -79.415  4.482 0.0000000000
93479  14.085  -96.195  4.259 0.0000000000
93480  14.632  -96.482  3.596 0.0000000000
93481  14.765  -95.826  3.673 0.0000000000
93482  15.404  -95.419  3.036 0.0000000000
93483  16.028  -94.975  2.329 0.0000000000
94559  12.770  -89.278  5.342 0.0000000000
94560  12.845  -89.418  4.348 0.0000000000
94561  12.662  -88.985  4.388 0.0000000000
94562  12.176  -88.718  3.541 0.0000000000
94563  11.555  -88.544  2.780 0.0000000000
95369  11.467  -69.629  7.314 0.0000000000
95370  10.438  -69.640  7.848 0.0000000000
95371  10.759  -69.115  7.404 0.0000000000
95372  10.063  -68.613  7.522 0.0000000000
95373  9.352  -68.089  7.672 0.0000000000
96735  3.923  -87.200  6.757 0.0000000000
96736  6.354  -79.309  12.364 0.0000000000
96737  6.917  -80.155  12.030 0.0000000000
96738  7.229  -79.658  12.477 0.0000000000
96739  8.047  -80.053  12.618 0.0000000000
96740  8.807  -80.413  12.725 0.0000000000
96741  9.549  -80.757  12.831 0.0000000000
96742  9.031  -79.869  13.136 0.0000000000
96743  9.245  -79.362  13.551 0.0000000000
96744  9.401  -78.838  13.994 0.0000000000
96777  15.482  -67.490  10.910 0.0000000000
96778  14.600  -67.564  11.503 0.0000000000
96779  15.159  -67.929  11.749 0.0000000000
96780  14.876  -68.467  12.537 0.0000000000
96781  14.638  -69.159  13.251 0.0000000000
96782  14.511  -69.964  13.811 0.0000000000
96783  15.264  -69.649  13.240 0.0000000000
96784  15.837  -70.258  13.016 0.0000000000
96785  16.314  -70.898  12.636 0.0000000000
96786  16.602  -71.545  12.163 0.0000000000
96787  16.960  -70.703  12.097 0.0000000000
96788  17.587  -70.550  11.553 0.0000000000
96789  18.178  -70.413  10.977 0.0000000000
96790  24.957  -65.171  7.235 0.0000000000
96791  24.794  -65.882  7.037 0.0000000000
96792  25.305  -65.284  6.929 0.0000000000
96793  25.574  -65.322  6.548 0.0000000000
96794  25.781  -65.284  6.129 0.0000000000
96795  25.901  -65.265  5.657 0.0000000000
96796  26.277  -64.546  6.045 0.0000000000
96797  26.665  -63.839  6.006 0.0000000000
98879  13.794  -84.975  4.398 0.0000000000
98880  13.122  -85.292  3.542 0.0000000000
98881  13.190  -84.671  3.499 0.0000000000
98882  12.457  -84.402  2.777 0.0000000000
98883  11.624  -84.153  2.231 0.0000000000
98884  9.026  -82.183  2.527 0.0000000000
98885  9.304  -82.717  2.170 0.0000000000
98886  8.273  -82.703  2.160 0.0000000000
98887  7.445  -83.319  1.784 0.0000000000
98888  6.708  -83.945  1.435 0.0000000000
98889  5.967  -84.549  1.063 0.0000000000
98890  5.726  -84.051  1.583 0.0000000000
98891  4.790  -84.018  1.691 0.0000000000
98892  3.961  -83.799  1.666 0.0000000000
101064  3.269  -75.948  13.703 0.0000000000
101100  18.191  -64.737  9.289 0.0000000000
101101  17.741  -64.861  8.741 0.0000000000
101102  17.224  -65.337  8.474 0.0000000000
101103  18.050  -65.216  8.185 0.0000000000
101104  18.377  -65.773  7.870 0.0000000000
101105  18.721  -66.209  7.913 0.0000000000
101106  18.966  -66.590  8.090 0.0000000000
101107  19.420  -65.959  7.612 0.0000000000
101108  20.053  -65.774  7.437 0.0000000000
101109  20.673  -65.560  7.315 0.0000000000
101110  22.582  -64.390  8.513 0.0000000000
101111  22.270  -64.527  7.890 0.0000000000
101112  22.751  -64.259  8.025 0.0000000000
101113  22.972  -64.251  7.688 0.0000000000
101114  23.219  -64.283  7.477 0.0000000000
101115  23.514  -64.450  7.436 0.0000000000
101116  23.683  -63.909  7.613 0.0000000000
101879  13.445  -100.431  1.057 0.0000000000
101880  14.071  -100.121  0.522 0.0000000000
101881  16.307  -97.650  0.193 0.0000000000
101882  16.040  -98.301  -0.047 0.0000000000
101883  16.652  -97.910  -0.782 0.0000000000
101884  16.895  -98.140  -1.814 0.0000000000
101885  17.084  -98.371  -2.913 0.0000000000
101886  17.223  -98.565  -4.043 0.0000000000
101887  17.541  -97.968  -3.801 0.0000000000
101888  17.873  -97.513  -4.689 0.0000000000
101889  17.970  -97.159  -5.545 0.0000000000
105116  13.960  -92.190  4.454 0.0000000000
105117  14.645  -92.027  3.683 0.0000000000
105118  14.433  -91.716  3.663 0.0000000000
105119  14.684  -91.233  2.736 0.0000000000
105120  14.557  -90.851  1.743 0.0000000000
105121  11.761  -90.504  0.710 0.0000000000
105122  12.260  -90.548  0.364 0.0000000000
105123  11.463  -90.764  -0.171 0.0000000000
105124  11.178  -91.112  -1.000 0.0000000000
105125  11.012  -91.577  -1.788 0.0000000000
105126  10.874  -92.141  -2.513 0.0000000000
105127  10.217  -92.025  -2.179 0.0000000000
105130  10.124  -86.950  0.938 0.0000000000
105131  10.176  -87.483  1.110 0.0000000000
105132  9.405  -87.570  0.437 0.0000000000
105133  8.773  -88.231  0.010 0.0000000000
105134  8.169  -88.952  -0.369 0.0000000000
107546  10.286  -74.701  7.350 0.0000000000
107547  9.524  -75.065  7.265 0.0000000000
107548  9.389  -74.391  7.682 0.0000000000
107549  8.486  -74.088  8.099 0.0000000000
107550  7.674  -73.766  8.532 0.0000000000
107551  6.494  -70.529  9.762 0.0000000000
107552  6.305  -71.334  9.796 0.0000000000
111589  9.469  -98.497  5.783 0.0000000000
111590  10.214  -98.181  5.699 0.0000000000
111591  10.964  -97.888  5.579 0.0000000000
111592  10.236  -97.711  5.644 0.0000000000
111593  10.170  -97.262  5.572 0.0000000000
111594  10.081  -96.831  5.508 0.0000000000
111632  8.088  -95.467  4.839 0.0000000000
111633  8.046  -94.921  4.822 0.0000000000
111634  8.925  -94.657  5.017 0.0000000000
111635  9.833  -94.370  5.225 0.0000000000
111636  10.726  -94.016  5.346 0.0000000000
111637  9.762  -93.885  5.263 0.0000000000
111638  9.711  -93.425  5.385 0.0000000000
111639  9.682  -92.955  5.601 0.0000000000
111640  7.325  -90.729  5.974 0.0000000000
111641  8.061  -91.302  5.952 0.0000000000
111642  8.142  -90.780  6.294 0.0000000000
111643  8.934  -90.748  6.635 0.0000000000
111644  9.651  -90.728  6.955 0.0000000000
111645  10.480  -90.554  7.185 0.0000000000
111646  9.726  -90.198  7.311 0.0000000000
111647  9.844  -89.622  7.684 0.0000000000
111648  10.091  -89.010  8.100 0.0000000000
111650  3.805  -84.048  8.678 0.0000000000
111651  4.176  -83.445  9.001 0.0000000000
111652  5.051  -83.819  8.694 0.0000000000
111653  5.913  -84.223  8.722 0.0000000000
111654  8.660  -83.380  10.595 0.0000000000
111655  8.268  -83.879  10.077 0.0000000000
111656  8.967  -84.163  10.351 0.0000000000
111657  9.279  -85.008  10.100 0.0000000000
111658  9.619  -85.802  9.848 0.0000000000
111659  10.022  -86.529  9.575 0.0000000000
111660  10.468  -85.968  9.982 0.0000000000
111661  11.430  -86.043  9.907 0.0000000000
111662  12.359  -86.060  9.545 0.0000000000
111663  13.243  -86.035  8.887 0.0000000000
111664  12.809  -85.557  9.640 0.0000000000
111665  13.231  -85.076  9.661 0.0000000000
111666  13.572  -84.554  9.661 0.0000000000
111667  12.624  -82.007  12.274 0.0000000000
111668  13.184  -82.589  11.531 0.0000000000
111669  13.417  -82.069  11.602 0.0000000000
111670  14.047  -81.984  10.677 0.0000000000
111671  14.463  -81.757  9.547 0.0000000000
111672  14.664  -81.441  8.338 0.0000000000
111673  14.524  -81.192  9.442 0.0000000000
111674  14.557  -80.573  9.378 0.0000000000
111675  14.555  -79.943  9.350 0.0000000000
111765  3.690  -68.755  14.548 0.0000000000
111766  3.560  -70.090  14.705 0.0000000000
111767  3.585  -71.496  14.800 0.0000000000
111768  4.053  -70.450  14.633 0.0000000000
111769  4.680  -70.934  14.739 0.0000000000
111770  5.317  -71.433  15.022 0.0000000000
111773  12.095  -64.761  11.482 0.0000000000
111774  11.207  -65.323  11.032 0.0000000000
111775  10.541  -66.031  11.260 0.0000000000
111776  11.265  -68.637  13.745 0.0000000000
111777  10.727  -68.287  13.413 0.0000000000
111778  10.476  -69.163  14.278 0.0000000000
111779  9.634  -69.720  14.765 0.0000000000
111780  8.839  -70.310  15.168 0.0000000000
111781  8.075  -70.930  15.431 0.0000000000
111782  8.811  -71.440  15.666 0.0000000000
111783  8.847  -72.692  15.914 0.0000000000
111784  8.933  -73.941  15.988 0.0000000000
111785  9.168  -75.218  15.830 0.0000000000
111786  9.676  -74.457  16.007 0.0000000000
111787  10.392  -74.995  16.047 0.0000000000
111788  11.153  -75.500  15.990 0.0000000000
111789  14.291  -74.365  14.514 0.0000000000
111790  13.767  -75.022  14.935 0.0000000000
111791  14.253  -75.446  14.115 0.0000000000
111792  14.241  -76.460  13.446 0.0000000000
111793  14.224  -77.183  12.519 0.0000000000
111794  14.296  -77.753  11.476 0.0000000000
111795  14.374  -77.072  11.374 0.0000000000
111796  14.381  -76.876  10.202 0.0000000000
111797  14.073  -76.441  9.101 0.0000000000
111798  13.597  -76.076  8.248 0.0000000000
111799  14.031  -75.801  9.085 0.0000000000
111800  14.010  -75.156  9.014 0.0000000000
111801  14.049  -74.599  8.952 0.0000000000
111802  16.308  -72.650  9.427 0.0000000000
111803  15.631  -72.926  9.295 0.0000000000
111804  15.927  -72.496  8.808 0.0000000000
111805  15.457  -72.210  8.257 0.0000000000
111806  14.911  -71.823  7.837 0.0000000000
111807  14.305  -71.400  7.535 0.0000000000
111808  15.250  -71.403  7.441 0.0000000000
111809  15.675  -70.994  7.023 0.0000000000
111810  16.155  -70.614  6.562 0.0000000000
111811  20.248  -68.119  9.132 0.0000000000
111812  19.945  -68.764  9.420 0.0000000000
111813  20.585  -68.563  9.017 0.0000000000
111814  20.862  -69.002  8.775 0.0000000000
111815  21.044  -69.405  8.409 0.0000000000
111816  23.067  -68.389  6.216 0.0000000000
111817  22.455  -68.952  6.536 0.0000000000
111818  22.347  -68.866  5.976 0.0000000000
111819  21.509  -69.275  5.777 0.0000000000
111820  20.564  -69.588  5.578 0.0000000000
111821  19.488  -69.773  5.471 0.0000000000
111822  20.141  -69.285  5.092 0.0000000000
111823  19.647  -68.921  4.731 0.0000000000
111824  19.106  -68.526  4.477 0.0000000000
111825  18.508  -68.093  4.299 0.0000000000
111826  19.847  -68.035  4.204 0.0000000000
114148  15.994  -92.201  0.133 0.0000000000
114149  16.367  -92.737  0.320 0.0000000000
114150  16.217  -92.530  -0.638 0.0000000000
114151  16.423  -92.894  -1.392 0.0000000000
114152  16.364  -93.369  -2.124 0.0000000000
114153  14.053  -95.217  -5.119 0.0000000000
114154  14.797  -94.827  -4.600 0.0000000000
114155  14.755  -95.194  -5.291 0.0000000000
114156  15.441  -95.243  -5.552 0.0000000000
114157  16.084  -95.405  -5.864 0.0000000000
114158  16.659  -95.666  -6.209 0.0000000000
114159  16.013  -95.710  -6.760 0.0000000000
114160  15.872  -96.069  -7.565 0.0000000000
114229  6.483  -76.930  7.024 0.0000000000
114230  6.762  -77.756  6.442 0.0000000000
114231  5.763  -77.591  6.891 0.0000000000
114232  5.082  -78.189  6.730 0.0000000000
114233  4.389  -78.726  6.419 0.0000000000
115946  13.483  -82.426  4.421 0.0000000000
115947  12.821  -82.815  3.676 0.0000000000
115948  12.614  -82.197  3.775 0.0000000000
115949  11.720  -81.984  3.309 0.0000000000
115950  10.783  -81.820  2.996 0.0000000000
115951  11.121  -80.728  3.725 0.0000000000
115952  10.467  -81.228  3.282 0.0000000000
115953  9.775  -81.674  2.916 0.0000000000
115954  8.737  -81.643  2.956 0.0000000000
115955  7.667  -81.679  3.107 0.0000000000
115956  6.633  -81.787  3.340 0.0000000000
117677  20.248  -65.109  8.913 0.0000000000
117678  20.459  -64.997  8.309 0.0000000000
117679  20.828  -65.110  8.888 0.0000000000
117680  21.394  -65.008  8.868 0.0000000000
117681  21.936  -64.800  8.892 0.0000000000
118277  13.397  -98.693  3.625 0.0000000000
118278  13.831  -99.105  2.770 0.0000000000
118279  14.089  -98.449  3.076 0.0000000000
118280  14.719  -98.148  2.467 0.0000000000
118281  15.316  -97.793  1.822 0.0000000000
118282  15.141  -96.782  2.857 0.0000000000
118283  15.529  -97.130  1.988 0.0000000000
118284  15.901  -97.409  1.126 0.0000000000
118285  16.520  -96.964  0.404 0.0000000000
118286  17.015  -96.553  -0.427 0.0000000000
118287  17.398  -96.153  -1.291 0.0000000000
120797  13.479  -90.864  5.046 0.0000000000
120798  13.772  -90.841  3.936 0.0000000000
120799  13.580  -90.519  4.077 0.0000000000
120800  13.316  -90.275  3.130 0.0000000000
120801  12.788  -90.151  2.297 0.0000000000
120802  12.642  -89.608  3.495 0.0000000000
120803  12.384  -89.862  2.574 0.0000000000
120804  12.059  -90.162  1.632 0.0000000000
120805  11.251  -90.327  1.074 0.0000000000
120806  10.473  -90.480  0.598 0.0000000000
120807  9.717  -90.653  0.183 0.0000000000
120808  6.977  -86.932  -0.630 0.0000000000
120809  7.231  -87.631  -0.824 0.0000000000
120810  6.355  -87.642  -0.957 0.0000000000
120811  5.722  -88.316  -1.318 0.0000000000
122687  10.363  -72.000  8.347 0.0000000000
122688  9.435  -72.269  8.554 0.0000000000
122689  9.649  -71.582  8.635 0.0000000000
122690  8.922  -71.137  8.904 0.0000000000
122691  8.197  -70.697  9.145 0.0000000000
122692  9.427  -69.755  8.426 0.0000000000
122693  8.434  -69.948  8.949 0.0000000000
122694  7.453  -70.232  9.377 0.0000000000
122695  6.720  -69.719  9.603 0.0000000000
125867  6.255  -92.879  4.837 0.0000000000
125868  7.094  -92.871  4.916 0.0000000000
125869  6.245  -92.283  4.954 0.0000000000
125870  6.305  -91.724  5.160 0.0000000000
125871  6.394  -91.174  5.395 0.0000000000
125872  4.850  -90.041  5.612 0.0000000000
125873  5.671  -90.370  5.575 0.0000000000
125874  6.506  -90.605  5.691 0.0000000000
125875  6.673  -90.006  6.068 0.0000000000
125876  6.889  -89.374  6.497 0.0000000000
125877  7.120  -88.720  6.993 0.0000000000
125878  4.823  -81.177  10.711 0.0000000000
125879  5.387  -81.907  10.153 0.0000000000
125880  5.786  -81.460  10.600 0.0000000000
125881  6.724  -81.782  10.610 0.0000000000
125882  7.552  -82.178  10.700 0.0000000000
125883  7.436  -80.974  11.652 0.0000000000
125884  7.892  -81.808  11.214 0.0000000000
125885  8.289  -82.578  10.889 0.0000000000
125886  9.025  -82.926  11.115 0.0000000000
125887  9.787  -83.311  11.302 0.0000000000
125888  10.521  -83.629  11.450 0.0000000000
125889  11.357  -83.854  11.388 0.0000000000
125890  10.907  -83.181  11.852 0.0000000000
125891  11.251  -82.718  12.194 0.0000000000
125892  11.544  -82.263  12.489 0.0000000000
125893  10.267  -81.141  12.921 0.0000000000
125894  10.996  -81.518  12.939 0.0000000000
125895  11.787  -81.814  12.748 0.0000000000
125896  12.030  -81.364  12.957 0.0000000000
125897  12.268  -80.929  13.122 0.0000000000
125898  12.479  -80.422  13.298 0.0000000000
125971  6.141  -66.302  13.638 0.0000000000
125972  6.328  -66.695  13.221 0.0000000000
125973  13.741  -65.986  10.031 0.0000000000
125974  12.863  -66.162  10.478 0.0000000000
125975  13.262  -66.638  10.641 0.0000000000
125976  12.833  -67.091  11.486 0.0000000000
125977  12.453  -67.619  12.368 0.0000000000
125978  13.741  -67.663  12.073 0.0000000000
125979  12.953  -67.899  12.656 0.0000000000
125980  12.114  -68.213  13.215 0.0000000000
125981  11.840  -69.026  13.968 0.0000000000
125982  11.636  -70.001  14.673 0.0000000000
125983  11.547  -71.086  15.262 0.0000000000
125984  11.539  -72.223  15.723 0.0000000000
125985  12.238  -71.589  15.331 0.0000000000
125986  12.970  -72.067  15.264 0.0000000000
125987  13.671  -72.616  15.088 0.0000000000
125988  14.371  -70.943  14.228 0.0000000000
125989  14.282  -72.005  14.582 0.0000000000
125990  14.301  -73.213  14.706 0.0000000000
125991  14.784  -73.716  14.022 0.0000000000
125992  15.130  -74.138  13.180 0.0000000000
125993  15.315  -74.422  12.187 0.0000000000
125994  15.203  -74.540  11.258 0.0000000000
125995  15.628  -73.910  11.728 0.0000000000
125996  15.945  -73.451  11.247 0.0000000000
125997  16.266  -73.053  10.699 0.0000000000
125998  16.756  -72.074  11.529 0.0000000000
125999  16.767  -72.468  10.832 0.0000000000
126000  16.602  -72.681  10.108 0.0000000000
126001  16.989  -72.287  9.514 0.0000000000
126002  17.470  -71.969  9.006 0.0000000000
126003  17.988  -71.679  8.482 0.0000000000
126004  22.773  -67.018  7.824 0.0000000000
126005  22.525  -67.691  7.891 0.0000000000
126006  23.097  -67.300  7.628 0.0000000000
126007  23.364  -67.557  7.330 0.0000000000
126008  23.515  -67.723  6.901 0.0000000000
126009  24.486  -66.537  6.851 0.0000000000
126010  24.097  -67.134  6.652 0.0000000000
126011  23.625  -67.766  6.447 0.0000000000
126012  23.679  -67.745  5.934 0.0000000000
126013  23.606  -67.679  5.420 0.0000000000
126014  23.431  -67.573  4.892 0.0000000000
126015  23.169  -67.339  4.443 0.0000000000
126016  24.033  -66.942  4.677 0.0000000000
126017  24.630  -66.272  4.486 0.0000000000
126018  25.197  -65.544  4.317 0.0000000000
126019  25.901  -65.154  5.176 0.0000000000
126020  25.832  -64.975  4.723 0.0000000000
127822  13.678  -92.802  -2.843 0.0000000000
127823  14.406  -93.017  -2.867 0.0000000000
127824  13.576  -93.452  -3.354 0.0000000000
127825  13.476  -94.099  -3.875 0.0000000000
127826  13.367  -94.703  -4.466 0.0000000000
127829  13.336  -95.224  -5.016 0.0000000000
130664  13.095  -87.263  4.985 0.0000000000
130665  12.649  -87.509  4.179 0.0000000000
130666  12.764  -87.008  3.991 0.0000000000
130667  12.242  -86.738  3.095 0.0000000000
130668  11.604  -86.572  2.293 0.0000000000
130669  12.397  -85.644  2.785 0.0000000000
130670  11.635  -86.041  2.114 0.0000000000
130671  10.874  -86.452  1.541 0.0000000000
130672  10.123  -86.366  0.894 0.0000000000
130673  9.365  -86.328  0.329 0.0000000000
130674  8.523  -86.291  -0.003 0.0000000000
130675  12.166  -83.171  3.005 0.0000000000
130676  11.478  -83.527  2.376 0.0000000000
130677  10.712  -83.952  1.863 0.0000000000
130678  9.520  -83.253  1.815 0.0000000000
130679  9.735  -83.843  1.561 0.0000000000
130680  9.903  -84.443  1.290 0.0000000000
130681  9.109  -84.981  0.692 0.0000000000
130682  8.381  -85.613  0.231 0.0000000000
130683  7.651  -86.277  -0.211 0.0000000000
130684  6.747  -86.326  -0.291 0.0000000000
130685  5.872  -86.340  -0.263 0.0000000000
130686  4.982  -86.295  -0.242 0.0000000000
130687  5.313  -85.108  0.685 0.0000000000
130688  4.715  -85.672  0.222 0.0000000000
132374  13.161  -67.947  5.563 0.0000000000
132375  11.991  -67.790  6.027 0.0000000000
132376  12.513  -67.363  5.539 0.0000000000
135260  3.466  -82.071  10.675 0.0000000000
135261  3.673  -81.540  10.811 0.0000000000
135269  3.353  -81.038  11.664 0.0000000000
135270  3.957  -81.002  11.053 0.0000000000
135271  4.301  -80.489  11.329 0.0000000000
135272  4.685  -79.980  11.633 0.0000000000
135273  5.028  -79.485  11.987 0.0000000000
135274  3.620  -78.409  12.600 0.0000000000
135275  4.488  -78.636  12.396 0.0000000000
135276  5.427  -78.923  12.334 0.0000000000
135277  5.791  -78.350  12.712 0.0000000000
135278  6.126  -77.771  13.113 0.0000000000
135279  6.423  -77.191  13.525 0.0000000000
135346  13.968  -64.487  11.070 0.0000000000
135347  14.078  -64.728  10.207 0.0000000000
135355  14.978  -64.639  9.968 0.0000000000
135356  14.319  -65.285  9.803 0.0000000000
135357  14.609  -65.802  9.634 0.0000000000
135358  14.964  -66.342  9.683 0.0000000000
135359  15.389  -66.742  9.850 0.0000000000
135360  16.675  -66.089  8.707 0.0000000000
135361  16.242  -66.634  9.337 0.0000000000
135362  15.842  -67.106  10.070 0.0000000000
135363  16.294  -67.444  10.357 0.0000000000
135364  16.805  -67.791  10.608 0.0000000000
135365  17.293  -68.171  10.758 0.0000000000
135366  17.683  -68.603  10.909 0.0000000000
135367  17.913  -68.085  10.253 0.0000000000
135368  18.563  -67.994  9.784 0.0000000000
135369  19.249  -67.826  9.367 0.0000000000
135370  19.226  -66.962  8.426 0.0000000000
135371  19.563  -67.280  8.769 0.0000000000
135372  19.894  -67.658  9.032 0.0000000000
135373  20.544  -67.442  8.718 0.0000000000
135374  21.196  -67.187  8.416 0.0000000000
135375  21.839  -66.926  8.124 0.0000000000
135376  20.703  -64.925  7.747 0.0000000000
135377  20.996  -65.078  7.373 0.0000000000
135378  21.244  -65.334  7.238 0.0000000000
135379  21.983  -64.759  7.445 0.0000000000
135380  21.748  -65.113  7.207 0.0000000000
135381  21.492  -65.645  7.248 0.0000000000
135382  21.756  -65.963  7.528 0.0000000000
135383  22.062  -66.290  7.778 0.0000000000
135384  22.398  -66.669  7.935 0.0000000000
135385  22.962  -66.319  7.747 0.0000000000
135386  23.534  -65.935  7.588 0.0000000000
135387  24.107  -65.526  7.469 0.0000000000
135388  23.850  -64.661  7.456 0.0000000000
135389  24.198  -64.834  7.467 0.0000000000
135390  24.585  -65.013  7.416 0.0000000000
135391  25.053  -64.460  7.378 0.0000000000
135392  25.453  -63.863  7.389 0.0000000000
137002  14.147  -99.411  1.846 0.0000000000
137003  14.444  -99.614  0.952 0.0000000000
137004  14.732  -99.796  -0.056 0.0000000000
137005  15.710  -98.919  -0.334 0.0000000000
137006  15.374  -99.466  -0.673 0.0000000000
137007  15.013  -99.985  -1.012 0.0000000000
137014  17.296  -98.647  -5.184 0.0000000000
143618  14.320  -93.937  4.476 0.0000000000
143619  15.007  -93.978  3.810 0.0000000000
143620  14.998  -93.420  3.827 0.0000000000
143621  15.447  -92.920  2.976 0.0000000000
143622  15.729  -92.422  2.022 0.0000000000
143623  15.190  -91.935  2.857 0.0000000000
143624  15.509  -91.905  1.913 0.0000000000
143625  15.803  -91.983  1.011 0.0000000000
143626  15.583  -91.708  -0.038 0.0000000000
143627  15.163  -91.701  -0.932 0.0000000000
143628  14.544  -91.865  -1.728 0.0000000000
143629  13.972  -90.780  2.847 0.0000000000
143630  14.120  -90.654  1.763 0.0000000000
143631  14.078  -90.667  0.785 0.0000000000
143632  12.826  -90.585  0.106 0.0000000000
143633  13.423  -90.657  -0.066 0.0000000000
143634  14.004  -90.794  -0.190 0.0000000000
143635  13.889  -91.131  -1.052 0.0000000000
143636  13.835  -91.631  -1.754 0.0000000000
143637  13.769  -92.169  -2.376 0.0000000000
143638  12.956  -92.587  -2.843 0.0000000000
143639  12.142  -93.131  -3.283 0.0000000000
143640  11.340  -93.712  -3.684 0.0000000000
143641  10.782  -92.826  -3.125 0.0000000000
143642  10.681  -93.549  -3.627 0.0000000000
143647  12.087  -87.730  3.428 0.0000000000
143648  11.481  -88.042  2.758 0.0000000000
143649  10.887  -88.439  2.093 0.0000000000
143650  10.185  -87.965  1.323 0.0000000000
143651  10.224  -88.455  1.452 0.0000000000
143652  10.340  -88.952  1.500 0.0000000000
143653  9.802  -89.584  0.930 0.0000000000
143654  9.352  -90.233  0.360 0.0000000000
143655  8.967  -90.884  -0.302 0.0000000000
143656  7.390  -88.361  -0.906 0.0000000000
143657  7.495  -89.046  -0.863 0.0000000000
143658  7.612  -89.646  -0.800 0.0000000000
143659  6.346  -90.342  -1.688 0.0000000000
143660  7.075  -90.294  -1.251 0.0000000000
143661  7.785  -90.163  -0.734 0.0000000000
143662  8.004  -90.654  -0.685 0.0000000000
143663  8.269  -91.129  -0.759 0.0000000000
143664  8.565  -91.542  -1.042 0.0000000000
148517  11.201  -77.298  5.782 0.0000000000
148518  10.444  -77.644  5.530 0.0000000000
148519  10.161  -77.071  5.932 0.0000000000
148520  9.157  -76.870  6.263 0.0000000000
148521  8.199  -76.665  6.648 0.0000000000
148522  8.742  -75.495  7.176 0.0000000000
148523  7.963  -75.973  7.098 0.0000000000
148524  7.245  -76.434  7.058 0.0000000000
148525  6.280  -76.198  7.540 0.0000000000
148526  5.362  -75.960  8.049 0.0000000000
148527  4.521  -75.660  8.549 0.0000000000
148528  8.570  -72.597  8.717 0.0000000000
148529  7.693  -72.991  8.891 0.0000000000
148530  6.841  -73.406  8.991 0.0000000000
148531  6.143  -72.175  9.696 0.0000000000
148532  6.051  -73.013  9.437 0.0000000000
148533  6.019  -73.838  9.044 0.0000000000
148546  10.880  -67.685  6.555 0.0000000000
148547  9.816  -67.595  7.174 0.0000000000
148548  8.746  -67.544  7.830 0.0000000000
148551  7.722  -67.545  8.479 0.0000000000
156613  12.063  -100.297  3.306 0.0000000000
156614  12.343  -99.723  3.695 0.0000000000
156618  9.417  -99.455  5.923 0.0000000000
156619  9.914  -99.716  5.562 0.0000000000
156620  10.389  -99.963  5.055 0.0000000000
156621  11.090  -99.739  4.735 0.0000000000
156622  11.837  -99.456  4.400 0.0000000000
156623  12.600  -99.129  4.030 0.0000000000
156624  12.839  -98.510  4.294 0.0000000000
156625  13.025  -97.918  4.508 0.0000000000
156626  13.224  -97.331  4.615 0.0000000000
156627  11.756  -97.545  5.393 0.0000000000
156628  12.524  -97.192  5.089 0.0000000000
156629  13.288  -96.752  4.713 0.0000000000
156630  13.391  -96.169  4.801 0.0000000000
156631  13.469  -95.609  4.875 0.0000000000
156632  13.492  -95.071  4.934 0.0000000000
156706  9.185  -96.722  5.316 0.0000000000
156707  10.013  -96.390  5.428 0.0000000000
156708  9.023  -95.733  5.090 0.0000000000
156709  10.016  -95.922  5.346 0.0000000000
156710  10.933  -96.027  5.505 0.0000000000
156711  11.819  -95.609  5.520 0.0000000000
156712  12.680  -95.076  5.306 0.0000000000
156713  13.528  -94.522  4.965 0.0000000000
156714  13.565  -94.015  4.994 0.0000000000
156715  13.540  -93.535  5.003 0.0000000000
156716  13.441  -93.106  5.017 0.0000000000
156717  11.637  -93.615  5.399 0.0000000000
156718  12.497  -93.186  5.272 0.0000000000
156719  13.303  -92.718  5.065 0.0000000000
156720  13.117  -92.403  5.127 0.0000000000
156721  13.017  -92.072  5.296 0.0000000000
156722  12.953  -91.715  5.505 0.0000000000
156723  7.939  -92.827  5.173 0.0000000000
156724  8.780  -92.662  5.527 0.0000000000
156725  9.643  -92.483  5.837 0.0000000000
156726  8.796  -91.744  5.978 0.0000000000
156727  9.636  -92.059  6.082 0.0000000000
156728  10.530  -92.296  6.088 0.0000000000
156729  11.374  -92.046  6.236 0.0000000000
156730  12.185  -91.737  6.105 0.0000000000
156731  12.921  -91.337  5.718 0.0000000000
156732  12.889  -90.944  5.899 0.0000000000
156733  12.792  -90.547  6.052 0.0000000000
156734  12.720  -90.177  6.135 0.0000000000
156735  11.307  -90.368  7.214 0.0000000000
156736  12.142  -90.099  6.964 0.0000000000
156737  12.617  -89.693  6.220 0.0000000000
156738  12.597  -89.154  6.281 0.0000000000
156739  12.683  -88.596  6.300 0.0000000000
156740  12.862  -88.061  6.247 0.0000000000
156742  3.567  -86.227  7.424 0.0000000000
156743  4.231  -86.553  7.038 0.0000000000
156744  4.174  -84.917  7.989 0.0000000000
156745  4.589  -85.899  7.416 0.0000000000
156746  5.039  -86.958  6.926 0.0000000000
156747  5.869  -87.388  7.106 0.0000000000
156748  6.644  -87.745  7.295 0.0000000000
156749  7.393  -88.028  7.514 0.0000000000
156750  5.949  -82.719  9.623 0.0000000000
156751  6.371  -83.657  9.222 0.0000000000
156752  6.719  -84.600  8.880 0.0000000000
156753  7.847  -84.393  9.585 0.0000000000
156754  7.423  -84.944  9.116 0.0000000000
156755  7.057  -85.546  8.569 0.0000000000
156756  7.358  -86.492  8.348 0.0000000000
156757  7.709  -87.390  8.078 0.0000000000
156758  8.107  -88.248  7.770 0.0000000000
156759  8.824  -88.371  8.113 0.0000000000
156760  9.612  -88.405  8.377 0.0000000000
156761  10.454  -88.376  8.518 0.0000000000
156762  10.474  -87.185  9.230 0.0000000000
156763  10.891  -87.769  8.857 0.0000000000
156764  11.319  -88.231  8.383 0.0000000000
156765  12.102  -88.019  7.902 0.0000000000
156766  12.746  -87.794  7.119 0.0000000000
156767  13.147  -87.559  6.055 0.0000000000
156768  13.428  -87.103  5.971 0.0000000000
156769  13.692  -86.590  5.802 0.0000000000
156770  13.942  -86.022  5.667 0.0000000000
156771  13.856  -85.925  7.905 0.0000000000
156772  14.163  -85.720  6.764 0.0000000000
156773  14.151  -85.402  5.557 0.0000000000
156774  14.294  -84.760  5.440 0.0000000000
156775  14.341  -84.095  5.321 0.0000000000
156776  14.258  -83.441  5.250 0.0000000000
156777  12.245  -84.005  11.089 0.0000000000
156778  13.089  -84.062  10.523 0.0000000000
156779  13.843  -84.038  9.721 0.0000000000
156780  13.680  -83.084  10.707 0.0000000000
156781  14.089  -83.496  9.726 0.0000000000
156782  14.436  -83.905  8.697 0.0000000000
156783  14.755  -83.602  7.489 0.0000000000
156784  14.594  -83.202  6.287 0.0000000000
156785  14.142  -82.804  5.261 0.0000000000
156786  14.009  -82.170  5.268 0.0000000000
156787  13.852  -81.523  5.234 0.0000000000
156788  13.630  -80.874  5.172 0.0000000000
156789  14.627  -81.006  7.099 0.0000000000
156790  14.139  -80.593  6.045 0.0000000000
156791  13.405  -80.206  5.220 0.0000000000
156792  13.137  -79.548  5.319 0.0000000000
156793  12.830  -78.900  5.467 0.0000000000
156794  12.505  -78.259  5.679 0.0000000000
156976  3.089  -74.780  14.166 0.0000000000
156977  3.651  -75.042  13.920 0.0000000000
156978  3.772  -72.854  14.610 0.0000000000
156979  3.995  -74.141  14.287 0.0000000000
156980  4.314  -75.335  13.852 0.0000000000
156981  5.095  -75.658  13.920 0.0000000000
156982  5.887  -76.063  14.030 0.0000000000
156983  6.672  -76.448  14.187 0.0000000000
156987  11.070  -64.717  12.583 0.0000000000
156988  10.079  -64.877  12.842 0.0000000000
156990  8.127  -65.472  12.850 0.0000000000
156991  7.307  -66.236  12.771 0.0000000000
156992  6.767  -67.190  13.139 0.0000000000
156993  11.883  -66.369  10.894 0.0000000000
156994  10.936  -66.533  11.339 0.0000000000
156995  10.009  -66.757  11.809 0.0000000000
156996  10.171  -67.911  13.059 0.0000000000
156997  9.605  -67.520  12.652 0.0000000000
156998  9.097  -66.999  12.288 0.0000000000
156999  8.162  -67.314  12.772 0.0000000000
157000  7.235  -67.724  13.235 0.0000000000
157001  6.346  -68.243  13.672 0.0000000000
157002  6.043  -69.408  14.334 0.0000000000
157003  5.974  -70.621  14.931 0.0000000000
157004  5.993  -71.908  15.301 0.0000000000
157005  7.342  -71.614  15.559 0.0000000000
157006  6.689  -72.381  15.563 0.0000000000
157007  6.141  -73.207  15.396 0.0000000000
157008  6.465  -74.526  15.203 0.0000000000
157009  6.928  -75.749  14.823 0.0000000000
157010  7.460  -76.862  14.328 0.0000000000
157011  8.219  -77.301  14.445 0.0000000000
157012  8.917  -77.744  14.515 0.0000000000
157013  9.601  -78.208  14.539 0.0000000000
157014  9.458  -76.418  15.542 0.0000000000
157015  9.862  -77.547  15.076 0.0000000000
157016  10.303  -78.669  14.532 0.0000000000
157017  11.103  -79.118  14.382 0.0000000000
157018  11.917  -79.518  14.046 0.0000000000
157019  12.718  -79.791  13.487 0.0000000000
157020  11.637  -73.438  15.977 0.0000000000
157021  11.779  -74.746  16.015 0.0000000000
157022  11.944  -76.115  15.808 0.0000000000
157023  13.246  -75.776  15.191 0.0000000000
157024  12.706  -76.542  15.263 0.0000000000
157025  12.181  -77.234  15.209 0.0000000000
157026  12.527  -78.281  14.496 0.0000000000
157027  12.993  -79.184  13.606 0.0000000000
157028  13.432  -79.857  12.629 0.0000000000
157029  14.027  -79.792  11.595 0.0000000000
157030  14.387  -79.601  10.544 0.0000000000
157031  14.501  -79.202  9.304 0.0000000000
157032  14.429  -78.178  10.328 0.0000000000
157033  14.400  -78.489  9.258 0.0000000000
157034  14.334  -78.785  8.130 0.0000000000
157035  13.917  -78.328  7.117 0.0000000000
157036  13.075  -77.900  6.384 0.0000000000
157037  12.136  -77.516  5.980 0.0000000000
157038  11.876  -76.877  6.249 0.0000000000
157039  11.651  -76.250  6.568 0.0000000000
157040  11.434  -75.588  6.925 0.0000000000
157041  12.948  -75.706  7.593 0.0000000000
157042  12.137  -75.281  7.319 0.0000000000
157043  11.233  -74.962  7.252 0.0000000000
157044  11.096  -74.316  7.544 0.0000000000
157045  11.046  -73.651  7.784 0.0000000000
157046  11.068  -72.995  7.963 0.0000000000
157047  14.957  -74.522  10.367 0.0000000000
157048  14.607  -74.358  9.561 0.0000000000
157049  14.104  -74.007  8.847 0.0000000000
157050  14.918  -73.125  9.045 0.0000000000
157051  14.190  -73.374  8.696 0.0000000000
157052  13.456  -73.576  8.320 0.0000000000
157053  12.730  -73.122  8.017 0.0000000000
157054  11.971  -72.732  7.989 0.0000000000
157055  11.136  -72.353  8.117 0.0000000000
157056  11.356  -71.699  8.099 0.0000000000
157057  11.626  -71.090  7.913 0.0000000000
157058  11.921  -70.544  7.602 0.0000000000
157059  13.686  -70.967  7.335 0.0000000000
157060  12.990  -70.524  7.250 0.0000000000
157061  12.238  -70.066  7.223 0.0000000000
157062  12.579  -69.605  6.820 0.0000000000
157063  13.028  -69.222  6.390 0.0000000000
157064  13.471  -68.845  5.957 0.0000000000
157065  18.105  -69.130  10.887 0.0000000000
157066  18.471  -69.683  10.693 0.0000000000
157067  18.752  -70.269  10.340 0.0000000000
157068  19.667  -69.423  9.626 0.0000000000
157069  19.330  -70.099  9.816 0.0000000000
157070  18.875  -70.728  9.843 0.0000000000
157071  18.879  -71.110  9.277 0.0000000000
157072  18.798  -71.396  8.626 0.0000000000
157073  18.522  -71.381  7.975 0.0000000000
157074  22.180  -68.373  7.958 0.0000000000
157075  21.699  -69.036  7.948 0.0000000000
157076  21.171  -69.676  7.907 0.0000000000
157077  21.841  -69.428  6.917 0.0000000000
157078  21.225  -69.860  7.357 0.0000000000
157079  20.581  -70.292  7.792 0.0000000000
157080  19.930  -70.760  7.644 0.0000000000
157081  19.078  -71.058  7.491 0.0000000000
157082  18.168  -71.257  7.369 0.0000000000
157083  17.759  -71.018  6.792 0.0000000000
157084  17.226  -70.639  6.411 0.0000000000
157085  16.641  -70.228  6.094 0.0000000000
157086  18.319  -69.826  5.507 0.0000000000
157087  17.171  -69.820  5.634 0.0000000000
157088  16.064  -69.796  5.852 0.0000000000
157089  15.400  -69.346  5.702 0.0000000000
157090  14.696  -68.894  5.584 0.0000000000
157091  13.982  -68.438  5.499 0.0000000000
157092  14.538  -68.031  5.063 0.0000000000
157093  15.110  -67.605  4.672 0.0000000000
157094  15.743  -67.133  4.288 0.0000000000
157095  17.838  -67.627  4.140 0.0000000000
157101  22.802  -67.025  4.088 0.0000000000
161737  15.530  -94.077  3.056 0.0000000000
161738  16.050  -94.260  2.301 0.0000000000
161739  16.491  -94.457  1.527 0.0000000000
161740  16.636  -93.320  0.471 0.0000000000
161741  16.792  -93.984  0.627 0.0000000000
161742  16.840  -94.735  0.725 0.0000000000
161743  17.113  -95.060  -0.241 0.0000000000
161744  17.364  -95.428  -1.211 0.0000000000
161745  17.646  -95.711  -2.166 0.0000000000
161746  15.125  -93.229  -2.868 0.0000000000
161747  15.764  -93.488  -2.848 0.0000000000
161748  16.346  -93.835  -2.834 0.0000000000
161749  15.564  -94.566  -4.117 0.0000000000
161750  16.280  -94.378  -3.548 0.0000000000
161751  16.895  -94.276  -2.872 0.0000000000
161752  17.305  -94.808  -2.990 0.0000000000
161753  17.648  -95.347  -3.045 0.0000000000
161754  17.806  -95.988  -3.119 0.0000000000
161755  17.962  -96.220  -4.142 0.0000000000
161756  17.948  -96.510  -5.221 0.0000000000
161757  17.854  -96.838  -6.319 0.0000000000
161758  17.167  -96.048  -6.551 0.0000000000
161759  17.493  -96.542  -6.998 0.0000000000
161760  17.656  -97.131  -7.363 0.0000000000
161761  17.405  -97.396  -8.284 0.0000000000
161899  9.761  -78.167  5.284 0.0000000000
161900  9.077  -78.706  5.050 0.0000000000
161901  8.423  -79.259  4.848 0.0000000000
161902  7.077  -78.482  5.866 0.0000000000
161903  7.411  -79.177  5.253 0.0000000000
161904  7.780  -79.855  4.599 0.0000000000
161905  7.088  -80.476  4.304 0.0000000000
161906  6.332  -81.130  4.066 0.0000000000
161907  5.611  -81.707  3.719 0.0000000000
161913  4.018  -80.000  5.316 0.0000000000
161914  4.302  -80.781  4.676 0.0000000000
161915  4.609  -81.521  3.990 0.0000000000
161916  4.908  -82.258  3.328 0.0000000000
161917  4.243  -82.709  2.847 0.0000000000
