#!ascii label  , from subject studyTemplate vox2ras=TkReg
1516
39  29.144  -39.760  -9.464 0.0000000000
85  17.032  -37.899  -6.994 0.0000000000
152  21.452  -20.786  -24.177 0.0000000000
441  19.490  -41.213  -10.444 0.0000000000
612  25.438  -29.842  -19.722 0.0000000000
613  32.096  -24.516  -23.612 0.0000000000
825  34.286  -37.736  -11.057 0.0000000000
975  15.715  -39.189  -8.727 0.0000000000
1364  22.125  -25.490  -17.632 0.0000000000
1365  22.867  -25.333  -22.716 0.0000000000
1366  29.116  -27.287  -21.441 0.0000000000
1367  26.541  -23.986  -26.281 0.0000000000
1521  16.359  -38.378  -4.201 0.0000000000
1989  23.579  -40.799  -9.289 0.0000000000
2461  18.369  -33.953  -9.315 0.0000000000
2462  18.925  -34.666  -12.330 0.0000000000
2463  22.924  -35.100  -13.190 0.0000000000
2471  21.099  -30.527  -16.901 0.0000000000
2472  28.692  -33.946  -14.581 0.0000000000
2473  32.604  -31.750  -16.310 0.0000000000
2474  35.334  -28.957  -18.578 0.0000000000
2476  30.719  -21.275  -29.229 0.0000000000
2477  35.452  -20.980  -26.281 0.0000000000
2741  27.857  -42.595  -7.248 0.0000000000
2743  31.373  -41.568  -7.688 0.0000000000
2744  34.155  -40.708  -8.535 0.0000000000
2745  31.847  -38.865  -10.096 0.0000000000
2891  17.470  -40.515  -6.978 0.0000000000
2893  15.682  -40.763  -6.725 0.0000000000
2894  14.292  -41.232  -6.901 0.0000000000
2895  16.112  -38.224  -7.911 0.0000000000
3284  21.855  -23.287  -20.834 0.0000000000
3285  21.911  -22.943  -23.595 0.0000000000
3286  24.561  -24.853  -24.646 0.0000000000
3287  22.958  -22.329  -25.641 0.0000000000
3494  17.461  -40.614  -4.469 0.0000000000
3495  15.710  -38.905  -2.957 0.0000000000
4361  18.018  -44.266  -9.234 0.0000000000
4365  21.437  -41.222  -10.040 0.0000000000
5510  19.337  -31.999  -12.507 0.0000000000
5511  20.700  -35.044  -12.841 0.0000000000
5512  19.919  -32.433  -14.234 0.0000000000
5531  22.170  -28.129  -19.776 0.0000000000
5532  21.177  -27.787  -17.259 0.0000000000
5533  23.201  -30.778  -18.680 0.0000000000
5534  24.487  -32.656  -16.333 0.0000000000
5535  27.022  -31.429  -16.990 0.0000000000
5536  30.799  -33.010  -15.439 0.0000000000
5537  29.046  -30.266  -17.815 0.0000000000
5538  30.663  -25.989  -22.450 0.0000000000
5539  32.325  -27.749  -19.739 0.0000000000
5540  33.616  -26.427  -20.878 0.0000000000
5541  36.226  -27.816  -20.180 0.0000000000
5542  34.822  -25.013  -22.191 0.0000000000
5544  26.958  -20.193  -29.395 0.0000000000
5545  29.379  -18.724  -30.750 0.0000000000
5547  35.327  -19.600  -29.277 0.0000000000
6093  36.177  -36.751  -12.603 0.0000000000
6362  15.376  -42.732  -8.031 0.0000000000
6363  17.195  -40.484  -9.708 0.0000000000
7064  21.716  -25.458  -20.293 0.0000000000
7065  24.241  -28.000  -21.795 0.0000000000
7066  27.379  -28.598  -20.554 0.0000000000
7067  26.163  -27.439  -23.254 0.0000000000
7068  27.925  -26.266  -24.394 0.0000000000
7069  29.638  -24.644  -25.460 0.0000000000
7388  17.994  -40.259  -5.887 0.0000000000
7389  16.943  -37.993  -5.645 0.0000000000
7936  21.778  -19.916  -26.369 0.0000000000
8552  24.946  -43.446  -7.517 0.0000000000
8553  26.210  -40.327  -9.053 0.0000000000
9936  17.564  -36.079  -6.473 0.0000000000
9937  17.235  -35.942  -8.025 0.0000000000
9938  16.932  -36.286  -9.425 0.0000000000
9939  17.750  -37.022  -10.542 0.0000000000
9941  18.192  -34.105  -11.006 0.0000000000
9942  19.350  -37.710  -11.049 0.0000000000
9943  21.327  -37.912  -10.933 0.0000000000
9944  23.648  -37.669  -10.789 0.0000000000
9945  26.226  -37.407  -11.143 0.0000000000
9969  20.423  -30.007  -14.559 0.0000000000
9970  21.937  -33.050  -15.636 0.0000000000
9971  25.791  -34.771  -13.740 0.0000000000
9972  29.402  -36.849  -11.967 0.0000000000
9973  31.766  -35.945  -12.778 0.0000000000
9974  33.908  -34.716  -13.710 0.0000000000
9975  35.610  -33.451  -14.949 0.0000000000
9976  30.820  -29.018  -18.773 0.0000000000
9977  34.188  -30.329  -17.319 0.0000000000
9978  36.658  -32.371  -16.707 0.0000000000
9982  24.732  -21.352  -27.708 0.0000000000
9983  28.616  -22.730  -27.795 0.0000000000
9984  31.357  -22.757  -26.548 0.0000000000
9985  32.904  -19.517  -30.613 0.0000000000
9986  33.286  -21.085  -27.843 0.0000000000
9987  33.732  -22.597  -24.794 0.0000000000
10421  28.571  -41.111  -8.275 0.0000000000
10422  29.623  -42.102  -7.387 0.0000000000
10423  30.336  -40.673  -8.544 0.0000000000
10424  31.725  -40.219  -8.872 0.0000000000
10425  30.510  -39.349  -9.742 0.0000000000
10571  17.158  -39.044  -7.022 0.0000000000
10572  16.655  -40.742  -7.010 0.0000000000
10573  16.566  -39.215  -7.293 0.0000000000
10574  15.859  -39.431  -7.367 0.0000000000
10575  16.675  -37.984  -7.558 0.0000000000
10963  21.724  -21.127  -22.872 0.0000000000
10964  21.674  -22.072  -22.507 0.0000000000
10965  21.634  -21.849  -23.875 0.0000000000
10966  22.349  -22.654  -24.603 0.0000000000
10967  21.867  -21.545  -24.948 0.0000000000
11174  15.854  -39.976  -3.200 0.0000000000
11175  15.427  -39.185  -2.354 0.0000000000
12041  18.895  -42.927  -10.081 0.0000000000
12042  19.472  -44.713  -9.832 0.0000000000
12043  20.170  -43.085  -10.208 0.0000000000
12044  21.171  -42.981  -9.946 0.0000000000
12045  20.495  -41.328  -10.294 0.0000000000
13191  19.498  -32.179  -13.436 0.0000000000
13192  19.888  -31.003  -13.326 0.0000000000
13211  23.740  -29.459  -20.255 0.0000000000
13212  22.623  -29.518  -19.357 0.0000000000
13213  24.295  -30.446  -19.242 0.0000000000
13214  24.984  -31.198  -17.976 0.0000000000
13215  26.178  -30.512  -18.296 0.0000000000
13216  28.071  -30.868  -17.368 0.0000000000
13217  27.128  -29.862  -18.663 0.0000000000
13218  31.367  -25.283  -23.015 0.0000000000
13219  32.143  -26.164  -21.636 0.0000000000
13220  32.791  -25.475  -22.217 0.0000000000
13221  34.240  -25.715  -21.523 0.0000000000
13222  33.436  -24.690  -22.843 0.0000000000
13991  34.340  -39.195  -9.773 0.0000000000
13992  35.398  -40.317  -9.287 0.0000000000
13993  35.445  -38.732  -10.533 0.0000000000
13995  35.327  -37.211  -11.738 0.0000000000
14441  15.044  -40.253  -7.925 0.0000000000
14442  14.564  -41.870  -7.542 0.0000000000
14443  15.478  -41.047  -8.450 0.0000000000
14444  16.449  -41.804  -8.979 0.0000000000
14445  16.290  -39.859  -9.237 0.0000000000
15611  21.871  -24.228  -21.924 0.0000000000
15612  21.705  -24.321  -20.606 0.0000000000
15613  22.153  -25.456  -21.592 0.0000000000
15614  22.607  -26.743  -21.228 0.0000000000
15615  23.587  -26.661  -22.311 0.0000000000
15616  25.210  -27.786  -22.577 0.0000000000
15617  24.482  -26.484  -23.215 0.0000000000
15618  25.522  -24.467  -25.508 0.0000000000
15619  26.342  -25.805  -24.801 0.0000000000
15620  27.301  -25.236  -25.483 0.0000000000
15621  28.774  -25.517  -24.915 0.0000000000
15622  28.257  -24.603  -26.122 0.0000000000
16241  16.628  -39.408  -4.416 0.0000000000
16242  17.797  -40.354  -5.172 0.0000000000
16243  17.020  -39.204  -5.081 0.0000000000
16244  17.310  -39.075  -5.799 0.0000000000
16245  16.664  -38.135  -4.910 0.0000000000
17416  20.936  -18.158  -25.719 0.0000000000
18851  23.060  -42.484  -8.814 0.0000000000
18852  23.651  -43.883  -7.993 0.0000000000
18853  24.262  -42.132  -8.419 0.0000000000
18854  25.690  -41.799  -8.195 0.0000000000
18855  24.846  -40.526  -9.077 0.0000000000
22276  17.449  -35.951  -7.262 0.0000000000
22277  18.161  -35.206  -7.007 0.0000000000
22279  17.755  -34.929  -8.681 0.0000000000
22280  17.620  -34.979  -9.498 0.0000000000
22281  17.218  -36.619  -10.029 0.0000000000
22282  17.621  -35.124  -10.248 0.0000000000
22286  18.733  -33.085  -11.748 0.0000000000
22287  18.776  -32.975  -10.837 0.0000000000
22288  18.395  -34.361  -11.757 0.0000000000
22289  18.366  -35.795  -11.469 0.0000000000
22290  19.126  -36.151  -11.767 0.0000000000
22291  20.323  -37.920  -11.024 0.0000000000
22292  20.081  -36.363  -11.832 0.0000000000
22293  21.780  -35.101  -13.033 0.0000000000
22294  22.266  -36.359  -11.838 0.0000000000
22295  23.424  -36.289  -11.934 0.0000000000
22296  24.914  -37.562  -10.934 0.0000000000
22297  24.637  -36.249  -12.118 0.0000000000
22354  21.015  -29.165  -17.174 0.0000000000
22355  21.341  -27.716  -15.871 0.0000000000
22356  20.834  -28.926  -15.878 0.0000000000
22357  21.059  -28.836  -14.570 0.0000000000
22358  20.540  -30.217  -15.841 0.0000000000
22359  20.554  -31.549  -15.549 0.0000000000
22360  21.403  -31.863  -16.434 0.0000000000
22361  26.609  -33.129  -15.349 0.0000000000
22362  25.170  -33.564  -15.056 0.0000000000
22363  27.261  -34.386  -14.126 0.0000000000
22364  27.689  -35.758  -12.844 0.0000000000
22365  29.158  -35.410  -13.288 0.0000000000
22366  30.648  -36.463  -12.371 0.0000000000
22367  30.336  -35.006  -13.709 0.0000000000
22368  31.744  -32.425  -15.862 0.0000000000
22369  32.402  -33.911  -14.566 0.0000000000
22370  33.345  -33.238  -15.010 0.0000000000
22371  34.820  -34.047  -14.298 0.0000000000
22372  34.212  -32.525  -15.532 0.0000000000
22373  28.257  -27.940  -20.997 0.0000000000
22374  29.038  -28.622  -19.557 0.0000000000
22375  29.894  -27.982  -20.034 0.0000000000
22376  33.899  -28.248  -19.032 0.0000000000
22377  33.233  -28.960  -18.525 0.0000000000
22378  34.756  -29.632  -17.900 0.0000000000
22379  35.606  -31.187  -16.839 0.0000000000
22380  36.103  -30.588  -17.674 0.0000000000
22382  36.442  -30.078  -18.540 0.0000000000
22388  22.318  -19.401  -27.449 0.0000000000
22389  22.990  -20.674  -27.200 0.0000000000
22390  23.823  -20.173  -28.281 0.0000000000
22391  28.983  -20.759  -29.365 0.0000000000
22392  27.865  -21.453  -28.643 0.0000000000
22393  29.632  -22.035  -28.495 0.0000000000
22394  30.119  -22.997  -27.392 0.0000000000
22395  31.087  -22.202  -28.037 0.0000000000
22396  33.453  -17.312  -32.158 0.0000000000
22397  32.397  -18.290  -31.473 0.0000000000
22398  33.816  -18.598  -31.251 0.0000000000
22399  35.262  -20.235  -27.723 0.0000000000
22400  34.300  -20.359  -28.563 0.0000000000
22401  34.326  -20.876  -26.941 0.0000000000
22402  33.396  -21.653  -26.240 0.0000000000
22403  34.567  -21.696  -25.463 0.0000000000
22404  34.909  -22.887  -24.156 0.0000000000
22405  35.713  -22.169  -24.987 0.0000000000
23370  33.766  -42.275  -7.342 0.0000000000
23371  32.815  -41.146  -8.026 0.0000000000
23372  33.078  -39.709  -9.272 0.0000000000
23373  33.147  -38.278  -10.543 0.0000000000
23641  14.766  -40.903  -6.585 0.0000000000
23642  15.250  -39.755  -7.507 0.0000000000
23643  15.728  -38.584  -8.266 0.0000000000
24343  22.086  -22.350  -21.230 0.0000000000
24344  21.724  -23.110  -22.227 0.0000000000
24345  22.344  -24.120  -23.166 0.0000000000
24346  23.644  -25.121  -23.709 0.0000000000
24347  22.971  -23.874  -24.192 0.0000000000
24348  23.731  -23.546  -25.209 0.0000000000
24349  24.628  -23.144  -26.119 0.0000000000
24722  16.221  -39.660  -3.801 0.0000000000
24723  16.016  -38.607  -3.574 0.0000000000
26288  22.077  -42.785  -9.424 0.0000000000
26289  22.403  -41.068  -9.638 0.0000000000
28349  19.453  -31.884  -11.493 0.0000000000
28350  18.909  -33.271  -12.594 0.0000000000
28351  19.711  -34.948  -12.642 0.0000000000
28352  19.432  -33.503  -13.217 0.0000000000
28353  20.218  -33.756  -13.747 0.0000000000
28354  21.197  -33.976  -14.136 0.0000000000
28387  21.492  -26.661  -18.784 0.0000000000
28388  21.551  -26.574  -17.373 0.0000000000
28389  21.435  -27.948  -18.540 0.0000000000
28390  21.677  -29.393  -18.338 0.0000000000
28391  22.065  -30.763  -17.878 0.0000000000
28392  22.604  -32.049  -17.147 0.0000000000
28393  23.767  -31.785  -17.619 0.0000000000
28394  25.765  -32.053  -16.649 0.0000000000
28395  27.931  -32.597  -15.778 0.0000000000
28396  29.762  -33.531  -15.001 0.0000000000
28397  29.050  -32.119  -16.184 0.0000000000
28398  29.988  -31.582  -16.640 0.0000000000
28399  30.894  -30.989  -17.100 0.0000000000
28400  29.904  -26.635  -21.943 0.0000000000
28401  30.699  -27.405  -20.509 0.0000000000
28402  31.456  -26.794  -21.061 0.0000000000
28403  33.019  -27.102  -20.259 0.0000000000
28404  34.503  -27.576  -19.631 0.0000000000
28405  35.805  -28.350  -19.338 0.0000000000
28406  35.032  -26.932  -20.295 0.0000000000
28407  35.583  -26.302  -21.083 0.0000000000
28408  36.086  -25.708  -21.971 0.0000000000
28410  24.935  -19.601  -29.259 0.0000000000
28412  28.149  -19.445  -30.081 0.0000000000
28413  30.109  -19.982  -30.056 0.0000000000
28415  35.191  -18.774  -30.696 0.0000000000
30205  16.625  -43.566  -8.617 0.0000000000
30206  17.591  -42.474  -9.518 0.0000000000
30207  18.297  -40.959  -10.148 0.0000000000
31841  22.009  -24.387  -19.230 0.0000000000
31842  21.657  -25.408  -18.972 0.0000000000
31843  21.848  -26.704  -20.065 0.0000000000
31844  23.146  -28.145  -20.853 0.0000000000
31845  24.909  -29.144  -20.993 0.0000000000
31846  26.421  -29.242  -20.146 0.0000000000
31847  25.917  -28.736  -21.544 0.0000000000
31848  26.808  -28.125  -22.019 0.0000000000
31849  27.644  -27.480  -22.454 0.0000000000
31850  25.431  -26.200  -24.066 0.0000000000
31851  27.066  -26.943  -23.857 0.0000000000
31852  28.468  -26.768  -22.909 0.0000000000
31853  29.247  -26.068  -23.371 0.0000000000
31854  30.026  -25.289  -23.908 0.0000000000
31855  30.857  -24.429  -24.458 0.0000000000
32669  18.887  -41.650  -5.958 0.0000000000
32671  17.961  -40.286  -6.559 0.0000000000
32672  17.384  -39.001  -6.469 0.0000000000
32673  17.061  -37.898  -6.329 0.0000000000
34155  21.325  -19.711  -24.452 0.0000000000
34156  21.457  -20.369  -25.218 0.0000000000
34157  21.185  -19.277  -25.503 0.0000000000
34158  21.348  -18.728  -26.619 0.0000000000
35923  26.368  -43.018  -7.296 0.0000000000
35924  27.123  -41.479  -8.155 0.0000000000
35925  27.634  -40.047  -9.205 0.0000000000
40015  16.880  -37.399  -4.424 0.0000000000
40016  17.036  -37.165  -5.172 0.0000000000
40017  17.145  -36.976  -5.946 0.0000000000
40044  17.165  -36.880  -6.748 0.0000000000
40045  16.977  -36.924  -7.488 0.0000000000
40046  16.640  -37.070  -8.079 0.0000000000
40047  16.278  -37.376  -8.649 0.0000000000
40048  17.967  -35.040  -7.814 0.0000000000
40049  16.997  -36.076  -8.798 0.0000000000
40050  16.347  -37.752  -9.153 0.0000000000
40051  16.758  -38.250  -9.676 0.0000000000
40052  17.595  -38.747  -10.124 0.0000000000
40053  18.523  -39.184  -10.465 0.0000000000
40058  19.051  -33.004  -9.866 0.0000000000
40059  18.207  -33.985  -10.168 0.0000000000
40060  17.862  -35.419  -10.932 0.0000000000
40061  18.488  -37.400  -10.895 0.0000000000
40062  19.480  -39.454  -10.599 0.0000000000
40063  20.463  -39.584  -10.513 0.0000000000
40064  21.427  -39.597  -10.364 0.0000000000
40065  22.505  -39.426  -10.117 0.0000000000
40066  21.103  -36.423  -11.798 0.0000000000
40067  22.464  -37.808  -10.795 0.0000000000
40068  23.705  -39.256  -9.936 0.0000000000
40069  24.975  -39.045  -9.892 0.0000000000
40070  26.316  -38.852  -10.032 0.0000000000
40071  27.773  -38.636  -10.283 0.0000000000
40143  20.665  -29.943  -13.262 0.0000000000
40144  19.993  -31.190  -14.484 0.0000000000
40145  20.818  -32.816  -15.004 0.0000000000
40146  22.450  -34.044  -14.495 0.0000000000
40147  23.196  -33.032  -16.069 0.0000000000
40148  23.786  -33.930  -14.758 0.0000000000
40149  24.348  -35.010  -13.449 0.0000000000
40150  26.160  -36.057  -12.431 0.0000000000
40151  27.890  -37.179  -11.511 0.0000000000
40152  29.407  -38.292  -10.674 0.0000000000
40153  30.725  -37.920  -11.036 0.0000000000
40154  31.925  -37.428  -11.411 0.0000000000
40155  33.046  -36.867  -11.845 0.0000000000
40156  31.428  -34.531  -14.113 0.0000000000
40157  32.887  -35.372  -13.207 0.0000000000
40158  34.200  -36.232  -12.392 0.0000000000
40159  35.191  -35.610  -13.041 0.0000000000
40160  36.000  -35.068  -13.849 0.0000000000
40161  36.580  -34.603  -14.784 0.0000000000
40162  28.121  -29.217  -19.082 0.0000000000
40163  29.992  -29.639  -18.286 0.0000000000
40164  31.772  -30.346  -17.560 0.0000000000
40165  31.605  -28.381  -19.228 0.0000000000
40166  32.545  -29.656  -18.031 0.0000000000
40167  33.398  -31.033  -16.794 0.0000000000
40168  34.970  -31.859  -16.124 0.0000000000
40169  36.211  -32.881  -15.788 0.0000000000
40180  22.317  -21.149  -26.059 0.0000000000
40181  23.754  -21.889  -26.721 0.0000000000
40182  25.672  -22.643  -27.057 0.0000000000
40183  25.855  -20.819  -28.612 0.0000000000
40184  26.763  -22.063  -27.847 0.0000000000
40185  27.547  -23.358  -27.037 0.0000000000
40186  29.187  -23.812  -26.739 0.0000000000
40187  30.481  -23.690  -25.961 0.0000000000
40188  31.655  -23.509  -25.044 0.0000000000
40189  30.687  -17.928  -31.436 0.0000000000
40190  31.352  -19.148  -30.713 0.0000000000
40191  31.792  -20.454  -29.920 0.0000000000
40192  34.147  -19.703  -30.085 0.0000000000
40193  33.249  -20.504  -29.376 0.0000000000
40194  32.161  -21.371  -28.717 0.0000000000
40195  32.281  -21.904  -27.185 0.0000000000
40196  32.518  -22.577  -25.617 0.0000000000
40197  32.909  -23.550  -24.189 0.0000000000
40198  34.139  -23.771  -23.488 0.0000000000
40199  35.462  -24.261  -23.031 0.0000000000
41141  28.885  -40.437  -8.854 0.0000000000
41142  29.455  -40.907  -8.385 0.0000000000
41143  29.748  -40.230  -8.997 0.0000000000
41144  30.481  -40.027  -9.131 0.0000000000
41145  29.831  -39.561  -9.596 0.0000000000
41291  17.079  -38.487  -7.042 0.0000000000
41292  16.875  -39.138  -7.221 0.0000000000
41293  16.828  -38.513  -7.241 0.0000000000
41294  16.569  -38.568  -7.398 0.0000000000
41295  16.871  -37.933  -7.285 0.0000000000
41681  21.532  -20.407  -23.682 0.0000000000
41682  21.778  -20.609  -23.075 0.0000000000
41683  21.562  -20.965  -23.489 0.0000000000
41684  21.571  -21.462  -23.358 0.0000000000
41685  21.522  -21.321  -23.991 0.0000000000
41686  21.717  -21.710  -24.411 0.0000000000
41687  21.570  -21.166  -24.597 0.0000000000
42761  19.251  -42.095  -10.314 0.0000000000
42762  19.553  -43.040  -10.197 0.0000000000
42763  19.836  -42.158  -10.352 0.0000000000
42764  20.353  -42.183  -10.267 0.0000000000
42765  20.023  -41.268  -10.410 0.0000000000
43911  19.979  -30.953  -12.778 0.0000000000
43931  24.599  -29.790  -20.099 0.0000000000
43932  24.007  -30.033  -19.787 0.0000000000
43933  24.856  -30.180  -19.502 0.0000000000
43934  25.213  -30.498  -18.811 0.0000000000
43935  25.790  -30.156  -19.030 0.0000000000
43936  26.663  -30.192  -18.473 0.0000000000
43937  26.259  -29.825  -19.187 0.0000000000
43938  31.730  -24.913  -23.305 0.0000000000
43939  32.065  -25.379  -22.615 0.0000000000
43940  32.398  -25.000  -22.924 0.0000000000
43941  33.107  -25.106  -22.516 0.0000000000
43942  32.746  -24.586  -23.214 0.0000000000
44711  34.322  -38.457  -10.420 0.0000000000
44712  34.901  -38.959  -10.117 0.0000000000
44713  34.905  -38.201  -10.749 0.0000000000
44714  35.404  -37.956  -11.156 0.0000000000
44715  34.808  -37.466  -11.372 0.0000000000
45161  15.407  -39.754  -8.348 0.0000000000
45162  15.187  -40.662  -8.201 0.0000000000
45163  15.575  -40.134  -8.607 0.0000000000
45164  15.865  -40.468  -8.849 0.0000000000
45165  15.955  -39.529  -8.996 0.0000000000
46331  22.262  -24.795  -22.384 0.0000000000
46332  21.983  -24.858  -21.760 0.0000000000
46333  22.471  -25.398  -22.157 0.0000000000
46334  22.772  -26.061  -21.977 0.0000000000
46335  23.224  -25.992  -22.529 0.0000000000
46336  24.030  -26.594  -22.791 0.0000000000
46337  23.603  -25.873  -22.986 0.0000000000
46338  26.022  -24.218  -25.918 0.0000000000
46339  26.399  -24.917  -25.533 0.0000000000
46340  26.941  -24.635  -25.896 0.0000000000
46341  27.755  -24.943  -25.800 0.0000000000
46342  27.442  -24.325  -26.255 0.0000000000
46961  16.421  -38.883  -4.337 0.0000000000
46962  16.835  -39.301  -4.747 0.0000000000
46963  16.602  -38.772  -4.672 0.0000000000
46964  16.793  -38.673  -5.034 0.0000000000
46965  16.518  -38.261  -4.547 0.0000000000
49571  23.310  -41.610  -9.028 0.0000000000
49572  23.616  -42.315  -8.564 0.0000000000
49573  23.940  -41.463  -8.857 0.0000000000
49574  24.577  -41.336  -8.733 0.0000000000
49575  24.208  -40.646  -9.144 0.0000000000
52998  18.496  -34.017  -8.836 0.0000000000
52999  17.970  -34.485  -9.026 0.0000000000
53000  17.946  -34.467  -9.450 0.0000000000
53001  17.579  -35.042  -9.884 0.0000000000
53002  17.916  -34.485  -9.865 0.0000000000
53006  18.650  -33.843  -12.174 0.0000000000
53007  18.529  -33.718  -11.786 0.0000000000
53008  18.626  -34.536  -12.081 0.0000000000
53009  18.644  -35.231  -11.895 0.0000000000
53010  19.021  -35.403  -12.078 0.0000000000
53011  19.594  -36.297  -11.818 0.0000000000
53012  19.418  -35.529  -12.209 0.0000000000
53013  22.353  -35.104  -13.111 0.0000000000
53014  22.627  -35.705  -12.482 0.0000000000
53015  23.198  -35.685  -12.554 0.0000000000
53016  24.023  -36.274  -12.018 0.0000000000
53017  23.804  -35.673  -12.643 0.0000000000
53074  21.021  -29.844  -17.074 0.0000000000
53075  20.865  -29.031  -16.534 0.0000000000
53076  20.770  -29.698  -16.490 0.0000000000
53077  20.649  -29.543  -15.859 0.0000000000
53078  20.761  -30.368  -16.368 0.0000000000
53079  20.817  -31.056  -16.235 0.0000000000
53080  21.227  -31.206  -16.721 0.0000000000
53081  27.676  -33.515  -14.948 0.0000000000
53082  26.966  -33.741  -14.743 0.0000000000
53083  27.984  -34.160  -14.350 0.0000000000
53084  28.243  -34.892  -13.693 0.0000000000
53085  28.962  -34.698  -13.919 0.0000000000
53086  29.762  -35.241  -13.481 0.0000000000
53087  29.542  -34.516  -14.120 0.0000000000
53088  32.196  -32.102  -16.069 0.0000000000
53089  32.570  -32.809  -15.441 0.0000000000
53090  33.008  -32.478  -15.653 0.0000000000
53091  33.795  -32.882  -15.266 0.0000000000
53092  33.410  -32.130  -15.914 0.0000000000
53093  28.681  -27.631  -21.212 0.0000000000
53094  29.087  -27.900  -20.469 0.0000000000
53095  29.501  -27.599  -20.724 0.0000000000
53096  34.652  -28.588  -18.763 0.0000000000
53097  34.366  -28.899  -18.452 0.0000000000
53098  35.063  -29.294  -18.230 0.0000000000
53099  35.500  -30.065  -17.726 0.0000000000
53100  35.741  -29.772  -18.115 0.0000000000
53101  36.297  -30.311  -18.100 0.0000000000
53102  35.947  -29.491  -18.507 0.0000000000
53108  22.688  -19.125  -27.986 0.0000000000
53109  23.047  -19.796  -27.887 0.0000000000
53110  23.491  -19.527  -28.461 0.0000000000
53111  29.869  -21.037  -29.311 0.0000000000
53112  29.358  -21.410  -28.943 0.0000000000
53113  30.182  -21.657  -28.878 0.0000000000
53114  30.410  -22.198  -28.332 0.0000000000
53115  30.926  -21.802  -28.695 0.0000000000
53116  34.152  -17.399  -31.995 0.0000000000
53117  33.686  -17.947  -31.780 0.0000000000
53118  34.353  -18.098  -31.580 0.0000000000
53119  35.316  -20.557  -26.966 0.0000000000
53120  34.728  -20.562  -27.337 0.0000000000
53121  34.851  -20.840  -26.556 0.0000000000
53122  34.446  -21.230  -26.194 0.0000000000
53123  34.993  -21.317  -25.855 0.0000000000
53124  35.123  -21.907  -25.178 0.0000000000
53125  35.537  -21.525  -25.588 0.0000000000
54304  30.511  -41.830  -7.522 0.0000000000
54310  32.104  -41.352  -7.852 0.0000000000
54311  31.838  -39.537  -9.483 0.0000000000
54312  32.405  -39.992  -9.041 0.0000000000
54313  32.501  -39.285  -9.666 0.0000000000
54314  33.114  -39.024  -9.865 0.0000000000
54315  32.501  -38.575  -10.311 0.0000000000
54751  17.672  -41.324  -6.951 0.0000000000
54753  17.214  -41.445  -6.944 0.0000000000
54754  16.180  -40.741  -6.878 0.0000000000
54760  15.209  -40.819  -6.601 0.0000000000
54761  16.006  -38.816  -7.659 0.0000000000
54762  15.485  -39.567  -7.388 0.0000000000
54763  15.720  -38.961  -7.789 0.0000000000
54764  15.480  -39.126  -7.933 0.0000000000
54765  15.899  -38.391  -8.085 0.0000000000
55930  22.264  -21.877  -21.415 0.0000000000
55931  21.689  -22.512  -23.057 0.0000000000
55932  21.680  -22.615  -22.385 0.0000000000
55933  21.795  -23.040  -22.937 0.0000000000
55934  21.922  -23.611  -22.751 0.0000000000
55935  22.132  -23.517  -23.399 0.0000000000
55936  22.659  -23.991  -23.683 0.0000000000
55937  22.365  -23.374  -23.890 0.0000000000
55938  22.620  -22.508  -25.139 0.0000000000
55939  22.933  -23.083  -24.925 0.0000000000
55940  23.339  -22.926  -25.443 0.0000000000
55941  24.131  -23.371  -25.673 0.0000000000
55942  23.762  -22.741  -25.972 0.0000000000
56561  15.693  -39.389  -3.114 0.0000000000
56562  16.036  -39.816  -3.498 0.0000000000
56563  15.860  -39.232  -3.404 0.0000000000
56564  16.033  -39.100  -3.724 0.0000000000
56565  15.862  -38.754  -3.268 0.0000000000
59171  21.308  -42.075  -9.968 0.0000000000
59172  21.633  -42.901  -9.705 0.0000000000
59173  21.793  -41.976  -9.744 0.0000000000
59174  22.258  -41.889  -9.511 0.0000000000
59175  21.925  -41.180  -9.852 0.0000000000
62606  19.784  -31.401  -11.889 0.0000000000
62608  19.349  -31.936  -12.006 0.0000000000
62609  19.029  -32.518  -12.142 0.0000000000
62610  19.082  -32.629  -12.577 0.0000000000
62611  19.145  -33.392  -12.924 0.0000000000
62612  19.204  -32.727  -12.988 0.0000000000
62613  19.680  -32.294  -13.842 0.0000000000
62614  19.723  -32.957  -13.697 0.0000000000
62615  20.066  -33.104  -14.026 0.0000000000
62616  20.697  -33.877  -13.946 0.0000000000
62617  20.440  -33.236  -14.315 0.0000000000
62671  21.667  -27.323  -19.281 0.0000000000
62672  21.432  -27.268  -18.612 0.0000000000
62673  21.741  -28.043  -19.147 0.0000000000
62674  22.845  -30.158  -19.042 0.0000000000
62675  22.114  -29.472  -18.850 0.0000000000
62676  22.326  -30.161  -18.592 0.0000000000
62677  21.853  -30.093  -18.113 0.0000000000
62678  22.610  -30.799  -18.289 0.0000000000
62679  22.844  -31.420  -17.913 0.0000000000
62680  23.461  -31.304  -18.167 0.0000000000
62681  25.978  -31.258  -17.464 0.0000000000
62682  25.371  -31.599  -17.279 0.0000000000
62683  26.406  -31.737  -16.825 0.0000000000
62684  26.824  -32.268  -16.195 0.0000000000
62685  27.506  -31.988  -16.405 0.0000000000
62686  28.500  -32.372  -15.973 0.0000000000
62687  28.020  -31.734  -16.583 0.0000000000
62688  28.568  -30.563  -17.580 0.0000000000
62689  29.068  -31.192  -16.982 0.0000000000
62690  29.507  -30.910  -17.220 0.0000000000
62691  30.458  -31.289  -16.878 0.0000000000
62692  29.959  -30.615  -17.460 0.0000000000
62693  30.300  -26.324  -22.195 0.0000000000
62694  30.687  -26.698  -21.492 0.0000000000
62695  31.037  -26.383  -21.769 0.0000000000
62696  32.888  -26.277  -21.214 0.0000000000
62697  32.547  -26.615  -20.949 0.0000000000
62698  33.308  -26.765  -20.557 0.0000000000
62699  33.733  -27.310  -19.937 0.0000000000
62700  34.017  -26.962  -20.225 0.0000000000
62701  34.769  -27.255  -19.956 0.0000000000
62702  34.336  -26.618  -20.555 0.0000000000
62703  34.517  -25.379  -21.852 0.0000000000
62704  34.922  -25.955  -21.239 0.0000000000
62705  35.205  -25.584  -21.621 0.0000000000
62706  35.850  -25.997  -21.519 0.0000000000
62707  35.474  -25.264  -22.057 0.0000000000
62712  27.720  -18.813  -30.444 0.0000000000
62713  28.783  -19.062  -30.403 0.0000000000
62714  29.159  -19.720  -30.074 0.0000000000
62715  29.830  -19.314  -30.386 0.0000000000
65011  34.021  -41.456  -7.951 0.0000000000
65012  34.425  -42.117  -7.656 0.0000000000
65013  34.643  -41.296  -8.286 0.0000000000
65014  35.896  -40.169  -9.741 0.0000000000
65021  36.298  -37.528  -12.078 0.0000000000
65025  36.529  -36.543  -13.070 0.0000000000
66364  14.928  -42.279  -7.830 0.0000000000
66370  15.974  -43.137  -8.326 0.0000000000
66371  16.848  -41.181  -9.366 0.0000000000
66372  17.005  -42.158  -9.237 0.0000000000
66373  17.381  -41.470  -9.628 0.0000000000
66374  18.013  -41.740  -9.929 0.0000000000
66375  17.731  -40.739  -9.931 0.0000000000
69871  22.268  -22.926  -20.417 0.0000000000
69873  22.100  -23.388  -20.204 0.0000000000
69874  21.678  -24.857  -20.438 0.0000000000
69875  21.786  -24.324  -19.902 0.0000000000
69876  21.680  -24.869  -19.761 0.0000000000
69877  21.843  -24.878  -19.022 0.0000000000
69878  21.623  -25.432  -19.630 0.0000000000
69879  21.601  -26.031  -19.534 0.0000000000
69880  21.773  -26.061  -20.175 0.0000000000
69881  23.360  -27.382  -21.553 0.0000000000
69882  22.883  -27.426  -21.056 0.0000000000
69883  23.703  -28.095  -21.339 0.0000000000
69884  24.016  -28.742  -21.048 0.0000000000
69885  24.635  -28.637  -21.477 0.0000000000
69886  25.394  -28.944  -21.274 0.0000000000
69887  25.126  -28.478  -21.813 0.0000000000
69888  25.713  -27.629  -22.932 0.0000000000
69889  26.057  -28.058  -22.422 0.0000000000
69890  26.475  -27.819  -22.688 0.0000000000
69891  27.231  -27.812  -22.243 0.0000000000
69892  26.894  -27.558  -22.942 0.0000000000
69893  24.104  -25.000  -24.186 0.0000000000
69894  24.501  -25.660  -23.890 0.0000000000
69895  25.006  -25.518  -24.351 0.0000000000
69896  27.213  -26.145  -24.700 0.0000000000
69897  26.726  -26.426  -24.374 0.0000000000
69898  27.490  -26.620  -24.122 0.0000000000
69899  27.762  -26.906  -23.416 0.0000000000
69900  28.201  -26.553  -23.654 0.0000000000
69901  28.858  -26.427  -23.134 0.0000000000
69902  28.601  -26.185  -23.903 0.0000000000
69903  29.172  -25.086  -25.192 0.0000000000
69904  29.408  -25.395  -24.413 0.0000000000
69905  29.829  -24.979  -24.689 0.0000000000
69906  30.444  -24.880  -24.186 0.0000000000
69907  30.222  -24.539  -24.951 0.0000000000
71763  18.225  -41.123  -4.800 0.0000000000
71764  17.938  -40.292  -5.540 0.0000000000
71765  18.393  -40.926  -5.558 0.0000000000
71766  18.439  -40.932  -5.938 0.0000000000
71767  18.769  -41.712  -6.309 0.0000000000
71768  18.375  -40.946  -6.269 0.0000000000
71769  18.232  -41.012  -6.559 0.0000000000
71770  18.001  -40.256  -6.226 0.0000000000
71771  17.058  -38.524  -5.731 0.0000000000
71772  17.389  -39.038  -6.150 0.0000000000
71773  17.152  -38.478  -6.089 0.0000000000
71774  17.188  -38.449  -6.439 0.0000000000
71775  17.021  -37.927  -5.980 0.0000000000
75286  21.218  -19.485  -24.986 0.0000000000
75287  21.128  -18.965  -25.108 0.0000000000
75289  21.050  -18.425  -26.148 0.0000000000
79594  24.274  -43.663  -7.728 0.0000000000
79600  25.668  -43.236  -7.373 0.0000000000
79601  25.944  -41.056  -8.608 0.0000000000
79602  26.392  -41.648  -8.143 0.0000000000
79603  26.681  -40.906  -8.605 0.0000000000
79604  27.417  -40.750  -8.646 0.0000000000
79605  26.917  -40.187  -9.105 0.0000000000
89794  17.257  -37.025  -4.576 0.0000000000
89795  17.295  -36.874  -4.952 0.0000000000
89796  17.096  -37.053  -5.558 0.0000000000
89797  17.316  -36.722  -5.362 0.0000000000
89864  17.345  -36.517  -6.186 0.0000000000
89865  17.311  -36.462  -6.608 0.0000000000
89866  17.092  -36.888  -7.129 0.0000000000
89867  17.262  -36.415  -7.013 0.0000000000
89868  17.352  -35.930  -7.640 0.0000000000
89869  17.061  -36.460  -7.765 0.0000000000
89870  16.920  -36.484  -8.113 0.0000000000
89871  16.454  -37.200  -8.353 0.0000000000
89872  16.766  -36.580  -8.450 0.0000000000
89875  18.442  -34.668  -7.623 0.0000000000
89876  17.317  -35.530  -9.135 0.0000000000
89877  17.356  -35.467  -8.771 0.0000000000
89878  16.939  -36.176  -9.133 0.0000000000
89879  16.568  -36.837  -9.061 0.0000000000
89880  16.636  -37.030  -9.342 0.0000000000
89881  16.494  -37.974  -9.418 0.0000000000
89882  16.789  -37.222  -9.608 0.0000000000
89883  17.445  -36.809  -10.294 0.0000000000
89884  17.316  -37.643  -10.094 0.0000000000
89885  17.684  -37.889  -10.323 0.0000000000
89886  18.024  -38.973  -10.344 0.0000000000
89887  18.086  -38.126  -10.516 0.0000000000
89899  18.445  -33.506  -10.938 0.0000000000
89900  18.897  -32.972  -10.355 0.0000000000
89901  18.501  -33.480  -10.467 0.0000000000
89902  18.592  -33.478  -10.012 0.0000000000
89903  18.191  -34.033  -10.573 0.0000000000
89904  17.913  -34.618  -10.653 0.0000000000
89905  17.993  -34.732  -11.004 0.0000000000
89906  18.828  -36.747  -11.330 0.0000000000
89907  18.436  -36.559  -11.195 0.0000000000
89908  18.882  -37.559  -11.011 0.0000000000
89909  18.962  -38.450  -10.735 0.0000000000
89910  19.430  -38.562  -10.775 0.0000000000
89911  19.973  -39.516  -10.571 0.0000000000
89912  19.899  -38.666  -10.775 0.0000000000
89913  20.816  -37.941  -10.992 0.0000000000
89914  20.894  -38.784  -10.659 0.0000000000
89915  21.394  -38.763  -10.589 0.0000000000
89916  21.960  -39.515  -10.235 0.0000000000
89917  21.922  -38.685  -10.512 0.0000000000
89918  20.193  -35.010  -12.746 0.0000000000
89919  20.385  -35.669  -12.291 0.0000000000
89920  20.929  -35.716  -12.345 0.0000000000
89921  22.979  -37.008  -11.283 0.0000000000
89922  22.352  -37.066  -11.262 0.0000000000
89923  23.044  -37.742  -10.774 0.0000000000
89924  23.100  -38.519  -10.344 0.0000000000
89925  23.693  -38.441  -10.312 0.0000000000
89926  24.337  -39.152  -9.893 0.0000000000
89927  24.343  -38.386  -10.319 0.0000000000
89928  25.565  -37.499  -11.032 0.0000000000
89929  25.640  -38.196  -10.479 0.0000000000
89930  26.325  -38.116  -10.573 0.0000000000
89931  27.029  -38.749  -10.140 0.0000000000
89932  27.016  -38.020  -10.695 0.0000000000
90099  21.335  -27.173  -17.305 0.0000000000
90100  21.817  -26.597  -16.702 0.0000000000
90101  21.474  -27.146  -16.617 0.0000000000
90102  21.617  -27.778  -15.224 0.0000000000
90103  22.066  -27.321  -15.321 0.0000000000
90109  20.756  -29.403  -14.561 0.0000000000
90110  21.387  -28.900  -13.918 0.0000000000
90111  20.924  -29.407  -13.874 0.0000000000
90113  20.491  -29.951  -13.908 0.0000000000
90114  20.162  -30.498  -13.896 0.0000000000
90115  20.164  -30.587  -14.535 0.0000000000
90116  21.134  -32.366  -15.722 0.0000000000
90117  20.645  -32.185  -15.327 0.0000000000
90118  21.367  -32.956  -15.346 0.0000000000
90119  21.596  -33.483  -14.874 0.0000000000
90120  22.215  -33.549  -15.091 0.0000000000
90121  23.505  -32.449  -16.861 0.0000000000
90122  22.878  -32.561  -16.653 0.0000000000
90123  23.822  -32.884  -16.216 0.0000000000
90124  25.485  -34.155  -14.395 0.0000000000
90125  24.469  -33.765  -14.912 0.0000000000
90126  24.788  -34.332  -14.247 0.0000000000
90127  24.112  -34.436  -14.102 0.0000000000
90128  25.061  -34.889  -13.588 0.0000000000
90129  25.276  -35.500  -12.947 0.0000000000
90130  26.026  -35.390  -13.103 0.0000000000
90131  28.553  -36.305  -12.400 0.0000000000
90132  27.791  -36.457  -12.161 0.0000000000
90133  28.649  -37.028  -11.735 0.0000000000
90134  28.647  -37.746  -11.081 0.0000000000
90135  29.457  -37.587  -11.301 0.0000000000
90136  30.079  -38.109  -10.856 0.0000000000
90137  30.116  -37.412  -11.490 0.0000000000
90138  31.202  -36.212  -12.570 0.0000000000
90139  31.300  -36.938  -11.907 0.0000000000
90140  31.879  -36.668  -12.117 0.0000000000
90141  32.488  -37.141  -11.631 0.0000000000
90142  32.465  -36.386  -12.321 0.0000000000
90143  30.281  -33.275  -15.221 0.0000000000
90144  30.629  -34.049  -14.548 0.0000000000
90145  31.120  -33.774  -14.770 0.0000000000
90146  33.185  -34.297  -14.130 0.0000000000
90147  32.693  -34.640  -13.893 0.0000000000
90148  33.411  -35.051  -13.448 0.0000000000
90149  33.521  -35.824  -12.755 0.0000000000
90150  34.064  -35.471  -13.043 0.0000000000
90151  34.715  -35.909  -12.704 0.0000000000
90152  34.563  -35.142  -13.343 0.0000000000
90153  35.226  -33.740  -14.618 0.0000000000
90154  35.438  -34.505  -14.038 0.0000000000
90155  35.807  -34.226  -14.439 0.0000000000
90156  36.319  -34.830  -14.294 0.0000000000
90157  36.149  -33.964  -14.861 0.0000000000
90158  26.885  -28.928  -20.351 0.0000000000
90159  27.220  -29.158  -19.593 0.0000000000
90160  27.713  -28.842  -19.814 0.0000000000
90161  29.927  -28.771  -19.137 0.0000000000
90162  29.507  -29.067  -18.910 0.0000000000
90163  30.444  -29.336  -18.531 0.0000000000
90164  30.862  -29.984  -17.925 0.0000000000
90165  31.286  -29.666  -18.158 0.0000000000
90166  31.557  -27.530  -20.110 0.0000000000
90167  31.174  -27.852  -19.861 0.0000000000
90168  31.968  -28.069  -19.473 0.0000000000
90169  33.735  -29.622  -17.930 0.0000000000
90170  32.894  -29.298  -18.262 0.0000000000
90171  33.374  -29.964  -17.665 0.0000000000
90172  33.020  -30.311  -17.438 0.0000000000
90173  33.825  -30.660  -17.057 0.0000000000
90174  34.200  -31.428  -16.434 0.0000000000
90175  34.597  -31.068  -16.729 0.0000000000
90176  36.184  -31.726  -16.737 0.0000000000
90177  35.950  -32.006  -16.314 0.0000000000
90178  36.451  -32.616  -16.231 0.0000000000
90179  36.681  -33.488  -15.802 0.0000000000
90188  36.036  -28.087  -19.763 0.0000000000
90189  36.310  -28.915  -19.337 0.0000000000
90203  21.610  -20.164  -25.878 0.0000000000
90204  21.808  -20.750  -25.650 0.0000000000
90205  22.026  -20.509  -26.212 0.0000000000
90206  23.823  -21.028  -27.509 0.0000000000
90207  23.393  -21.274  -26.994 0.0000000000
90208  24.340  -21.646  -27.249 0.0000000000
90209  24.664  -22.231  -26.885 0.0000000000
90210  25.225  -21.978  -27.370 0.0000000000
90211  25.920  -19.905  -29.366 0.0000000000
90212  25.353  -20.253  -28.965 0.0000000000
90213  26.414  -20.518  -29.023 0.0000000000
90214  28.247  -22.093  -28.197 0.0000000000
90215  27.306  -21.741  -28.259 0.0000000000
90216  27.730  -22.443  -27.845 0.0000000000
90217  27.166  -22.714  -27.476 0.0000000000
90218  28.107  -23.053  -27.430 0.0000000000
90219  28.412  -23.640  -26.946 0.0000000000
90220  28.908  -23.284  -27.323 0.0000000000
90221  30.761  -22.927  -27.000 0.0000000000
90222  30.303  -23.378  -26.696 0.0000000000
90223  30.904  -23.234  -26.243 0.0000000000
90224  31.033  -23.588  -25.506 0.0000000000
90225  31.510  -23.088  -25.781 0.0000000000
90229  32.675  -18.918  -31.056 0.0000000000
90230  31.934  -18.732  -31.102 0.0000000000
90231  32.132  -19.352  -30.716 0.0000000000
90232  31.603  -19.781  -30.353 0.0000000000
90233  32.337  -19.966  -30.251 0.0000000000
90234  35.291  -19.237  -29.996 0.0000000000
90235  34.676  -19.282  -30.407 0.0000000000
90236  34.747  -19.701  -29.677 0.0000000000
90237  33.800  -20.738  -28.227 0.0000000000
90238  33.761  -20.435  -29.000 0.0000000000
90239  33.274  -20.867  -28.647 0.0000000000
90240  32.677  -20.963  -29.066 0.0000000000
90241  32.748  -21.245  -28.326 0.0000000000
90242  32.177  -21.653  -27.931 0.0000000000
90243  32.815  -21.471  -27.519 0.0000000000
90244  33.570  -22.031  -25.507 0.0000000000
90245  32.984  -22.100  -25.919 0.0000000000
90246  33.128  -22.539  -25.169 0.0000000000
90247  32.692  -23.034  -24.887 0.0000000000
90248  33.308  -23.069  -24.485 0.0000000000
90249  33.514  -23.662  -23.826 0.0000000000
90250  33.886  -23.188  -24.130 0.0000000000
90251  35.536  -23.184  -23.962 0.0000000000
90252  35.195  -23.537  -23.573 0.0000000000
90253  35.802  -23.891  -23.483 0.0000000000
92485  28.246  -41.835  -7.735 0.0000000000
92486  28.733  -42.354  -7.289 0.0000000000
92487  29.171  -41.596  -7.805 0.0000000000
92488  30.052  -41.349  -7.937 0.0000000000
92489  30.888  -41.123  -8.105 0.0000000000
92490  31.613  -40.891  -8.271 0.0000000000
92491  31.051  -40.449  -8.704 0.0000000000
92492  31.157  -39.786  -9.304 0.0000000000
92493  31.210  -39.127  -9.908 0.0000000000
92755  17.318  -39.717  -7.005 0.0000000000
92756  17.092  -40.608  -7.067 0.0000000000
92757  16.981  -39.834  -7.139 0.0000000000
92758  16.599  -39.924  -7.179 0.0000000000
92759  16.182  -39.999  -7.135 0.0000000000
92760  15.753  -40.086  -7.039 0.0000000000
92761  16.217  -39.314  -7.337 0.0000000000
92762  16.324  -38.669  -7.543 0.0000000000
92763  16.405  -38.085  -7.753 0.0000000000
93461  21.995  -21.271  -22.257 0.0000000000
93462  21.883  -21.730  -22.031 0.0000000000
93463  21.710  -21.588  -22.699 0.0000000000
93464  21.630  -21.968  -23.195 0.0000000000
93465  21.775  -22.384  -23.707 0.0000000000
93466  22.120  -22.807  -24.076 0.0000000000
93467  21.901  -22.248  -24.270 0.0000000000
93468  22.090  -22.101  -24.793 0.0000000000
93469  22.298  -21.932  -25.303 0.0000000000
93842  15.522  -39.532  -2.817 0.0000000000
93843  15.549  -39.042  -2.651 0.0000000000
95401  18.509  -43.613  -9.701 0.0000000000
95402  18.750  -44.510  -9.568 0.0000000000
95403  19.187  -43.820  -9.996 0.0000000000
95404  19.863  -43.948  -10.100 0.0000000000
95405  20.446  -43.959  -10.081 0.0000000000
95406  20.947  -43.888  -9.956 0.0000000000
95407  20.684  -43.039  -10.139 0.0000000000
95408  20.843  -42.158  -10.137 0.0000000000
95409  20.962  -41.262  -10.189 0.0000000000
97470  19.680  -31.441  -12.419 0.0000000000
97471  19.386  -32.084  -13.001 0.0000000000
97472  19.632  -31.487  -12.921 0.0000000000
97473  19.638  -31.560  -13.422 0.0000000000
97474  19.736  -31.690  -13.898 0.0000000000
97507  22.889  -28.821  -20.096 0.0000000000
97508  22.368  -28.807  -19.571 0.0000000000
97509  23.162  -29.507  -19.826 0.0000000000
97510  23.391  -30.154  -19.434 0.0000000000
97511  23.750  -30.650  -18.983 0.0000000000
97512  24.056  -31.085  -18.405 0.0000000000
97513  24.649  -30.803  -18.606 0.0000000000
97514  25.598  -30.820  -18.134 0.0000000000
97515  26.590  -30.922  -17.642 0.0000000000
97516  27.575  -31.147  -17.173 0.0000000000
97517  27.096  -30.612  -17.815 0.0000000000
97518  27.583  -30.326  -18.001 0.0000000000
97519  28.089  -30.019  -18.206 0.0000000000
97520  31.021  -25.655  -22.706 0.0000000000
97521  31.390  -26.056  -22.044 0.0000000000
97522  31.735  -25.724  -22.323 0.0000000000
97523  32.452  -25.829  -21.924 0.0000000000
97524  33.223  -25.926  -21.523 0.0000000000
97525  33.936  -26.072  -21.200 0.0000000000
97526  33.508  -25.582  -21.846 0.0000000000
97527  33.814  -25.214  -22.182 0.0000000000
97528  34.118  -24.827  -22.502 0.0000000000
98911  34.301  -39.903  -9.197 0.0000000000
98912  34.798  -40.489  -8.855 0.0000000000
98913  34.903  -39.692  -9.539 0.0000000000
98914  35.464  -39.513  -9.916 0.0000000000
98915  35.942  -39.334  -10.398 0.0000000000
98917  35.966  -38.520  -11.021 0.0000000000
98918  35.868  -37.733  -11.599 0.0000000000
98919  35.774  -36.973  -12.160 0.0000000000
99721  14.685  -40.758  -7.452 0.0000000000
99722  14.314  -41.516  -7.208 0.0000000000
99723  14.771  -41.079  -7.729 0.0000000000
99724  14.980  -41.431  -8.000 0.0000000000
99725  15.404  -41.865  -8.295 0.0000000000
99726  15.940  -42.292  -8.564 0.0000000000
99727  15.891  -41.422  -8.698 0.0000000000
99728  16.340  -40.846  -9.107 0.0000000000
99729  16.707  -40.179  -9.460 0.0000000000
101827  21.699  -23.747  -21.388 0.0000000000
101828  21.738  -23.777  -20.726 0.0000000000
101829  21.738  -24.284  -21.263 0.0000000000
101830  21.800  -24.876  -21.109 0.0000000000
101831  21.881  -25.461  -20.953 0.0000000000
101832  22.020  -26.094  -20.805 0.0000000000
101833  22.368  -26.113  -21.420 0.0000000000
101834  23.073  -26.697  -21.776 0.0000000000
101835  23.862  -27.331  -22.060 0.0000000000
101836  24.734  -27.900  -22.196 0.0000000000
101837  24.348  -27.251  -22.500 0.0000000000
101838  24.885  -27.159  -22.922 0.0000000000
101839  25.325  -27.023  -23.326 0.0000000000
101840  25.011  -24.690  -25.096 0.0000000000
101841  25.484  -25.367  -24.764 0.0000000000
101842  25.942  -25.142  -25.149 0.0000000000
101843  26.801  -25.589  -25.141 0.0000000000
101844  27.614  -25.818  -25.018 0.0000000000
101845  28.369  -25.892  -24.656 0.0000000000
101846  28.089  -25.463  -25.316 0.0000000000
101847  28.540  -25.121  -25.591 0.0000000000
101848  28.973  -24.682  -25.848 0.0000000000
102961  16.974  -39.989  -4.462 0.0000000000
102962  17.639  -40.474  -4.812 0.0000000000
102963  17.191  -39.868  -4.798 0.0000000000
102964  17.373  -39.774  -5.142 0.0000000000
102965  17.517  -39.694  -5.497 0.0000000000
102966  17.622  -39.634  -5.854 0.0000000000
102967  17.178  -39.119  -5.442 0.0000000000
102968  16.949  -38.590  -5.391 0.0000000000
102969  16.830  -38.071  -5.298 0.0000000000
107659  22.802  -43.351  -8.689 0.0000000000
107660  23.088  -44.082  -8.317 0.0000000000
107661  23.340  -43.186  -8.388 0.0000000000
107662  23.938  -42.995  -8.145 0.0000000000
107663  24.608  -42.781  -7.946 0.0000000000
107664  25.315  -42.611  -7.804 0.0000000000
107665  24.970  -41.959  -8.293 0.0000000000
107666  25.254  -41.190  -8.653 0.0000000000
107667  25.512  -40.423  -9.047 0.0000000000
113824  17.512  -36.010  -6.894 0.0000000000
113825  17.858  -35.643  -6.721 0.0000000000
113826  17.759  -35.528  -7.142 0.0000000000
113827  17.654  -35.498  -7.544 0.0000000000
113829  18.305  -34.579  -8.082 0.0000000000
113830  18.151  -34.518  -8.555 0.0000000000
113831  17.694  -34.937  -9.094 0.0000000000
113832  17.299  -35.630  -9.492 0.0000000000
113833  17.045  -36.443  -9.741 0.0000000000
113834  17.313  -35.736  -9.838 0.0000000000
113835  17.419  -35.855  -10.164 0.0000000000
113836  17.567  -36.002  -10.477 0.0000000000
113842  19.085  -32.421  -11.178 0.0000000000
113843  19.206  -32.448  -10.698 0.0000000000
113844  18.719  -33.009  -11.295 0.0000000000
113845  18.462  -33.599  -11.375 0.0000000000
113846  18.262  -34.217  -11.397 0.0000000000
113847  18.122  -34.876  -11.350 0.0000000000
113848  18.309  -35.029  -11.659 0.0000000000
113849  18.717  -35.971  -11.644 0.0000000000
113850  19.265  -36.932  -11.402 0.0000000000
113851  19.830  -37.831  -11.051 0.0000000000
113852  19.729  -37.051  -11.406 0.0000000000
113853  20.222  -37.127  -11.406 0.0000000000
113854  20.712  -37.146  -11.399 0.0000000000
113855  21.240  -35.075  -12.936 0.0000000000
113856  21.472  -35.714  -12.376 0.0000000000
113857  22.050  -35.715  -12.419 0.0000000000
113858  22.840  -36.314  -11.877 0.0000000000
113859  23.588  -36.959  -11.331 0.0000000000
113860  24.277  -37.592  -10.845 0.0000000000
113861  24.182  -36.915  -11.397 0.0000000000
113862  24.772  -36.876  -11.481 0.0000000000
113863  25.452  -36.817  -11.611 0.0000000000
113964  21.060  -28.473  -17.206 0.0000000000
113965  21.208  -27.712  -16.557 0.0000000000
113966  20.997  -28.390  -16.566 0.0000000000
113967  21.043  -28.313  -15.901 0.0000000000
113968  21.195  -28.285  -15.228 0.0000000000
113969  21.509  -28.332  -14.580 0.0000000000
113970  20.906  -28.848  -15.216 0.0000000000
113971  20.649  -29.432  -15.214 0.0000000000
113972  20.445  -30.098  -15.224 0.0000000000
113973  20.267  -30.714  -15.137 0.0000000000
113974  20.506  -30.885  -15.709 0.0000000000
113975  20.945  -31.714  -16.003 0.0000000000
113976  21.683  -32.496  -16.082 0.0000000000
113977  25.487  -32.840  -15.843 0.0000000000
113978  24.823  -33.075  -15.699 0.0000000000
113979  25.881  -33.354  -15.196 0.0000000000
113980  26.236  -33.949  -14.563 0.0000000000
113981  26.514  -34.599  -13.922 0.0000000000
113982  26.753  -35.265  -13.271 0.0000000000
113983  27.471  -35.087  -13.473 0.0000000000
113984  28.441  -35.587  -13.065 0.0000000000
113985  29.329  -36.138  -12.625 0.0000000000
113986  30.044  -36.676  -12.167 0.0000000000
113987  29.948  -35.954  -12.834 0.0000000000
113988  30.559  -35.744  -13.043 0.0000000000
113989  31.134  -35.504  -13.241 0.0000000000
113990  31.276  -32.729  -15.652 0.0000000000
113991  31.609  -33.469  -15.002 0.0000000000
113992  32.109  -33.135  -15.231 0.0000000000
113993  32.863  -33.566  -14.798 0.0000000000
113994  33.660  -33.954  -14.376 0.0000000000
113995  34.386  -34.373  -13.988 0.0000000000
113996  34.117  -33.624  -14.626 0.0000000000
113997  34.561  -33.307  -14.877 0.0000000000
113998  34.964  -32.964  -15.193 0.0000000000
113999  27.821  -28.276  -20.768 0.0000000000
114000  28.159  -28.527  -20.031 0.0000000000
114001  28.629  -28.207  -20.242 0.0000000000
114002  29.481  -28.296  -19.798 0.0000000000
114003  30.347  -28.470  -19.383 0.0000000000
114004  33.104  -27.968  -19.362 0.0000000000
114005  32.782  -28.311  -19.103 0.0000000000
114006  33.582  -28.594  -18.772 0.0000000000
114007  34.060  -29.260  -18.189 0.0000000000
114008  34.486  -29.993  -17.588 0.0000000000
114009  34.917  -30.717  -17.039 0.0000000000
114010  35.236  -30.381  -17.374 0.0000000000
114011  35.870  -30.877  -17.245 0.0000000000
114012  36.384  -31.453  -17.172 0.0000000000
114013  36.800  -32.129  -17.220 0.0000000000
114014  36.550  -31.185  -17.638 0.0000000000
114026  22.012  -19.676  -26.915 0.0000000000
114027  22.307  -20.288  -26.789 0.0000000000
114028  22.603  -20.055  -27.346 0.0000000000
114029  23.432  -20.437  -27.755 0.0000000000
114030  24.264  -20.773  -28.021 0.0000000000
114031  28.014  -20.429  -29.380 0.0000000000
114032  27.432  -20.795  -29.012 0.0000000000
114033  28.356  -21.108  -28.992 0.0000000000
114034  28.820  -21.741  -28.618 0.0000000000
114035  29.160  -22.399  -28.148 0.0000000000
114036  29.420  -22.942  -27.687 0.0000000000
114037  29.904  -22.556  -28.001 0.0000000000
114038  30.612  -22.584  -27.752 0.0000000000
114039  31.233  -22.482  -27.320 0.0000000000
114040  32.732  -17.213  -32.220 0.0000000000
114041  32.174  -17.699  -31.823 0.0000000000
114042  32.953  -17.833  -31.834 0.0000000000
114043  33.143  -18.469  -31.416 0.0000000000
114044  33.426  -19.101  -30.967 0.0000000000
114045  35.328  -19.933  -28.536 0.0000000000
114046  34.796  -19.981  -28.921 0.0000000000
114047  34.759  -20.267  -28.130 0.0000000000
114048  34.293  -20.590  -27.749 0.0000000000
114049  33.821  -20.962  -27.405 0.0000000000
114050  33.320  -21.327  -27.040 0.0000000000
114051  33.842  -21.239  -26.587 0.0000000000
114052  33.972  -21.647  -25.858 0.0000000000
114053  34.142  -22.149  -25.111 0.0000000000
114054  34.320  -22.734  -24.472 0.0000000000
114055  34.746  -22.274  -24.810 0.0000000000
114056  35.276  -22.513  -24.525 0.0000000000
114057  35.886  -22.816  -24.377 0.0000000000
115970  33.331  -41.659  -7.698 0.0000000000
115971  33.488  -40.930  -8.256 0.0000000000
115972  32.285  -40.665  -8.442 0.0000000000
115973  32.944  -40.427  -8.637 0.0000000000
115974  33.654  -40.154  -8.882 0.0000000000
115975  33.727  -39.428  -9.526 0.0000000000
115976  33.720  -38.744  -10.119 0.0000000000
115977  33.741  -38.012  -10.780 0.0000000000
116601  14.461  -41.040  -6.696 0.0000000000
116602  15.323  -40.193  -6.999 0.0000000000
116603  14.959  -40.322  -7.035 0.0000000000
116604  14.722  -40.481  -7.185 0.0000000000
116605  15.098  -39.979  -7.687 0.0000000000
116606  15.359  -39.389  -8.107 0.0000000000
116607  15.652  -38.839  -8.474 0.0000000000
118239  21.947  -22.780  -21.013 0.0000000000
118240  21.801  -22.198  -21.867 0.0000000000
118241  21.746  -22.690  -21.671 0.0000000000
118242  21.722  -23.181  -21.527 0.0000000000
118243  21.777  -23.698  -22.083 0.0000000000
118244  22.065  -24.201  -22.572 0.0000000000
118245  22.616  -24.709  -22.980 0.0000000000
118246  23.263  -25.239  -23.226 0.0000000000
118247  22.957  -24.606  -23.476 0.0000000000
118248  23.316  -24.478  -23.985 0.0000000000
118249  23.712  -24.354  -24.477 0.0000000000
118250  22.632  -23.241  -24.428 0.0000000000
118251  23.314  -23.709  -24.721 0.0000000000
118252  24.121  -24.189  -24.933 0.0000000000
118253  24.557  -24.015  -25.391 0.0000000000
118254  25.090  -23.812  -25.828 0.0000000000
118255  25.600  -23.564  -26.246 0.0000000000
119123  16.576  -40.284  -3.843 0.0000000000
119124  16.769  -40.130  -4.145 0.0000000000
119125  16.409  -39.516  -4.101 0.0000000000
119126  16.224  -38.990  -4.024 0.0000000000
119127  16.176  -38.472  -3.867 0.0000000000
122776  21.439  -43.797  -9.720 0.0000000000
122777  21.899  -43.662  -9.395 0.0000000000
122778  22.348  -43.510  -9.046 0.0000000000
122779  22.552  -42.641  -9.103 0.0000000000
122780  22.739  -41.790  -9.268 0.0000000000
122781  22.969  -40.940  -9.455 0.0000000000
127588  19.025  -32.426  -11.686 0.0000000000
127589  18.793  -33.165  -12.181 0.0000000000
127590  18.875  -33.936  -12.492 0.0000000000
127591  19.282  -34.798  -12.515 0.0000000000
127592  19.182  -34.054  -12.759 0.0000000000
127593  19.533  -34.180  -12.988 0.0000000000
127594  19.928  -34.282  -13.180 0.0000000000
127595  19.432  -32.827  -13.351 0.0000000000
127596  19.775  -33.609  -13.490 0.0000000000
127597  20.436  -34.396  -13.338 0.0000000000
127598  20.941  -34.476  -13.483 0.0000000000
127599  21.464  -34.534  -13.608 0.0000000000
127600  22.012  -34.574  -13.722 0.0000000000
127675  21.620  -25.973  -18.125 0.0000000000
127676  21.849  -26.013  -17.449 0.0000000000
127677  21.435  -26.587  -18.080 0.0000000000
127678  21.310  -27.232  -17.990 0.0000000000
127679  21.259  -27.880  -17.919 0.0000000000
127680  21.904  -28.762  -19.031 0.0000000000
127681  21.516  -28.699  -18.475 0.0000000000
127682  21.235  -28.584  -17.837 0.0000000000
127683  21.276  -29.271  -17.749 0.0000000000
127684  21.395  -29.971  -17.613 0.0000000000
127685  21.552  -30.668  -17.401 0.0000000000
127686  21.739  -31.327  -17.161 0.0000000000
127687  22.289  -31.415  -17.549 0.0000000000
127688  23.169  -31.960  -17.398 0.0000000000
127689  24.126  -32.233  -17.002 0.0000000000
127690  24.375  -31.516  -17.798 0.0000000000
127691  24.711  -31.932  -17.174 0.0000000000
127692  25.120  -32.355  -16.495 0.0000000000
127693  26.143  -32.562  -16.005 0.0000000000
127694  27.264  -32.857  -15.564 0.0000000000
127695  28.321  -33.271  -15.180 0.0000000000
127696  29.232  -33.754  -14.787 0.0000000000
127697  28.849  -33.049  -15.395 0.0000000000
127698  29.381  -32.829  -15.592 0.0000000000
127699  29.921  -32.574  -15.809 0.0000000000
127700  28.530  -31.468  -16.769 0.0000000000
127701  29.522  -31.859  -16.408 0.0000000000
127702  30.419  -32.296  -16.038 0.0000000000
127703  30.880  -32.010  -16.265 0.0000000000
127704  31.326  -31.698  -16.487 0.0000000000
127705  31.759  -31.371  -16.712 0.0000000000
127706  29.513  -26.966  -21.687 0.0000000000
127707  29.905  -27.298  -20.980 0.0000000000
127708  30.313  -26.999  -21.218 0.0000000000
127709  31.072  -27.103  -20.787 0.0000000000
127710  31.933  -27.192  -20.395 0.0000000000
127711  31.823  -26.497  -21.335 0.0000000000
127712  32.239  -26.919  -20.659 0.0000000000
127713  32.669  -27.421  -20.001 0.0000000000
127714  33.419  -27.659  -19.634 0.0000000000
127715  34.225  -27.907  -19.313 0.0000000000
127716  34.927  -28.262  -19.093 0.0000000000
127717  35.595  -28.616  -18.951 0.0000000000
127718  35.199  -27.925  -19.433 0.0000000000
127719  35.474  -27.610  -19.778 0.0000000000
127720  35.702  -27.317  -20.177 0.0000000000
127721  34.628  -26.282  -20.889 0.0000000000
127722  35.309  -26.616  -20.683 0.0000000000
127723  35.936  -27.039  -20.623 0.0000000000
127724  36.168  -26.756  -21.051 0.0000000000
127728  23.963  -19.231  -28.923 0.0000000000
127730  25.448  -19.258  -29.630 0.0000000000
127731  26.538  -19.537  -29.735 0.0000000000
127733  27.154  -19.176  -30.103 0.0000000000
127734  27.654  -19.815  -29.786 0.0000000000
127735  28.567  -20.075  -29.725 0.0000000000
127736  29.548  -20.382  -29.732 0.0000000000
127737  30.461  -20.667  -29.673 0.0000000000
127741  35.819  -18.803  -30.347 0.0000000000
127742  35.841  -19.250  -29.610 0.0000000000
127745  35.836  -19.546  -28.882 0.0000000000
127746  35.825  -19.912  -28.165 0.0000000000
127747  35.817  -20.296  -27.455 0.0000000000
127748  35.876  -20.668  -26.716 0.0000000000
132453  17.311  -43.981  -8.910 0.0000000000
132454  16.535  -42.695  -8.818 0.0000000000
132455  17.169  -43.064  -9.087 0.0000000000
132456  17.831  -43.361  -9.392 0.0000000000
132457  18.193  -42.738  -9.820 0.0000000000
132458  18.642  -41.949  -10.160 0.0000000000
132459  18.902  -41.146  -10.380 0.0000000000
136891  21.919  -23.842  -20.064 0.0000000000
136892  22.198  -23.929  -19.411 0.0000000000
136894  22.330  -24.473  -18.569 0.0000000000
136895  22.068  -24.950  -18.421 0.0000000000
136896  21.833  -25.443  -18.281 0.0000000000
136897  21.531  -26.023  -18.870 0.0000000000
136898  21.622  -26.699  -19.445 0.0000000000
136899  21.985  -27.392  -19.921 0.0000000000
136900  22.180  -26.732  -20.664 0.0000000000
136901  22.386  -27.431  -20.508 0.0000000000
136902  22.634  -28.141  -20.335 0.0000000000
136903  23.430  -28.811  -20.589 0.0000000000
136904  24.318  -29.337  -20.654 0.0000000000
136905  25.176  -29.548  -20.395 0.0000000000
136906  25.962  -29.543  -19.919 0.0000000000
136907  25.648  -29.302  -20.648 0.0000000000
136908  26.140  -29.034  -20.901 0.0000000000
136909  26.620  -28.717  -21.098 0.0000000000
136910  25.610  -28.284  -22.122 0.0000000000
136911  26.367  -28.444  -21.796 0.0000000000
136912  27.072  -28.399  -21.336 0.0000000000
136913  27.512  -28.052  -21.542 0.0000000000
136914  27.912  -27.706  -21.747 0.0000000000
136915  28.316  -27.390  -21.949 0.0000000000
136916  24.032  -25.771  -23.435 0.0000000000
136917  24.936  -26.342  -23.620 0.0000000000
136918  25.781  -26.881  -23.709 0.0000000000
136919  25.882  -26.027  -24.428 0.0000000000
136920  26.251  -26.650  -24.038 0.0000000000
136921  26.597  -27.199  -23.559 0.0000000000
136922  27.336  -27.265  -23.181 0.0000000000
136923  28.046  -27.139  -22.663 0.0000000000
136924  28.743  -27.035  -22.161 0.0000000000
136925  29.175  -26.678  -22.397 0.0000000000
136926  29.546  -26.333  -22.655 0.0000000000
136927  29.924  -25.993  -22.880 0.0000000000
136928  29.015  -25.785  -24.156 0.0000000000
136929  29.624  -25.689  -23.640 0.0000000000
136930  30.270  -25.641  -23.161 0.0000000000
136931  30.669  -25.259  -23.437 0.0000000000
136932  31.057  -24.889  -23.714 0.0000000000
136933  31.452  -24.456  -24.013 0.0000000000
136942  33.186  -16.775  -32.577 0.0000000000
139231  18.316  -40.985  -5.177 0.0000000000
139232  18.934  -41.594  -5.562 0.0000000000
139238  18.003  -41.136  -6.799 0.0000000000
139239  17.755  -40.430  -6.808 0.0000000000
139240  17.695  -39.635  -6.196 0.0000000000
139241  17.649  -39.655  -6.505 0.0000000000
139242  17.520  -39.686  -6.782 0.0000000000
139243  17.324  -38.998  -6.773 0.0000000000
139244  17.170  -38.444  -6.766 0.0000000000
139245  17.092  -37.888  -6.676 0.0000000000
143534  21.551  -19.925  -23.846 0.0000000000
143535  21.365  -20.263  -24.276 0.0000000000
143536  21.423  -20.581  -24.694 0.0000000000
143537  21.322  -20.069  -24.885 0.0000000000
143538  21.338  -19.815  -25.425 0.0000000000
143539  21.359  -19.589  -25.939 0.0000000000
143540  21.077  -18.690  -25.641 0.0000000000
143541  21.229  -19.023  -26.075 0.0000000000
143542  21.547  -19.335  -26.475 0.0000000000
143543  21.727  -19.042  -26.992 0.0000000000
143544  22.071  -18.790  -27.569 0.0000000000
148755  27.109  -42.802  -7.255 0.0000000000
148756  26.027  -42.426  -7.733 0.0000000000
148757  26.745  -42.222  -7.715 0.0000000000
148758  27.484  -42.013  -7.724 0.0000000000
148759  27.845  -41.300  -8.201 0.0000000000
148760  28.159  -40.594  -8.744 0.0000000000
148761  28.375  -39.905  -9.331 0.0000000000
160987  16.053  -38.439  -2.987 0.0000000000
160988  16.187  -38.287  -3.287 0.0000000000
160989  16.331  -38.134  -3.596 0.0000000000
160998  16.454  -37.996  -3.925 0.0000000000
160999  16.582  -37.865  -4.300 0.0000000000
161000  16.707  -37.746  -4.671 0.0000000000
161001  16.822  -37.642  -5.025 0.0000000000
161003  16.954  -37.273  -4.801 0.0000000000
161004  16.909  -37.531  -5.401 0.0000000000
161005  17.002  -37.451  -5.783 0.0000000000
161006  17.083  -37.397  -6.158 0.0000000000
161007  17.112  -37.367  -6.507 0.0000000000
161086  17.348  -36.599  -5.770 0.0000000000
161087  17.181  -36.921  -6.364 0.0000000000
161088  17.061  -37.360  -6.864 0.0000000000
161089  16.962  -37.399  -7.203 0.0000000000
161090  16.819  -37.493  -7.548 0.0000000000
161091  16.571  -37.568  -7.796 0.0000000000
161092  17.174  -36.429  -7.399 0.0000000000
161093  16.810  -36.994  -7.835 0.0000000000
161094  16.353  -37.674  -8.032 0.0000000000
161095  16.159  -37.811  -8.260 0.0000000000
161096  15.981  -37.987  -8.487 0.0000000000
161097  15.930  -38.211  -8.727 0.0000000000
161099  18.063  -35.103  -7.396 0.0000000000
161100  17.540  -35.478  -7.965 0.0000000000
161101  17.864  -34.981  -8.239 0.0000000000
161102  17.432  -35.460  -8.393 0.0000000000
161103  17.099  -35.993  -8.431 0.0000000000
161104  16.645  -36.699  -8.767 0.0000000000
161105  16.276  -37.556  -8.891 0.0000000000
161106  15.998  -38.479  -8.973 0.0000000000
161107  16.220  -38.798  -9.218 0.0000000000
161108  16.562  -39.122  -9.465 0.0000000000
161109  16.961  -39.396  -9.697 0.0000000000
161110  17.010  -37.418  -9.857 0.0000000000
161111  17.163  -38.504  -9.900 0.0000000000
161112  17.408  -39.625  -9.918 0.0000000000
161113  17.910  -39.876  -10.163 0.0000000000
161114  18.438  -40.071  -10.333 0.0000000000
161115  18.966  -40.225  -10.445 0.0000000000
161132  18.705  -33.496  -9.571 0.0000000000
161133  18.261  -33.962  -9.751 0.0000000000
161134  17.890  -34.534  -10.270 0.0000000000
161135  17.716  -35.256  -10.602 0.0000000000
161136  17.765  -36.177  -10.777 0.0000000000
161137  18.063  -35.609  -11.233 0.0000000000
161138  18.085  -36.371  -11.013 0.0000000000
161139  18.105  -37.225  -10.736 0.0000000000
161140  18.511  -38.337  -10.655 0.0000000000
161141  19.000  -39.341  -10.553 0.0000000000
161142  19.481  -40.342  -10.510 0.0000000000
161143  19.988  -40.409  -10.464 0.0000000000
161144  20.486  -40.446  -10.385 0.0000000000
161145  20.969  -40.453  -10.285 0.0000000000
161146  20.399  -38.756  -10.723 0.0000000000
161147  20.944  -39.618  -10.444 0.0000000000
161148  21.480  -40.454  -10.155 0.0000000000
161149  21.979  -40.375  -10.011 0.0000000000
161150  22.490  -40.246  -9.855 0.0000000000
161151  23.050  -40.139  -9.711 0.0000000000
161152  19.876  -35.604  -12.241 0.0000000000
161153  20.580  -36.403  -11.826 0.0000000000
161154  21.237  -37.135  -11.338 0.0000000000
161155  21.681  -36.400  -11.809 0.0000000000
161156  21.786  -37.108  -11.289 0.0000000000
161157  21.870  -37.861  -10.861 0.0000000000
161158  22.516  -38.600  -10.411 0.0000000000
161159  23.079  -39.333  -10.009 0.0000000000
161160  23.688  -40.045  -9.590 0.0000000000
161161  24.332  -39.938  -9.512 0.0000000000
161162  25.002  -39.786  -9.498 0.0000000000
161163  25.638  -39.694  -9.498 0.0000000000
161164  24.986  -38.293  -10.388 0.0000000000
161165  25.622  -38.947  -9.955 0.0000000000
161166  26.319  -39.586  -9.540 0.0000000000
161167  27.015  -39.479  -9.616 0.0000000000
161168  27.767  -39.355  -9.760 0.0000000000
161169  28.471  -39.220  -9.893 0.0000000000
161371  21.699  -27.197  -15.967 0.0000000000
161386  20.242  -30.450  -13.295 0.0000000000
161387  19.883  -31.056  -13.926 0.0000000000
161388  19.941  -31.836  -14.392 0.0000000000
161389  20.221  -31.361  -15.044 0.0000000000
161390  20.249  -32.010  -14.862 0.0000000000
161391  20.310  -32.622  -14.646 0.0000000000
161392  21.003  -33.378  -14.625 0.0000000000
161393  21.813  -34.038  -14.337 0.0000000000
161394  22.708  -34.568  -13.840 0.0000000000
161395  21.985  -32.006  -16.834 0.0000000000
161396  22.277  -32.576  -16.389 0.0000000000
161397  22.553  -33.076  -15.874 0.0000000000
161398  24.128  -33.289  -15.570 0.0000000000
161399  23.457  -33.497  -15.438 0.0000000000
161400  22.874  -33.581  -15.264 0.0000000000
161401  23.124  -34.024  -14.607 0.0000000000
161402  23.415  -34.512  -13.964 0.0000000000
161403  23.638  -35.073  -13.315 0.0000000000
161404  24.531  -35.602  -12.791 0.0000000000
161405  25.410  -36.179  -12.270 0.0000000000
161406  26.250  -36.724  -11.773 0.0000000000
161407  26.924  -35.914  -12.632 0.0000000000
161408  27.031  -36.605  -11.950 0.0000000000
161409  27.094  -37.281  -11.324 0.0000000000
161410  27.840  -37.885  -10.877 0.0000000000
161411  28.611  -38.489  -10.471 0.0000000000
161412  29.280  -39.035  -10.058 0.0000000000
161413  29.959  -38.850  -10.216 0.0000000000
161414  30.658  -38.620  -10.393 0.0000000000
161415  31.335  -38.379  -10.575 0.0000000000
161416  30.725  -37.182  -11.701 0.0000000000
161417  31.338  -37.701  -11.204 0.0000000000
161418  31.974  -38.131  -10.760 0.0000000000
161419  32.569  -37.875  -10.944 0.0000000000
161420  33.129  -37.583  -11.181 0.0000000000
161421  33.687  -37.283  -11.440 0.0000000000
161422  30.091  -34.297  -14.341 0.0000000000
161423  30.880  -34.776  -13.914 0.0000000000
161424  31.653  -35.243  -13.448 0.0000000000
161425  31.940  -34.235  -14.336 0.0000000000
161426  32.179  -34.955  -13.665 0.0000000000
161427  32.332  -35.670  -12.993 0.0000000000
161428  33.009  -36.106  -12.533 0.0000000000
161429  33.638  -36.555  -12.105 0.0000000000
161430  34.233  -36.998  -11.704 0.0000000000
161431  34.773  -36.696  -12.043 0.0000000000
161432  35.274  -36.414  -12.412 0.0000000000
161433  35.730  -36.158  -12.805 0.0000000000
161434  35.021  -34.829  -13.661 0.0000000000
161435  35.621  -35.329  -13.431 0.0000000000
161436  36.135  -35.904  -13.260 0.0000000000
161437  36.460  -35.680  -13.731 0.0000000000
161438  36.725  -35.473  -14.226 0.0000000000
161440  26.747  -29.495  -19.371 0.0000000000
161441  27.672  -29.514  -18.873 0.0000000000
161442  28.562  -29.701  -18.434 0.0000000000
161443  28.577  -28.915  -19.323 0.0000000000
161444  29.069  -29.389  -18.669 0.0000000000
161445  29.531  -29.943  -18.054 0.0000000000
161446  30.439  -30.310  -17.698 0.0000000000
161447  31.320  -30.664  -17.335 0.0000000000
161448  32.164  -31.029  -16.941 0.0000000000
161449  30.299  -27.699  -20.274 0.0000000000
161450  30.783  -28.162  -19.624 0.0000000000
161451  31.232  -28.695  -19.001 0.0000000000
161452  32.425  -28.644  -18.872 0.0000000000
161453  32.054  -28.972  -18.658 0.0000000000
161454  31.668  -29.328  -18.402 0.0000000000
161455  32.173  -30.006  -17.793 0.0000000000
161456  32.608  -30.665  -17.194 0.0000000000
161457  33.000  -31.391  -16.561 0.0000000000
161458  33.805  -31.781  -16.171 0.0000000000
161459  34.599  -32.161  -15.819 0.0000000000
161460  35.326  -32.630  -15.531 0.0000000000
161461  35.311  -31.522  -16.473 0.0000000000
161462  35.671  -32.304  -15.902 0.0000000000
161463  35.936  -33.159  -15.365 0.0000000000
161464  36.454  -33.716  -15.305 0.0000000000
161465  36.799  -34.374  -15.304 0.0000000000
161476  36.144  -29.209  -18.922 0.0000000000
161494  21.679  -20.966  -25.121 0.0000000000
161495  22.025  -21.341  -25.498 0.0000000000
161496  22.625  -21.729  -25.867 0.0000000000
161497  22.638  -20.916  -26.629 0.0000000000
161498  23.021  -21.526  -26.461 0.0000000000
161499  23.323  -22.123  -26.176 0.0000000000
161500  24.194  -22.518  -26.438 0.0000000000
161501  25.118  -22.903  -26.595 0.0000000000
161502  26.124  -23.292  -26.650 0.0000000000
161503  24.382  -19.903  -28.761 0.0000000000
161504  24.836  -20.514  -28.511 0.0000000000
161505  25.261  -21.094  -28.162 0.0000000000
161506  26.800  -21.116  -28.629 0.0000000000
161507  26.307  -21.422  -28.227 0.0000000000
161508  25.803  -21.694  -27.818 0.0000000000
161509  26.215  -22.336  -27.440 0.0000000000
161510  26.629  -23.007  -27.062 0.0000000000
161511  27.034  -23.664  -26.654 0.0000000000
161512  27.979  -24.001  -26.616 0.0000000000
161513  28.720  -24.195  -26.448 0.0000000000
161514  29.441  -24.227  -26.126 0.0000000000
161515  29.659  -23.403  -27.075 0.0000000000
161516  29.867  -23.821  -26.418 0.0000000000
161517  30.019  -24.174  -25.702 0.0000000000
161518  30.623  -24.073  -25.224 0.0000000000
161519  31.224  -23.994  -24.756 0.0000000000
161520  31.864  -23.968  -24.317 0.0000000000
161523  30.144  -18.299  -31.086 0.0000000000
161524  31.618  -18.133  -31.462 0.0000000000
161525  31.053  -18.524  -31.111 0.0000000000
161526  30.446  -18.939  -30.713 0.0000000000
161527  30.697  -19.571  -30.384 0.0000000000
161528  31.042  -20.251  -30.046 0.0000000000
161529  31.265  -20.865  -29.562 0.0000000000
161530  34.540  -18.724  -31.039 0.0000000000
161531  34.063  -19.201  -30.735 0.0000000000
161532  33.556  -19.640  -30.370 0.0000000000
161533  34.297  -20.065  -29.329 0.0000000000
161534  33.713  -20.104  -29.736 0.0000000000
161535  33.015  -20.069  -30.046 0.0000000000
161536  32.522  -20.542  -29.712 0.0000000000
161537  32.076  -20.946  -29.352 0.0000000000
161538  31.493  -21.374  -29.029 0.0000000000
161539  31.612  -21.778  -28.369 0.0000000000
161540  31.742  -22.067  -27.650 0.0000000000
161541  31.792  -22.328  -26.881 0.0000000000
161542  32.852  -21.735  -26.712 0.0000000000
161543  32.375  -22.138  -26.354 0.0000000000
161544  31.939  -22.641  -26.063 0.0000000000
161545  32.066  -23.037  -25.325 0.0000000000
161546  32.259  -23.492  -24.614 0.0000000000
161547  32.499  -24.055  -23.909 0.0000000000
161548  33.117  -24.145  -23.516 0.0000000000
161549  33.765  -24.226  -23.169 0.0000000000
161550  34.454  -24.398  -22.846 0.0000000000
161551  34.515  -23.313  -23.800 0.0000000000
161552  34.822  -23.946  -23.194 0.0000000000
161553  35.157  -24.617  -22.593 0.0000000000
161554  35.783  -24.926  -22.499 0.0000000000
