#!ascii label  , from subject studyTemplate vox2ras=TkReg
2240
22  49.751  27.869  7.272 0.0000000000
52  40.225  35.823  10.008 0.0000000000
119  35.279  29.042  -0.339 0.0000000000
247  38.652  23.349  10.463 0.0000000000
258  51.644  34.188  -0.747 0.0000000000
260  40.719  30.771  3.215 0.0000000000
261  29.564  25.423  9.894 0.0000000000
382  51.246  34.181  7.801 0.0000000000
383  54.871  25.187  13.564 0.0000000000
727  44.041  25.855  8.838 0.0000000000
729  47.269  23.605  9.860 0.0000000000
738  52.103  31.210  2.833 0.0000000000
739  47.815  31.460  0.052 0.0000000000
740  45.386  29.929  5.241 0.0000000000
741  39.464  28.096  8.267 0.0000000000
877  45.785  35.985  9.025 0.0000000000
878  48.756  32.008  11.407 0.0000000000
890  40.726  38.159  5.624 0.0000000000
891  46.662  37.451  5.189 0.0000000000
1136  42.820  28.526  -5.265 0.0000000000
1616  47.571  37.463  -3.695 0.0000000000
1618  50.765  32.296  -4.994 0.0000000000
1619  44.402  31.358  -3.222 0.0000000000
1620  37.191  30.925  1.134 0.0000000000
1621  31.155  29.072  5.119 0.0000000000
1622  34.750  29.471  7.310 0.0000000000
1623  33.974  25.091  11.367 0.0000000000
1852  53.763  30.325  6.099 0.0000000000
1853  53.654  26.137  9.046 0.0000000000
1854  53.215  29.615  10.312 0.0000000000
1855  51.755  27.957  15.318 0.0000000000
1870  43.141  41.133  -1.964 0.0000000000
1871  47.024  37.027  0.659 0.0000000000
1872  51.444  34.847  3.565 0.0000000000
2163  50.881  21.899  11.326 0.0000000000
2647  46.874  26.990  8.072 0.0000000000
2648  45.646  24.588  9.376 0.0000000000
2649  48.403  25.697  8.887 0.0000000000
2658  51.101  29.925  4.934 0.0000000000
2659  48.829  30.636  3.866 0.0000000000
2660  47.715  29.196  6.385 0.0000000000
2661  44.772  28.171  7.467 0.0000000000
2797  43.064  35.946  9.415 0.0000000000
2798  45.103  34.929  11.137 0.0000000000
2810  40.412  37.000  7.674 0.0000000000
2811  43.423  37.151  7.353 0.0000000000
3056  39.080  28.522  -2.359 0.0000000000
3058  38.556  28.164  -3.743 0.0000000000
3060  34.540  28.991  -2.139 0.0000000000
3062  31.959  29.186  0.773 0.0000000000
3653  50.037  35.598  -2.362 0.0000000000
3654  50.012  34.969  -4.880 0.0000000000
3655  51.525  33.266  -3.112 0.0000000000
3656  44.209  31.162  1.364 0.0000000000
3657  45.815  31.447  -1.346 0.0000000000
3658  42.234  31.483  -0.130 0.0000000000
3659  40.881  31.290  -1.578 0.0000000000
3660  38.719  31.194  2.027 0.0000000000
3661  35.726  30.607  4.351 0.0000000000
3662  37.720  30.261  5.250 0.0000000000
3663  39.020  25.805  9.902 0.0000000000
3664  36.592  26.866  9.914 0.0000000000
3665  36.367  24.265  11.044 0.0000000000
4072  53.019  32.209  6.950 0.0000000000
4073  53.843  30.091  8.097 0.0000000000
4074  52.280  31.899  8.953 0.0000000000
4075  47.832  30.576  13.425 0.0000000000
4076  50.034  29.650  13.095 0.0000000000
4077  49.407  28.617  15.341 0.0000000000
4078  51.331  26.756  17.640 0.0000000000
4111  45.253  38.834  -0.792 0.0000000000
4112  44.761  38.428  0.939 0.0000000000
4113  48.841  35.950  6.502 0.0000000000
4114  49.171  36.520  4.337 0.0000000000
4115  51.516  34.533  5.680 0.0000000000
4116  53.022  32.576  5.027 0.0000000000
4770  54.690  25.817  10.968 0.0000000000
4771  52.509  24.179  10.531 0.0000000000
4772  53.874  23.465  12.231 0.0000000000
4868  30.008  27.653  7.665 0.0000000000
5917  41.325  24.667  9.720 0.0000000000
5918  40.322  22.059  9.900 0.0000000000
5919  42.974  23.310  9.762 0.0000000000
5920  44.572  22.166  9.701 0.0000000000
5936  52.334  32.704  1.079 0.0000000000
5937  51.191  31.957  -0.765 0.0000000000
5938  50.228  31.356  1.397 0.0000000000
5939  46.471  31.068  2.638 0.0000000000
5940  43.028  30.448  4.186 0.0000000000
5941  39.966  29.802  5.962 0.0000000000
5942  42.455  29.102  6.726 0.0000000000
5943  41.806  27.047  8.604 0.0000000000
6187  48.539  35.328  8.514 0.0000000000
6188  49.951  33.482  9.804 0.0000000000
6189  47.672  34.551  10.529 0.0000000000
6210  41.249  38.926  3.497 0.0000000000
6211  44.459  38.362  3.316 0.0000000000
6212  43.916  37.905  5.456 0.0000000000
6213  46.169  36.738  6.996 0.0000000000
7610  44.388  38.728  -4.763 0.0000000000
7612  46.780  36.389  -5.725 0.0000000000
7613  49.353  33.929  -6.729 0.0000000000
7614  50.048  31.194  -6.769 0.0000000000
7615  49.424  31.636  -2.327 0.0000000000
7616  48.002  31.369  -4.029 0.0000000000
7617  47.008  30.500  -6.046 0.0000000000
7618  43.505  30.274  -4.758 0.0000000000
7619  39.896  30.118  -2.250 0.0000000000
7620  36.154  29.890  0.667 0.0000000000
7621  32.939  29.566  2.432 0.0000000000
7622  34.070  30.256  3.538 0.0000000000
7623  32.713  29.538  6.413 0.0000000000
7624  31.827  28.020  9.077 0.0000000000
7625  37.085  28.947  7.857 0.0000000000
7626  34.174  27.692  9.738 0.0000000000
7627  31.550  25.551  11.082 0.0000000000
7628  31.773  22.546  12.269 0.0000000000
8182  52.494  28.832  6.243 0.0000000000
8183  51.799  26.778  8.041 0.0000000000
8184  54.037  28.074  7.432 0.0000000000
8185  54.539  27.824  9.401 0.0000000000
8186  54.133  27.509  11.999 0.0000000000
8187  50.877  30.788  10.816 0.0000000000
8188  52.225  28.796  12.806 0.0000000000
8189  53.677  26.726  14.806 0.0000000000
8190  53.443  25.722  17.451 0.0000000000
8230  42.618  41.159  -3.946 0.0000000000
8231  45.292  39.164  -2.803 0.0000000000
8232  47.592  37.287  -1.502 0.0000000000
8233  49.621  35.887  0.070 0.0000000000
8234  46.990  37.503  2.912 0.0000000000
8235  49.336  36.436  2.366 0.0000000000
8236  51.555  34.772  1.472 0.0000000000
8237  52.709  32.885  3.025 0.0000000000
8238  53.089  30.835  4.516 0.0000000000
9051  50.577  24.967  9.648 0.0000000000
9052  49.264  22.765  10.303 0.0000000000
9169  29.992  28.466  3.388 0.0000000000
10327  48.289  27.452  7.749 0.0000000000
10328  47.631  26.284  8.453 0.0000000000
10329  49.005  26.727  8.144 0.0000000000
10338  50.533  29.027  6.147 0.0000000000
10339  49.423  29.562  5.667 0.0000000000
10340  48.764  28.567  6.880 0.0000000000
10341  47.317  28.104  7.369 0.0000000000
10477  41.603  35.801  9.612 0.0000000000
10478  42.705  35.249  10.537 0.0000000000
10479  41.242  35.203  10.843 0.0000000000
10490  40.331  36.382  8.785 0.0000000000
10491  41.722  36.441  8.525 0.0000000000
10736  37.249  28.729  -1.252 0.0000000000
10737  38.832  28.207  -2.954 0.0000000000
10738  36.920  28.549  -2.033 0.0000000000
10739  36.626  28.620  -2.902 0.0000000000
10740  34.932  28.953  -1.196 0.0000000000
10741  33.192  29.142  -0.666 0.0000000000
10742  33.596  29.221  0.258 0.0000000000
11302  37.388  22.579  10.696 0.0000000000
11333  51.000  34.829  -1.521 0.0000000000
11334  51.166  34.532  -2.850 0.0000000000
11335  51.640  33.666  -1.930 0.0000000000
11336  42.470  31.012  2.200 0.0000000000
11337  43.161  31.338  0.591 0.0000000000
11338  41.413  31.222  1.525 0.0000000000
11339  40.538  31.394  0.830 0.0000000000
11340  39.673  30.973  2.640 0.0000000000
11341  38.187  30.761  3.722 0.0000000000
11342  39.246  30.533  4.194 0.0000000000
11343  38.860  24.584  10.330 0.0000000000
11344  37.703  25.123  10.527 0.0000000000
11345  37.524  23.819  10.762 0.0000000000
11346  36.245  22.930  11.120 0.0000000000
11752  52.225  33.185  7.361 0.0000000000
11753  52.724  32.089  7.987 0.0000000000
11754  51.785  33.076  8.373 0.0000000000
11756  48.546  29.570  14.308 0.0000000000
11757  48.081  28.963  15.282 0.0000000000
11758  49.082  28.037  16.299 0.0000000000
11791  43.802  39.277  0.334 0.0000000000
11792  43.402  39.044  1.189 0.0000000000
11793  50.123  35.191  7.173 0.0000000000
11794  50.239  35.386  6.092 0.0000000000
11795  51.406  34.427  6.775 0.0000000000
11796  52.408  33.421  6.339 0.0000000000
12450  54.844  25.574  12.214 0.0000000000
12451  54.438  24.615  11.662 0.0000000000
12452  54.812  24.249  12.800 0.0000000000
12548  29.688  26.653  8.891 0.0000000000
12549  29.017  26.279  7.942 0.0000000000
12550  28.874  25.114  8.979 0.0000000000
13702  42.689  25.277  9.255 0.0000000000
13703  42.150  23.981  9.733 0.0000000000
13704  43.531  24.572  9.390 0.0000000000
13705  46.451  24.095  9.659 0.0000000000
13706  45.137  23.408  9.742 0.0000000000
13707  45.904  22.901  9.810 0.0000000000
13708  45.351  21.632  9.516 0.0000000000
13709  46.721  22.375  9.798 0.0000000000
13733  52.393  31.991  1.928 0.0000000000
13734  51.685  31.800  1.086 0.0000000000
13735  51.273  31.287  2.097 0.0000000000
13736  47.059  30.327  4.473 0.0000000000
13737  47.666  30.917  3.266 0.0000000000
13738  45.885  30.560  3.880 0.0000000000
13739  44.794  30.729  3.337 0.0000000000
13740  44.182  30.207  4.679 0.0000000000
13741  42.709  29.867  5.483 0.0000000000
13742  43.914  29.547  5.943 0.0000000000
13743  44.361  27.039  8.228 0.0000000000
13744  43.279  27.616  8.025 0.0000000000
13745  42.949  26.466  8.731 0.0000000000
13746  41.557  25.872  9.271 0.0000000000
14152  47.061  35.619  8.816 0.0000000000
14153  48.078  35.023  9.542 0.0000000000
14154  46.734  35.357  9.821 0.0000000000
14156  45.985  34.257  11.802 0.0000000000
14186  39.277  38.380  5.898 0.0000000000
14188  39.470  38.859  4.792 0.0000000000
14189  39.747  39.355  3.710 0.0000000000
14190  41.005  38.514  4.578 0.0000000000
14191  42.560  38.315  4.511 0.0000000000
14192  42.290  38.017  5.542 0.0000000000
14193  44.617  36.645  8.147 0.0000000000
14194  44.876  37.075  7.182 0.0000000000
14195  45.947  36.348  7.964 0.0000000000
14196  47.265  35.974  7.753 0.0000000000
14926  44.612  28.663  -6.522 0.0000000000
16718  46.027  38.150  -4.304 0.0000000000
16719  45.580  37.585  -5.286 0.0000000000
16720  47.282  36.997  -4.831 0.0000000000
16721  50.773  33.575  -5.161 0.0000000000
16722  49.686  34.513  -5.901 0.0000000000
16723  50.484  33.080  -6.112 0.0000000000
16724  50.272  32.471  -7.043 0.0000000000
16725  50.419  31.798  -5.924 0.0000000000
16726  49.677  31.568  -0.385 0.0000000000
16727  50.368  31.784  -1.575 0.0000000000
16728  48.559  31.557  -1.082 0.0000000000
16729  45.012  31.443  -2.226 0.0000000000
16730  46.811  31.446  -2.668 0.0000000000
16731  46.171  31.379  -3.650 0.0000000000
16732  47.463  31.056  -5.044 0.0000000000
16733  45.689  31.037  -4.736 0.0000000000
16734  45.290  30.400  -5.578 0.0000000000
16735  43.929  30.933  -4.183 0.0000000000
16736  39.023  31.149  -0.291 0.0000000000
16737  40.344  30.809  -2.062 0.0000000000
16738  38.480  30.663  -0.627 0.0000000000
16739  38.003  29.994  -0.749 0.0000000000
16740  36.607  30.468  0.866 0.0000000000
16741  35.052  30.202  2.072 0.0000000000
16742  35.592  30.614  2.381 0.0000000000
16743  35.202  30.091  5.912 0.0000000000
16744  34.201  30.139  5.524 0.0000000000
16745  33.677  29.582  6.941 0.0000000000
16746  32.234  28.889  7.819 0.0000000000
16747  33.251  28.856  8.281 0.0000000000
16748  39.708  29.050  7.234 0.0000000000
16749  38.536  29.429  6.889 0.0000000000
16750  38.307  28.571  8.046 0.0000000000
16751  35.275  26.085  10.696 0.0000000000
16752  35.416  27.334  9.866 0.0000000000
16753  34.047  26.475  10.680 0.0000000000
16754  32.812  26.731  10.518 0.0000000000
16755  32.770  25.354  11.338 0.0000000000
16756  31.654  24.108  11.778 0.0000000000
16757  32.806  23.896  11.885 0.0000000000
17977  53.417  29.465  5.980 0.0000000000
17978  53.359  28.329  6.748 0.0000000000
17979  53.949  29.213  6.746 0.0000000000
17980  53.632  29.891  9.188 0.0000000000
17981  54.204  28.945  8.704 0.0000000000
17982  54.054  28.795  9.854 0.0000000000
17983  54.418  27.736  10.646 0.0000000000
17984  53.713  28.590  11.132 0.0000000000
17985  49.284  32.815  10.604 0.0000000000
17986  50.367  32.124  10.260 0.0000000000
17987  49.755  31.361  11.063 0.0000000000
17988  50.923  28.806  14.216 0.0000000000
17989  51.119  29.254  12.980 0.0000000000
17990  51.997  28.371  14.088 0.0000000000
17991  52.939  27.838  13.833 0.0000000000
17992  52.792  27.408  15.159 0.0000000000
17993  53.529  26.273  16.118 0.0000000000
17994  52.665  26.902  16.449 0.0000000000
18086  42.140  42.333  -1.440 0.0000000000
18088  42.057  42.476  -2.507 0.0000000000
18089  41.847  42.642  -3.441 0.0000000000
18090  42.992  41.129  -2.994 0.0000000000
18091  43.876  39.998  -3.390 0.0000000000
18092  44.242  40.054  -2.399 0.0000000000
18093  46.102  37.841  -0.153 0.0000000000
18094  46.355  38.072  -1.119 0.0000000000
18095  47.320  37.126  -0.421 0.0000000000
18096  48.592  36.423  -0.753 0.0000000000
18097  48.274  36.449  0.454 0.0000000000
18098  45.705  37.994  4.357 0.0000000000
18099  45.857  37.998  3.131 0.0000000000
18100  46.876  37.620  4.104 0.0000000000
18101  50.428  35.792  3.887 0.0000000000
18102  49.287  36.614  3.384 0.0000000000
18103  50.445  35.787  2.907 0.0000000000
18104  50.510  35.714  1.895 0.0000000000
18105  51.503  34.891  2.498 0.0000000000
18106  52.209  33.858  2.313 0.0000000000
18107  52.258  33.859  3.313 0.0000000000
18108  53.447  31.565  5.652 0.0000000000
18109  53.307  31.666  4.739 0.0000000000
18110  53.466  30.608  5.357 0.0000000000
18111  52.913  29.861  5.288 0.0000000000
20070  52.814  26.433  8.465 0.0000000000
20071  51.137  25.856  8.940 0.0000000000
20072  52.164  25.531  9.356 0.0000000000
20073  51.703  23.146  11.097 0.0000000000
20074  50.886  23.525  10.459 0.0000000000
20075  50.114  22.352  10.783 0.0000000000
20363  31.899  29.462  3.792 0.0000000000
20364  31.405  29.224  3.024 0.0000000000
20365  30.524  28.776  4.304 0.0000000000
23197  45.424  26.426  8.440 0.0000000000
23198  44.836  25.158  9.097 0.0000000000
23199  46.212  25.750  8.748 0.0000000000
23200  47.004  25.205  9.139 0.0000000000
23201  47.820  24.713  9.534 0.0000000000
23216  51.649  30.553  3.840 0.0000000000
23217  50.577  30.807  3.281 0.0000000000
23218  50.004  30.285  4.437 0.0000000000
23219  48.266  30.017  5.110 0.0000000000
23220  46.533  29.636  5.839 0.0000000000
23221  45.073  29.158  6.467 0.0000000000
23222  46.242  28.686  6.959 0.0000000000
23223  45.835  27.605  7.798 0.0000000000
23467  44.450  36.078  9.233 0.0000000000
23468  45.412  35.526  10.127 0.0000000000
23469  44.059  35.409  10.361 0.0000000000
23470  43.704  34.831  11.323 0.0000000000
23489  39.046  37.757  6.889 0.0000000000
23490  40.530  37.646  6.665 0.0000000000
23491  42.072  37.627  6.546 0.0000000000
23492  41.962  37.093  7.502 0.0000000000
23493  43.183  36.643  8.339 0.0000000000
23932  40.958  28.461  -3.780 0.0000000000
23934  40.736  28.016  -4.203 0.0000000000
23938  38.301  28.132  -4.607 0.0000000000
25007  48.927  36.515  -3.051 0.0000000000
25008  48.883  36.206  -4.286 0.0000000000
25009  50.169  35.361  -3.635 0.0000000000
25010  51.073  34.099  -4.065 0.0000000000
25011  51.180  32.797  -4.086 0.0000000000
25012  45.971  31.308  0.657 0.0000000000
25013  46.707  31.422  -0.631 0.0000000000
25014  44.925  31.360  -0.078 0.0000000000
25015  44.031  31.477  -0.873 0.0000000000
25016  43.252  31.505  -1.660 0.0000000000
25017  42.587  31.346  -2.540 0.0000000000
25018  41.465  31.538  -0.875 0.0000000000
25019  39.709  31.401  0.201 0.0000000000
25020  37.887  31.162  1.518 0.0000000000
25021  36.392  30.946  2.725 0.0000000000
25022  37.195  30.907  3.210 0.0000000000
25023  36.718  30.486  4.801 0.0000000000
25024  36.225  29.897  6.281 0.0000000000
25025  39.220  26.986  9.179 0.0000000000
25026  38.002  27.520  9.047 0.0000000000
25027  37.845  26.341  9.912 0.0000000000
25028  36.491  25.590  10.665 0.0000000000
25029  35.172  24.690  11.267 0.0000000000
25030  33.990  23.659  11.770 0.0000000000
25031  35.151  23.266  11.493 0.0000000000
25762  53.591  31.271  6.487 0.0000000000
25763  53.915  30.254  7.071 0.0000000000
25764  53.458  31.173  7.527 0.0000000000
25765  53.199  31.013  8.557 0.0000000000
25766  52.772  30.719  9.606 0.0000000000
25767  48.317  31.275  12.357 0.0000000000
25768  49.354  30.666  12.089 0.0000000000
25769  48.971  30.148  13.239 0.0000000000
25770  49.759  29.214  14.278 0.0000000000
25771  50.661  28.297  15.374 0.0000000000
25772  51.600  27.317  16.526 0.0000000000
25773  50.386  27.677  16.407 0.0000000000
25774  50.113  27.140  17.463 0.0000000000
25830  43.162  40.890  -0.868 0.0000000000
25831  44.270  39.938  -1.345 0.0000000000
25832  44.093  39.654  -0.413 0.0000000000
25833  45.010  38.560  0.013 0.0000000000
25834  45.935  37.762  0.798 0.0000000000
25835  47.667  36.744  5.804 0.0000000000
25836  47.883  37.050  4.798 0.0000000000
25837  48.987  36.262  5.390 0.0000000000
25838  50.303  35.600  4.943 0.0000000000
25839  51.459  34.743  4.664 0.0000000000
25840  52.336  33.729  4.355 0.0000000000
25841  52.399  33.530  5.344 0.0000000000
25842  53.063  32.409  5.995 0.0000000000
27018  54.390  26.024  9.914 0.0000000000
27019  53.180  25.230  9.875 0.0000000000
27020  53.956  24.924  10.640 0.0000000000
27021  53.268  23.862  11.336 0.0000000000
27022  52.449  22.727  11.798 0.0000000000
27194  30.496  28.455  6.410 0.0000000000
27195  29.882  28.107  5.530 0.0000000000
27196  29.365  27.273  6.770 0.0000000000
29167  39.970  24.027  10.140 0.0000000000
29168  39.484  22.667  10.209 0.0000000000
29169  40.849  23.347  10.003 0.0000000000
29170  41.661  22.696  9.886 0.0000000000
29171  42.502  22.079  9.779 0.0000000000
29172  44.331  23.948  9.569 0.0000000000
29173  43.816  22.730  9.781 0.0000000000
29210  52.054  33.477  0.122 0.0000000000
29211  51.833  32.971  -0.936 0.0000000000
29212  51.867  32.336  0.130 0.0000000000
29213  50.770  31.654  0.279 0.0000000000
29214  49.030  31.414  0.740 0.0000000000
29215  49.526  31.090  2.634 0.0000000000
29216  48.380  31.246  1.999 0.0000000000
29217  47.145  31.307  1.333 0.0000000000
29218  45.340  31.123  2.007 0.0000000000
29219  43.609  30.870  2.803 0.0000000000
29220  41.838  30.599  3.733 0.0000000000
29221  40.301  30.322  4.638 0.0000000000
29222  41.511  30.135  5.052 0.0000000000
29223  41.195  29.509  6.345 0.0000000000
29224  40.945  28.642  7.485 0.0000000000
29225  43.632  28.674  7.110 0.0000000000
29226  42.159  28.164  7.771 0.0000000000
29227  40.688  27.575  8.463 0.0000000000
29228  40.397  26.447  9.229 0.0000000000
29229  40.199  25.276  9.802 0.0000000000
29797  49.990  34.869  8.176 0.0000000000
29798  50.706  33.955  8.861 0.0000000000
29799  49.452  34.584  9.244 0.0000000000
29800  48.843  34.102  10.199 0.0000000000
29801  48.250  33.447  10.968 0.0000000000
29802  46.407  34.867  10.834 0.0000000000
29803  47.177  33.960  11.372 0.0000000000
29804  47.740  32.677  11.800 0.0000000000
29805  47.239  31.776  12.696 0.0000000000
29806  46.694  30.900  13.656 0.0000000000
29849  40.059  39.875  2.677 0.0000000000
29850  41.562  39.271  2.436 0.0000000000
29851  43.061  38.860  2.239 0.0000000000
29852  42.844  38.594  3.433 0.0000000000
29853  44.171  38.158  4.439 0.0000000000
29854  45.425  37.765  5.375 0.0000000000
29855  43.716  37.583  6.435 0.0000000000
29856  45.193  37.487  6.304 0.0000000000
29857  46.417  37.130  6.084 0.0000000000
29858  47.436  36.357  6.772 0.0000000000
29859  48.660  35.695  7.477 0.0000000000
30774  54.834  24.692  14.928 0.0000000000
30775  54.956  23.758  14.090 0.0000000000
30911  29.547  24.023  10.762 0.0000000000
33275  45.028  36.903  -6.269 0.0000000000
33277  48.583  35.756  -5.367 0.0000000000
33278  48.075  35.172  -6.230 0.0000000000
33283  51.488  32.505  -1.964 0.0000000000
33284  50.914  32.142  -2.857 0.0000000000
33285  50.301  31.810  -3.690 0.0000000000
33286  47.624  31.507  -1.839 0.0000000000
33287  48.604  31.526  -3.158 0.0000000000
33288  49.702  31.546  -4.498 0.0000000000
33289  49.236  31.189  -5.425 0.0000000000
33290  48.751  30.658  -6.371 0.0000000000
33291  48.275  29.972  -7.312 0.0000000000
33292  46.652  29.721  -6.816 0.0000000000
33293  44.907  29.546  -6.100 0.0000000000
33294  43.134  29.377  -5.042 0.0000000000
33295  42.157  30.885  -3.243 0.0000000000
33296  41.712  30.166  -3.634 0.0000000000
33297  41.328  29.291  -3.745 0.0000000000
33298  39.504  29.233  -2.217 0.0000000000
33299  37.611  29.270  -0.793 0.0000000000
33300  35.713  29.328  0.330 0.0000000000
33301  34.110  29.404  1.039 0.0000000000
33302  34.539  29.748  1.660 0.0000000000
33303  33.479  29.883  3.060 0.0000000000
33304  32.589  29.747  4.434 0.0000000000
33305  34.818  30.513  3.966 0.0000000000
33306  33.354  30.011  4.975 0.0000000000
33307  31.892  29.355  5.801 0.0000000000
33308  31.291  28.733  7.151 0.0000000000
33309  30.843  27.928  8.453 0.0000000000
33310  30.555  26.875  9.613 0.0000000000
33311  38.809  30.028  5.590 0.0000000000
33312  37.351  29.670  6.608 0.0000000000
33313  35.891  29.220  7.627 0.0000000000
33314  36.852  28.002  8.934 0.0000000000
33315  35.636  28.391  8.835 0.0000000000
33316  34.405  28.683  8.633 0.0000000000
33317  32.979  27.915  9.472 0.0000000000
33318  31.643  26.857  10.174 0.0000000000
33319  30.478  25.551  10.621 0.0000000000
33320  30.534  24.151  11.404 0.0000000000
33321  30.667  22.614  12.012 0.0000000000
34852  51.215  28.305  6.753 0.0000000000
34853  50.754  27.246  7.689 0.0000000000
34854  52.199  27.724  7.154 0.0000000000
34855  53.146  27.279  7.568 0.0000000000
34856  53.910  27.039  8.214 0.0000000000
34857  54.184  29.112  7.657 0.0000000000
34858  54.388  27.940  8.289 0.0000000000
34859  54.463  26.888  9.069 0.0000000000
34860  54.723  26.798  10.163 0.0000000000
34861  54.688  26.660  11.463 0.0000000000
34862  54.529  26.380  12.835 0.0000000000
34863  51.132  32.747  9.363 0.0000000000
34864  51.599  31.470  9.948 0.0000000000
34865  52.129  30.235  10.568 0.0000000000
34866  50.389  30.148  11.904 0.0000000000
34867  51.467  29.708  11.708 0.0000000000
34868  52.724  29.243  11.541 0.0000000000
34869  53.295  28.254  12.493 0.0000000000
34870  53.828  27.163  13.446 0.0000000000
34871  54.381  25.972  14.246 0.0000000000
34872  54.266  25.496  15.587 0.0000000000
34873  54.184  24.921  16.910 0.0000000000
34875  52.460  26.336  17.696 0.0000000000
34991  43.413  39.787  -4.335 0.0000000000
34992  44.904  39.042  -3.810 0.0000000000
34993  46.397  38.318  -3.218 0.0000000000
34994  45.366  39.048  -1.767 0.0000000000
34995  46.528  38.288  -2.129 0.0000000000
34996  47.720  37.456  -2.558 0.0000000000
34997  48.866  36.507  -1.889 0.0000000000
34998  49.864  35.681  -1.104 0.0000000000
34999  50.838  35.163  -0.398 0.0000000000
35000  44.589  38.425  2.074 0.0000000000
35001  45.851  37.855  1.939 0.0000000000
35002  46.911  37.223  1.781 0.0000000000
35003  48.059  37.159  3.761 0.0000000000
35004  48.106  37.000  2.705 0.0000000000
35005  48.108  36.654  1.575 0.0000000000
35006  49.378  36.145  1.252 0.0000000000
35007  50.626  35.474  0.771 0.0000000000
35008  51.585  34.517  0.367 0.0000000000
35009  52.162  33.691  1.266 0.0000000000
35010  52.529  32.878  2.061 0.0000000000
35011  52.765  31.941  2.804 0.0000000000
35012  52.884  32.757  4.044 0.0000000000
35013  53.055  31.807  3.733 0.0000000000
35014  52.654  31.040  3.663 0.0000000000
35015  52.317  30.230  4.544 0.0000000000
35016  51.877  29.414  5.574 0.0000000000
37395  50.059  26.266  8.505 0.0000000000
37396  49.474  25.301  9.325 0.0000000000
37397  48.902  24.324  9.846 0.0000000000
37398  51.602  24.559  10.003 0.0000000000
37399  49.955  23.954  10.065 0.0000000000
37400  48.314  23.192  10.003 0.0000000000
37401  47.712  21.913  9.908 0.0000000000
37404  54.372  22.945  13.279 0.0000000000
37405  53.177  22.173  12.573 0.0000000000
37406  51.716  21.347  11.856 0.0000000000
37747  32.450  29.358  1.650 0.0000000000
37748  30.887  28.945  2.169 0.0000000000
37750  29.398  27.726  4.615 0.0000000000
41047  49.025  27.678  7.527 0.0000000000
41048  48.652  27.087  7.939 0.0000000000
41049  49.392  27.292  7.743 0.0000000000
41058  50.170  28.472  6.737 0.0000000000
41059  49.660  28.837  6.542 0.0000000000
41060  49.279  28.247  7.101 0.0000000000
41061  48.554  28.024  7.349 0.0000000000
41197  40.920  35.788  9.794 0.0000000000
41198  41.441  35.495  10.237 0.0000000000
41199  40.740  35.507  10.419 0.0000000000
41209  39.639  36.457  9.000 0.0000000000
41210  40.286  36.104  9.393 0.0000000000
41211  40.969  36.055  9.185 0.0000000000
41456  36.274  28.877  -0.769 0.0000000000
41457  37.073  28.569  -1.625 0.0000000000
41458  36.088  28.806  -1.180 0.0000000000
41459  35.926  28.781  -1.618 0.0000000000
41460  35.097  28.984  -0.746 0.0000000000
41461  34.256  29.086  -0.457 0.0000000000
41462  34.431  29.138  -0.027 0.0000000000
42022  38.022  22.984  10.570 0.0000000000
42023  37.805  22.284  10.510 0.0000000000
42024  38.432  22.667  10.426 0.0000000000
42053  51.361  34.516  -1.123 0.0000000000
42054  51.400  34.282  -1.765 0.0000000000
42055  51.669  33.896  -1.337 0.0000000000
42056  41.627  30.904  2.678 0.0000000000
42057  41.919  31.119  1.875 0.0000000000
42058  41.074  31.002  2.374 0.0000000000
42059  40.559  31.112  2.047 0.0000000000
42060  40.183  30.861  2.952 0.0000000000
42061  39.444  30.753  3.437 0.0000000000
42062  39.973  30.636  3.727 0.0000000000
42063  38.757  23.962  10.428 0.0000000000
42064  38.182  24.213  10.573 0.0000000000
42065  38.094  23.585  10.607 0.0000000000
42066  37.461  23.188  10.760 0.0000000000
42472  51.759  33.719  7.566 0.0000000000
42473  52.013  33.159  7.854 0.0000000000
42474  51.539  33.630  8.108 0.0000000000
42513  50.724  34.736  7.504 0.0000000000
42514  50.787  34.884  6.993 0.0000000000
42515  51.355  34.334  7.317 0.0000000000
42516  51.867  33.847  7.079 0.0000000000
43170  54.861  25.384  12.895 0.0000000000
43171  54.896  24.883  12.511 0.0000000000
43172  54.927  24.697  13.172 0.0000000000
43268  29.614  26.075  9.400 0.0000000000
43269  29.222  25.906  8.986 0.0000000000
43270  29.146  25.293  9.443 0.0000000000
44422  43.371  25.567  9.038 0.0000000000
44423  43.109  24.918  9.316 0.0000000000
44424  43.803  25.204  9.121 0.0000000000
44425  46.845  23.846  9.776 0.0000000000
44426  46.184  23.510  9.789 0.0000000000
44427  46.592  23.270  9.868 0.0000000000
44428  46.294  22.643  9.816 0.0000000000
44429  47.005  23.013  9.885 0.0000000000
44453  52.316  31.567  2.366 0.0000000000
44454  51.943  31.568  1.974 0.0000000000
44455  51.682  31.253  2.482 0.0000000000
44456  46.246  30.125  4.845 0.0000000000
44457  46.459  30.438  4.190 0.0000000000
44458  45.634  30.264  4.544 0.0000000000
44459  45.030  30.385  4.262 0.0000000000
44460  44.802  30.092  4.943 0.0000000000
44461  44.048  29.901  5.297 0.0000000000
44462  44.645  29.739  5.585 0.0000000000
44463  44.184  26.447  8.549 0.0000000000
44464  43.655  26.767  8.480 0.0000000000
44465  43.498  26.169  8.781 0.0000000000
44466  42.816  25.867  9.019 0.0000000000
44872  46.420  35.831  8.913 0.0000000000
44873  46.874  35.516  9.310 0.0000000000
44874  46.215  35.678  9.432 0.0000000000
44906  39.988  38.260  5.758 0.0000000000
44907  39.343  38.653  5.353 0.0000000000
44908  40.099  38.479  5.189 0.0000000000
44909  40.226  38.687  4.650 0.0000000000
44910  40.850  38.348  5.077 0.0000000000
44911  41.639  38.236  5.055 0.0000000000
44912  41.474  38.085  5.563 0.0000000000
44913  45.204  36.321  8.584 0.0000000000
44914  45.313  36.547  8.040 0.0000000000
44915  45.857  36.199  8.496 0.0000000000
44916  46.476  35.991  8.384 0.0000000000
45646  43.715  28.601  -5.926 0.0000000000
45648  43.548  28.240  -6.083 0.0000000000
47438  46.838  37.855  -4.018 0.0000000000
47439  46.667  37.616  -4.581 0.0000000000
47440  47.449  37.263  -4.299 0.0000000000
47441  50.910  32.871  -5.132 0.0000000000
47442  50.611  33.344  -5.638 0.0000000000
47443  50.718  32.645  -5.596 0.0000000000
47444  50.592  32.383  -6.078 0.0000000000
47445  50.604  32.043  -5.474 0.0000000000
47446  48.746  31.502  -0.170 0.0000000000
47447  49.123  31.584  -0.731 0.0000000000
47448  48.152  31.485  -0.497 0.0000000000
47449  44.705  31.440  -2.715 0.0000000000
47450  45.556  31.427  -2.933 0.0000000000
47451  45.294  31.373  -3.466 0.0000000000
47452  45.910  31.251  -4.203 0.0000000000
47453  45.033  31.214  -4.004 0.0000000000
47454  44.825  30.972  -4.504 0.0000000000
47455  44.145  31.172  -3.723 0.0000000000
47456  38.107  31.046  0.400 0.0000000000
47457  38.727  30.932  -0.469 0.0000000000
47458  37.816  30.825  0.251 0.0000000000
47459  37.544  30.597  0.137 0.0000000000
47460  36.847  30.732  1.021 0.0000000000
47461  36.080  30.568  1.617 0.0000000000
47462  36.373  30.783  1.760 0.0000000000
47463  34.956  29.792  6.625 0.0000000000
47464  34.427  29.850  6.452 0.0000000000
47465  34.189  29.539  7.154 0.0000000000
47466  33.449  29.239  7.620 0.0000000000
47467  33.995  29.196  7.790 0.0000000000
47468  39.597  28.589  7.773 0.0000000000
47469  39.006  28.814  7.651 0.0000000000
47470  38.890  28.322  8.190 0.0000000000
47471  34.601  25.631  11.070 0.0000000000
47472  34.669  26.310  10.704 0.0000000000
47473  34.006  25.803  11.049 0.0000000000
47474  33.390  25.943  11.028 0.0000000000
47475  33.360  25.257  11.377 0.0000000000
47476  32.779  24.638  11.635 0.0000000000
47477  33.387  24.523  11.630 0.0000000000
48697  53.661  29.861  5.998 0.0000000000
48698  53.692  29.301  6.338 0.0000000000
48699  53.862  29.796  6.410 0.0000000000
48700  53.450  29.767  9.744 0.0000000000
48701  53.844  29.310  9.510 0.0000000000
48702  53.684  29.237  10.115 0.0000000000
48703  53.908  28.729  10.509 0.0000000000
48704  53.472  29.102  10.728 0.0000000000
48705  49.017  32.431  10.985 0.0000000000
48706  49.538  32.075  10.816 0.0000000000
48707  49.260  31.690  11.212 0.0000000000
48708  51.367  28.379  14.761 0.0000000000
48709  51.484  28.594  14.153 0.0000000000
48710  51.889  28.167  14.710 0.0000000000
48711  52.403  27.929  14.655 0.0000000000
48712  52.297  27.708  15.247 0.0000000000
48713  52.729  27.193  15.783 0.0000000000
48714  52.219  27.444  15.887 0.0000000000
48806  42.643  41.706  -1.709 0.0000000000
48807  42.119  42.412  -1.971 0.0000000000
48808  42.617  41.757  -2.250 0.0000000000
48809  42.523  41.802  -2.767 0.0000000000
48810  43.105  41.160  -2.477 0.0000000000
48811  43.572  40.612  -2.704 0.0000000000
48812  43.697  40.588  -2.179 0.0000000000
48813  46.556  37.388  0.232 0.0000000000
48814  46.705  37.487  -0.280 0.0000000000
48815  47.172  37.034  0.104 0.0000000000
48816  47.798  36.730  -0.010 0.0000000000
48817  47.645  36.738  0.574 0.0000000000
48818  46.189  37.754  4.831 0.0000000000
48819  46.310  37.820  4.258 0.0000000000
48820  46.773  37.567  4.666 0.0000000000
48821  50.948  35.338  3.726 0.0000000000
48822  50.435  35.810  3.409 0.0000000000
48823  50.985  35.383  3.207 0.0000000000
48824  50.991  35.353  2.693 0.0000000000
48825  51.469  34.876  3.042 0.0000000000
48826  51.890  34.377  2.942 0.0000000000
48827  51.890  34.351  3.448 0.0000000000
48828  53.625  30.964  5.884 0.0000000000
48829  53.533  31.078  5.514 0.0000000000
48830  53.624  30.496  5.716 0.0000000000
48831  53.467  30.039  5.638 0.0000000000
50790  53.286  26.266  8.715 0.0000000000
50791  52.522  25.988  8.918 0.0000000000
50792  52.990  25.834  9.168 0.0000000000
50793  51.281  22.541  11.275 0.0000000000
50794  50.884  22.763  10.959 0.0000000000
50795  50.494  22.148  11.053 0.0000000000
50796  49.728  21.713  10.816 0.0000000000
50797  50.093  21.471  11.069 0.0000000000
51083  31.515  29.294  4.455 0.0000000000
51084  31.199  29.200  4.073 0.0000000000
51085  30.821  28.939  4.719 0.0000000000
54022  46.128  26.738  8.265 0.0000000000
54023  45.822  26.080  8.575 0.0000000000
54024  46.530  26.360  8.418 0.0000000000
54025  48.018  25.967  8.673 0.0000000000
54026  47.316  25.729  8.805 0.0000000000
54027  47.702  25.469  9.014 0.0000000000
54028  47.410  24.953  9.335 0.0000000000
54029  48.096  25.210  9.225 0.0000000000
54053  51.368  30.240  4.355 0.0000000000
54054  50.834  30.407  4.125 0.0000000000
54055  50.545  30.107  4.713 0.0000000000
54056  48.547  29.373  6.028 0.0000000000
54057  48.871  29.799  5.393 0.0000000000
54058  47.976  29.654  5.784 0.0000000000
54059  47.385  29.840  5.463 0.0000000000
54060  47.119  29.418  6.133 0.0000000000
54061  46.402  29.194  6.439 0.0000000000
54062  46.985  28.962  6.686 0.0000000000
54063  47.096  27.562  7.732 0.0000000000
54064  46.579  27.865  7.583 0.0000000000
54065  46.353  27.311  7.938 0.0000000000
54066  45.608  27.023  8.124 0.0000000000
54472  43.769  36.043  9.340 0.0000000000
54473  44.254  35.758  9.806 0.0000000000
54474  43.557  35.665  9.901 0.0000000000
54475  42.498  34.985  11.065 0.0000000000
54476  43.202  35.022  10.945 0.0000000000
54506  39.649  37.013  7.815 0.0000000000
54508  39.701  37.351  7.263 0.0000000000
54509  39.774  37.668  6.765 0.0000000000
54510  40.432  37.349  7.136 0.0000000000
54511  41.227  37.363  7.080 0.0000000000
54512  41.203  37.055  7.585 0.0000000000
54513  42.395  36.206  8.952 0.0000000000
54514  42.467  36.548  8.435 0.0000000000
54515  43.102  36.329  8.870 0.0000000000
54516  43.825  36.369  8.787 0.0000000000
55246  40.030  28.471  -3.042 0.0000000000
55247  40.813  28.189  -3.954 0.0000000000
55248  39.882  28.235  -3.253 0.0000000000
55249  38.700  28.175  -3.329 0.0000000000
55250  39.663  28.028  -3.850 0.0000000000
55255  38.421  28.156  -4.154 0.0000000000
55256  35.622  28.824  -2.519 0.0000000000
55257  36.502  28.631  -3.386 0.0000000000
55258  35.471  28.846  -2.998 0.0000000000
55260  34.368  28.985  -2.598 0.0000000000
55262  33.636  29.078  -1.866 0.0000000000
55263  32.556  29.184  0.051 0.0000000000
55264  32.329  29.126  -0.410 0.0000000000
57038  49.500  36.059  -2.729 0.0000000000
57039  49.595  35.961  -3.352 0.0000000000
57040  50.141  35.486  -3.007 0.0000000000
57041  51.441  33.894  -3.007 0.0000000000
57042  51.136  34.342  -3.481 0.0000000000
57043  51.380  33.682  -3.588 0.0000000000
57044  51.229  33.450  -4.130 0.0000000000
57045  51.354  33.035  -3.594 0.0000000000
57046  45.099  31.258  0.999 0.0000000000
57047  45.436  31.320  0.298 0.0000000000
57048  44.566  31.297  0.617 0.0000000000
57049  42.684  31.405  0.241 0.0000000000
57050  43.595  31.460  -0.180 0.0000000000
57051  43.139  31.488  -0.525 0.0000000000
57052  43.607  31.507  -1.238 0.0000000000
57053  42.730  31.520  -0.901 0.0000000000
57054  42.365  31.535  -1.294 0.0000000000
57055  41.828  31.535  -0.512 0.0000000000
57056  39.641  31.297  1.401 0.0000000000
57057  40.104  31.426  0.504 0.0000000000
57058  39.206  31.338  1.113 0.0000000000
57059  38.801  31.307  0.847 0.0000000000
57060  38.285  31.204  1.791 0.0000000000
57061  37.506  31.057  2.390 0.0000000000
57062  37.956  31.058  2.608 0.0000000000
57063  37.957  30.526  4.529 0.0000000000
57064  37.473  30.641  4.241 0.0000000000
57065  37.208  30.368  5.036 0.0000000000
57066  36.442  30.189  5.586 0.0000000000
57067  36.970  30.079  5.778 0.0000000000
57068  39.106  26.400  9.572 0.0000000000
57069  38.539  26.656  9.538 0.0000000000
57070  38.433  26.084  9.919 0.0000000000
57071  37.027  24.695  10.790 0.0000000000
57072  37.095  25.339  10.589 0.0000000000
57073  36.384  24.933  10.918 0.0000000000
57074  35.804  25.165  10.978 0.0000000000
57075  35.754  24.489  11.164 0.0000000000
57076  35.163  23.973  11.409 0.0000000000
57077  35.754  23.811  11.278 0.0000000000
58297  53.319  31.740  6.735 0.0000000000
58298  53.537  31.237  6.990 0.0000000000
58299  53.239  31.697  7.246 0.0000000000
58300  52.522  32.005  8.482 0.0000000000
58301  52.976  31.540  8.292 0.0000000000
58302  52.771  31.449  8.774 0.0000000000
58303  53.010  30.894  9.085 0.0000000000
58304  52.545  31.313  9.283 0.0000000000
58305  48.071  30.917  12.897 0.0000000000
58306  48.624  30.692  12.775 0.0000000000
58307  48.414  30.357  13.312 0.0000000000
58308  48.948  29.094  14.825 0.0000000000
58309  49.195  29.395  14.302 0.0000000000
58310  49.584  28.933  14.828 0.0000000000
58311  50.205  28.762  14.820 0.0000000000
58312  50.053  28.461  15.363 0.0000000000
58313  50.520  27.990  15.905 0.0000000000
58314  49.892  28.148  15.856 0.0000000000
58316  49.627  27.562  16.862 0.0000000000
58411  43.618  40.269  -0.623 0.0000000000
58412  43.482  40.049  -0.210 0.0000000000
58413  44.256  38.809  0.576 0.0000000000
58414  44.416  38.927  0.173 0.0000000000
58415  44.883  38.472  0.475 0.0000000000
58416  45.477  38.102  0.394 0.0000000000
58417  45.370  38.087  0.865 0.0000000000
58418  48.215  36.342  6.135 0.0000000000
58419  48.324  36.518  5.628 0.0000000000
58420  48.920  36.128  5.957 0.0000000000
58421  50.892  35.021  5.888 0.0000000000
58422  50.260  35.474  5.512 0.0000000000
58423  50.903  35.092  5.314 0.0000000000
58424  50.906  35.198  4.783 0.0000000000
58425  51.478  34.630  5.170 0.0000000000
58426  51.957  34.134  5.024 0.0000000000
58427  52.022  34.031  5.511 0.0000000000
58428  52.727  32.818  6.660 0.0000000000
58429  52.758  32.908  6.155 0.0000000000
58430  53.050  32.323  6.466 0.0000000000
58431  53.334  31.845  6.274 0.0000000000
60390  54.601  25.935  10.395 0.0000000000
60391  54.203  25.481  10.287 0.0000000000
60392  54.445  25.373  10.753 0.0000000000
60393  54.231  24.032  11.962 0.0000000000
60394  53.951  24.235  11.443 0.0000000000
60395  53.602  23.686  11.751 0.0000000000
60396  52.864  23.317  11.598 0.0000000000
60397  53.194  23.106  12.026 0.0000000000
60683  30.226  28.074  7.034 0.0000000000
60684  29.892  27.888  6.608 0.0000000000
60685  29.650  27.479  7.224 0.0000000000
60686  28.696  25.472  7.984 0.0000000000
60687  28.785  26.043  7.446 0.0000000000
64147  40.645  24.340  9.953 0.0000000000
64148  40.410  23.684  10.080 0.0000000000
64149  41.087  24.003  9.906 0.0000000000
64150  42.568  23.639  9.755 0.0000000000
64151  41.921  23.330  9.851 0.0000000000
64152  42.324  23.004  9.845 0.0000000000
64153  42.079  22.378  9.832 0.0000000000
64154  42.740  22.689  9.829 0.0000000000
64155  45.239  24.866  9.222 0.0000000000
64156  44.616  24.560  9.360 0.0000000000
64157  44.985  24.266  9.462 0.0000000000
64158  44.872  22.796  9.782 0.0000000000
64159  44.492  23.054  9.779 0.0000000000
64160  44.196  22.425  9.773 0.0000000000
64161  43.552  22.113  9.741 0.0000000000
64162  43.904  21.792  9.620 0.0000000000
64164  44.287  21.533  9.495 0.0000000000
64238  52.195  33.113  0.619 0.0000000000
64239  52.051  32.866  0.096 0.0000000000
64240  52.117  32.529  0.599 0.0000000000
64241  51.047  31.522  1.180 0.0000000000
64242  51.243  31.712  0.662 0.0000000000
64243  50.516  31.508  0.829 0.0000000000
64244  49.926  31.507  0.492 0.0000000000
64245  49.663  31.397  1.072 0.0000000000
64246  49.733  30.742  3.557 0.0000000000
64247  50.069  30.942  2.951 0.0000000000
64248  49.156  30.897  3.267 0.0000000000
64249  47.060  31.015  2.961 0.0000000000
64250  47.987  31.104  2.650 0.0000000000
64251  47.377  31.176  2.331 0.0000000000
64252  47.752  31.286  1.688 0.0000000000
64253  46.807  31.219  1.992 0.0000000000
64254  46.227  31.240  1.653 0.0000000000
64255  45.897  31.109  2.327 0.0000000000
64256  43.913  30.582  3.749 0.0000000000
64257  44.189  30.809  3.090 0.0000000000
64258  43.319  30.674  3.491 0.0000000000
64259  42.734  30.744  3.222 0.0000000000
64260  42.426  30.530  3.958 0.0000000000
64261  41.658  30.393  4.394 0.0000000000
64262  42.269  30.306  4.613 0.0000000000
64263  42.573  29.523  6.108 0.0000000000
64264  41.968  29.697  5.928 0.0000000000
64265  41.829  29.320  6.541 0.0000000000
64266  41.084  29.105  6.952 0.0000000000
64267  41.704  28.893  7.120 0.0000000000
64268  44.925  28.685  7.001 0.0000000000
64269  44.347  28.894  6.784 0.0000000000
64270  44.198  28.430  7.292 0.0000000000
64271  42.521  27.314  8.306 0.0000000000
64272  42.711  27.891  7.894 0.0000000000
64273  41.949  27.623  8.193 0.0000000000
64274  41.401  27.875  8.097 0.0000000000
64275  41.247  27.326  8.521 0.0000000000
64276  40.521  27.016  8.868 0.0000000000
64277  41.104  26.764  8.918 0.0000000000
64278  41.453  25.284  9.501 0.0000000000
64279  40.880  25.596  9.512 0.0000000000
64280  40.775  24.977  9.740 0.0000000000
64281  40.089  24.648  10.002 0.0000000000
65497  49.285  35.125  8.342 0.0000000000
65498  49.740  34.739  8.717 0.0000000000
65499  49.019  34.989  8.884 0.0000000000
65500  47.878  34.806  10.050 0.0000000000
65501  48.536  34.615  9.902 0.0000000000
65502  48.252  34.336  10.349 0.0000000000
65503  48.537  33.785  10.592 0.0000000000
65504  47.983  34.016  10.773 0.0000000000
65505  45.271  35.221  10.642 0.0000000000
65506  45.935  35.230  10.483 0.0000000000
65507  45.793  34.948  11.003 0.0000000000
65508  46.380  33.815  12.017 0.0000000000
65509  46.572  34.136  11.570 0.0000000000
65510  46.937  33.635  11.787 0.0000000000
65511  47.473  33.357  11.578 0.0000000000
65512  47.208  32.977  12.023 0.0000000000
65513  47.484  32.238  12.239 0.0000000000
65514  46.941  32.494  12.461 0.0000000000
65516  46.408  31.481  13.364 0.0000000000
65606  40.501  39.141  3.607 0.0000000000
65607  39.911  39.619  3.190 0.0000000000
65608  40.692  39.385  3.064 0.0000000000
65609  40.823  39.554  2.563 0.0000000000
65610  41.426  39.111  2.987 0.0000000000
65611  42.173  38.891  2.909 0.0000000000
65612  42.041  38.737  3.467 0.0000000000
65613  43.235  38.117  4.995 0.0000000000
65614  43.355  38.227  4.474 0.0000000000
65615  44.042  38.038  4.955 0.0000000000
65616  44.827  37.980  4.920 0.0000000000
65617  44.692  37.842  5.415 0.0000000000
65618  42.811  37.376  6.963 0.0000000000
65619  42.899  37.607  6.500 0.0000000000
65620  43.561  37.377  6.895 0.0000000000
65621  45.541  36.931  7.090 0.0000000000
65622  45.027  37.275  6.737 0.0000000000
65623  45.680  37.129  6.645 0.0000000000
65624  45.807  37.313  6.210 0.0000000000
65625  46.291  36.943  6.521 0.0000000000
65626  46.907  36.747  6.413 0.0000000000
65627  46.786  36.536  6.891 0.0000000000
65628  47.869  35.651  8.159 0.0000000000
65629  47.956  35.851  7.620 0.0000000000
65630  48.604  35.507  7.988 0.0000000000
65631  49.350  35.308  7.828 0.0000000000
67590  54.801  24.416  15.619 0.0000000000
67591  54.985  23.912  15.184 0.0000000000
67883  29.636  23.309  11.138 0.0000000000
72945  39.900  22.356  10.040 0.0000000000
73193  43.610  39.089  -4.994 0.0000000000
73195  44.161  38.499  -5.282 0.0000000000
73196  46.157  37.023  -5.501 0.0000000000
73197  45.309  37.252  -5.767 0.0000000000
73198  45.863  36.629  -5.960 0.0000000000
73200  46.497  36.001  -6.165 0.0000000000
73201  49.518  35.597  -4.577 0.0000000000
73202  48.754  35.994  -4.840 0.0000000000
73203  49.365  35.371  -5.146 0.0000000000
73204  49.518  34.226  -6.309 0.0000000000
73205  48.964  34.872  -6.063 0.0000000000
73206  48.742  34.582  -6.504 0.0000000000
73207  47.843  34.854  -6.660 0.0000000000
73208  48.514  34.249  -6.957 0.0000000000
73210  49.170  33.623  -7.179 0.0000000000
73211  50.285  31.789  -6.933 0.0000000000
73212  50.044  32.182  -7.448 0.0000000000
73213  50.092  31.446  -7.396 0.0000000000
73215  49.774  30.896  -7.230 0.0000000000
73216  51.629  32.409  -0.911 0.0000000000
73217  51.691  32.724  -1.453 0.0000000000
73218  51.367  32.220  -1.368 0.0000000000
73219  49.871  31.662  -1.958 0.0000000000
73220  50.664  31.942  -2.217 0.0000000000
73221  50.290  31.817  -2.611 0.0000000000
73222  50.619  31.988  -3.277 0.0000000000
73223  49.856  31.705  -2.985 0.0000000000
73224  46.222  31.444  -0.963 0.0000000000
73225  47.151  31.473  -1.218 0.0000000000
73226  46.742  31.486  -1.570 0.0000000000
73227  47.353  31.444  -3.343 0.0000000000
73228  47.705  31.493  -2.912 0.0000000000
73229  48.260  31.470  -3.566 0.0000000000
73230  49.172  31.526  -3.801 0.0000000000
73231  48.875  31.427  -4.248 0.0000000000
73232  49.467  31.390  -4.967 0.0000000000
73233  48.624  31.281  -4.725 0.0000000000
73234  47.222  30.811  -5.589 0.0000000000
73235  48.126  30.853  -5.712 0.0000000000
73236  47.909  30.558  -6.220 0.0000000000
73237  48.494  30.334  -6.862 0.0000000000
73238  47.677  30.221  -6.664 0.0000000000
73239  47.468  29.850  -7.076 0.0000000000
73240  46.815  30.142  -6.444 0.0000000000
73241  44.395  30.339  -5.214 0.0000000000
73242  45.076  29.998  -5.859 0.0000000000
73243  44.185  29.911  -5.430 0.0000000000
73244  44.031  29.435  -5.607 0.0000000000
73245  43.265  29.826  -4.913 0.0000000000
73246  41.727  31.323  -2.078 0.0000000000
73247  42.367  31.137  -2.919 0.0000000000
73248  41.466  31.111  -2.407 0.0000000000
73249  40.107  30.481  -2.178 0.0000000000
73250  41.019  30.524  -2.868 0.0000000000
73251  40.801  30.148  -2.961 0.0000000000
73252  41.507  29.742  -3.703 0.0000000000
73253  40.602  29.720  -2.991 0.0000000000
73254  40.430  29.242  -2.986 0.0000000000
73255  39.713  29.691  -2.246 0.0000000000
73256  37.079  29.956  -0.030 0.0000000000
73257  37.797  29.634  -0.738 0.0000000000
73258  36.844  29.616  -0.039 0.0000000000
73259  36.660  29.280  -0.201 0.0000000000
73260  35.935  29.581  0.536 0.0000000000
73261  35.136  29.579  0.979 0.0000000000
73262  35.363  29.815  1.185 0.0000000000
73263  34.547  30.268  2.802 0.0000000000
73264  34.265  30.067  2.596 0.0000000000
73265  33.769  30.073  3.320 0.0000000000
73266  32.981  29.855  3.756 0.0000000000
73267  33.320  30.009  4.022 0.0000000000
73268  36.034  30.802  3.529 0.0000000000
73269  35.591  30.737  3.343 0.0000000000
73270  35.257  30.598  4.149 0.0000000000
73271  33.455  29.850  5.981 0.0000000000
73272  33.746  30.097  5.258 0.0000000000
73273  33.008  29.807  5.708 0.0000000000
73274  32.606  29.718  5.427 0.0000000000
73275  32.285  29.475  6.113 0.0000000000
73276  31.560  29.073  6.459 0.0000000000
73277  31.989  29.174  6.806 0.0000000000
73278  32.016  28.489  8.463 0.0000000000
73279  31.519  28.438  8.155 0.0000000000
73280  31.319  27.979  8.778 0.0000000000
73281  30.653  27.423  9.059 0.0000000000
73282  31.172  27.469  9.374 0.0000000000
73283  40.122  30.087  5.299 0.0000000000
73284  39.548  30.178  5.112 0.0000000000
73285  39.361  29.930  5.780 0.0000000000
73286  37.810  29.204  7.354 0.0000000000
73287  37.934  29.567  6.722 0.0000000000
73288  37.197  29.347  7.249 0.0000000000
73289  36.616  29.460  7.128 0.0000000000
73290  36.486  29.080  7.760 0.0000000000
73291  37.314  27.198  9.469 0.0000000000
73292  37.441  27.770  8.984 0.0000000000
73293  36.726  27.456  9.425 0.0000000000
73294  34.801  27.546  9.819 0.0000000000
73295  35.515  27.887  9.374 0.0000000000
73296  34.899  28.102  9.301 0.0000000000
73297  35.026  28.556  8.733 0.0000000000
73298  34.289  28.217  9.199 0.0000000000
73299  33.682  28.336  9.066 0.0000000000
73300  33.577  27.832  9.625 0.0000000000
73301  32.169  26.163  10.829 0.0000000000
73302  32.216  26.811  10.382 0.0000000000
73303  31.589  26.219  10.665 0.0000000000
73304  31.023  26.242  10.435 0.0000000000
73305  31.008  25.572  10.881 0.0000000000
73306  30.484  24.846  11.040 0.0000000000
73307  31.026  24.869  11.279 0.0000000000
73308  31.683  23.323  12.060 0.0000000000
73309  31.134  23.374  11.926 0.0000000000
73310  31.206  22.586  12.165 0.0000000000
73314  33.449  23.050  12.016 0.0000000000
76972  51.880  28.566  6.475 0.0000000000
76973  51.704  27.991  6.945 0.0000000000
76974  52.356  28.279  6.707 0.0000000000
76975  53.733  28.185  7.081 0.0000000000
76976  53.303  27.795  7.150 0.0000000000
76977  53.661  27.646  7.469 0.0000000000
76978  53.554  27.138  7.867 0.0000000000
76979  53.978  27.523  7.813 0.0000000000
76980  53.907  30.189  7.587 0.0000000000
76981  54.052  29.677  7.363 0.0000000000
76982  54.082  29.632  7.875 0.0000000000
76983  54.381  28.397  9.035 0.0000000000
76984  54.357  28.466  8.472 0.0000000000
76985  54.477  27.890  8.824 0.0000000000
76986  54.441  27.394  8.679 0.0000000000
76987  54.584  27.329  9.219 0.0000000000
76988  54.617  26.843  9.590 0.0000000000
76989  54.652  27.290  9.779 0.0000000000
76990  54.296  27.638  11.318 0.0000000000
76991  54.591  27.181  11.078 0.0000000000
76992  54.457  27.090  11.737 0.0000000000
76993  54.605  26.550  12.139 0.0000000000
76994  54.331  26.955  12.422 0.0000000000
76995  50.323  33.757  9.345 0.0000000000
76996  50.923  33.367  9.095 0.0000000000
76997  50.538  33.135  9.578 0.0000000000
76998  50.612  31.421  10.484 0.0000000000
76999  50.961  31.824  10.102 0.0000000000
77000  51.225  31.131  10.376 0.0000000000
77001  51.859  30.813  10.222 0.0000000000
77002  51.512  30.475  10.665 0.0000000000
77003  49.671  30.133  12.573 0.0000000000
77004  49.846  30.406  11.987 0.0000000000
77005  50.198  29.907  12.505 0.0000000000
77006  51.662  29.009  12.915 0.0000000000
77007  51.269  29.452  12.333 0.0000000000
77008  51.834  29.249  12.247 0.0000000000
77009  52.093  29.495  11.626 0.0000000000
77010  52.426  29.019  12.144 0.0000000000
77011  53.005  28.755  12.020 0.0000000000
77012  52.781  28.561  12.681 0.0000000000
77013  53.323  27.310  14.350 0.0000000000
77014  53.390  27.515  13.674 0.0000000000
77015  53.716  26.966  14.156 0.0000000000
77016  54.101  26.581  13.867 0.0000000000
77017  54.039  26.364  14.561 0.0000000000
77018  54.328  25.735  14.902 0.0000000000
77019  53.992  26.108  15.219 0.0000000000
77020  53.495  25.980  16.807 0.0000000000
77021  53.870  25.617  16.562 0.0000000000
77022  53.813  25.320  17.205 0.0000000000
77025  51.489  27.029  17.080 0.0000000000
77026  52.051  26.825  17.130 0.0000000000
77027  51.905  26.548  17.708 0.0000000000
77306  42.237  41.894  -3.709 0.0000000000
77307  41.680  42.661  -3.844 0.0000000000
77308  42.050  41.903  -4.134 0.0000000000
77310  42.393  41.138  -4.393 0.0000000000
77311  42.736  40.418  -4.576 0.0000000000
77312  43.001  40.475  -4.142 0.0000000000
77313  44.610  39.572  -3.119 0.0000000000
77314  44.383  39.484  -3.589 0.0000000000
77315  45.148  39.138  -3.331 0.0000000000
77316  45.661  38.706  -3.529 0.0000000000
77317  45.834  38.763  -2.982 0.0000000000
77318  44.780  39.368  -1.081 0.0000000000
77319  44.837  39.453  -1.571 0.0000000000
77320  45.314  38.953  -1.269 0.0000000000
77321  46.958  37.709  -1.291 0.0000000000
77322  46.449  38.200  -1.621 0.0000000000
77323  47.057  37.786  -1.824 0.0000000000
77324  47.122  37.862  -2.340 0.0000000000
77325  47.678  37.374  -2.035 0.0000000000
77326  48.314  36.980  -2.222 0.0000000000
77327  48.231  36.893  -1.708 0.0000000000
77328  49.074  36.117  -0.299 0.0000000000
77329  49.223  36.092  -0.922 0.0000000000
77330  49.751  35.799  -0.523 0.0000000000
77331  50.403  35.409  -0.768 0.0000000000
77332  50.276  35.562  -0.163 0.0000000000
77333  43.765  38.573  2.766 0.0000000000
77334  43.847  38.670  2.160 0.0000000000
77335  44.561  38.422  2.663 0.0000000000
77336  46.434  37.770  3.031 0.0000000000
77337  45.876  37.931  2.539 0.0000000000
77338  46.421  37.650  2.474 0.0000000000
77339  46.384  37.541  1.889 0.0000000000
77340  46.964  37.369  2.352 0.0000000000
77341  48.530  36.815  4.583 0.0000000000
77342  47.985  37.154  4.282 0.0000000000
77343  48.616  36.894  4.075 0.0000000000
77344  49.327  36.567  2.907 0.0000000000
77345  48.702  36.847  3.080 0.0000000000
77346  48.713  36.723  2.549 0.0000000000
77347  48.107  36.822  2.135 0.0000000000
77348  48.726  36.563  1.996 0.0000000000
77349  48.753  36.410  1.418 0.0000000000
77350  49.348  36.294  1.833 0.0000000000
77351  51.083  35.259  1.641 0.0000000000
77352  50.566  35.622  1.319 0.0000000000
77353  51.111  35.160  1.103 0.0000000000
77354  51.161  35.044  0.542 0.0000000000
77355  51.566  34.662  0.934 0.0000000000
77356  51.908  34.083  0.802 0.0000000000
77357  51.916  34.232  1.357 0.0000000000
77358  52.471  33.385  2.682 0.0000000000
77359  52.419  33.364  2.195 0.0000000000
77360  52.612  32.910  2.536 0.0000000000
77361  52.661  32.432  2.429 0.0000000000
77362  52.794  32.394  2.909 0.0000000000
77363  52.704  33.154  4.723 0.0000000000
77364  52.657  33.223  4.198 0.0000000000
77365  52.973  32.690  4.547 0.0000000000
77366  53.306  31.231  4.590 0.0000000000
77367  53.210  31.765  4.243 0.0000000000
77368  53.111  31.320  4.137 0.0000000000
77369  52.935  31.377  3.650 0.0000000000
77370  52.898  30.944  4.102 0.0000000000
77371  52.501  30.632  4.108 0.0000000000
77372  52.758  30.491  4.481 0.0000000000
77373  52.747  29.385  5.735 0.0000000000
77374  52.447  29.611  5.391 0.0000000000
77375  52.199  29.115  5.912 0.0000000000
77376  51.561  28.878  6.175 0.0000000000
83250  51.232  26.983  7.861 0.0000000000
83251  50.386  26.744  8.105 0.0000000000
83252  50.912  26.498  8.285 0.0000000000
83253  50.823  25.374  9.314 0.0000000000
83254  50.309  25.606  9.136 0.0000000000
83255  50.022  25.131  9.486 0.0000000000
83256  49.193  24.817  9.628 0.0000000000
83257  49.727  24.647  9.778 0.0000000000
83258  52.868  24.721  10.221 0.0000000000
83259  52.437  24.896  9.937 0.0000000000
83260  52.082  24.343  10.261 0.0000000000
83261  50.068  23.160  10.377 0.0000000000
83262  50.429  23.745  10.225 0.0000000000
83263  49.613  23.388  10.157 0.0000000000
83264  49.129  23.579  10.060 0.0000000000
83265  48.782  22.987  10.094 0.0000000000
83266  47.980  22.571  9.982 0.0000000000
83267  48.468  22.357  10.117 0.0000000000
83274  54.762  23.345  13.689 0.0000000000
83277  53.523  21.859  12.960 0.0000000000
83278  52.889  21.464  12.546 0.0000000000
83279  52.515  21.759  12.240 0.0000000000
83280  52.183  21.050  12.127 0.0000000000
84128  33.491  29.517  1.744 0.0000000000
84129  33.271  29.394  1.358 0.0000000000
84130  32.668  29.456  2.069 0.0000000000
84131  30.686  28.882  3.236 0.0000000000
84132  31.149  29.088  2.604 0.0000000000
84133  30.438  28.749  2.805 0.0000000000
84136  29.332  27.471  5.705 0.0000000000
84137  29.605  27.913  5.099 0.0000000000
84138  29.153  27.273  5.227 0.0000000000
92317  47.600  27.229  7.886 0.0000000000
92318  47.240  26.621  8.257 0.0000000000
92319  47.951  26.867  8.098 0.0000000000
92320  48.311  26.515  8.304 0.0000000000
92321  48.702  26.199  8.524 0.0000000000
92336  50.819  29.506  5.528 0.0000000000
92337  50.267  29.740  5.308 0.0000000000
92338  49.981  29.307  5.917 0.0000000000
92339  49.103  29.110  6.290 0.0000000000
92340  48.235  28.878  6.637 0.0000000000
92341  47.526  28.662  6.909 0.0000000000
92342  48.045  28.321  7.139 0.0000000000
92343  47.831  27.782  7.525 0.0000000000
92587  42.354  35.863  9.497 0.0000000000
92588  42.890  35.575  9.988 0.0000000000
92589  42.173  35.514  10.082 0.0000000000
92590  41.971  35.209  10.682 0.0000000000
92609  39.626  36.721  8.389 0.0000000000
92610  40.379  36.680  8.225 0.0000000000
92611  41.115  36.698  8.107 0.0000000000
92612  41.023  36.384  8.641 0.0000000000
92613  41.670  36.119  9.060 0.0000000000
93052  38.171  28.610  -1.764 0.0000000000
93053  38.948  28.304  -2.622 0.0000000000
93054  38.023  28.434  -2.090 0.0000000000
93055  37.899  28.364  -2.477 0.0000000000
93056  37.750  28.335  -2.890 0.0000000000
93057  37.592  28.379  -3.306 0.0000000000
93058  36.775  28.575  -2.470 0.0000000000
93059  35.760  28.799  -2.069 0.0000000000
93060  34.748  28.958  -1.668 0.0000000000
93061  33.853  29.077  -1.400 0.0000000000
93062  34.062  29.080  -0.910 0.0000000000
93063  33.410  29.178  -0.197 0.0000000000
93064  32.782  29.240  0.515 0.0000000000
94127  50.595  35.147  -1.947 0.0000000000
94128  50.665  35.077  -2.613 0.0000000000
94129  51.086  34.679  -2.193 0.0000000000
94130  51.438  34.085  -2.388 0.0000000000
94131  51.614  33.456  -2.512 0.0000000000
94132  43.318  31.069  1.778 0.0000000000
94133  43.679  31.234  0.980 0.0000000000
94134  42.789  31.180  1.415 0.0000000000
94135  42.270  31.278  1.055 0.0000000000
94136  41.790  31.382  0.683 0.0000000000
94137  41.368  31.461  0.319 0.0000000000
94138  40.957  31.318  1.168 0.0000000000
94139  40.107  31.219  1.704 0.0000000000
94140  39.192  31.096  2.331 0.0000000000
94141  38.426  30.983  2.885 0.0000000000
94142  38.911  30.867  3.177 0.0000000000
94143  38.719  30.650  3.964 0.0000000000
94144  38.490  30.404  4.712 0.0000000000
94145  38.949  25.205  10.171 0.0000000000
94146  38.366  25.487  10.206 0.0000000000
94147  38.278  24.858  10.428 0.0000000000
94148  37.601  24.466  10.688 0.0000000000
94149  36.940  24.043  10.916 0.0000000000
94150  36.313  23.600  11.109 0.0000000000
94151  36.876  23.404  10.936 0.0000000000
94152  36.825  22.749  10.903 0.0000000000
94882  52.657  32.676  7.169 0.0000000000
94883  52.912  32.139  7.511 0.0000000000
94884  52.473  32.639  7.677 0.0000000000
94885  52.259  32.585  8.157 0.0000000000
94886  52.032  32.499  8.653 0.0000000000
94887  47.568  30.255  13.910 0.0000000000
94888  48.182  30.056  13.839 0.0000000000
94889  47.904  29.750  14.340 0.0000000000
94890  48.303  29.263  14.814 0.0000000000
94891  48.747  28.781  15.322 0.0000000000
94892  49.231  28.325  15.818 0.0000000000
94893  48.555  28.502  15.778 0.0000000000
94953  43.615  39.164  0.755 0.0000000000
94954  44.113  38.764  1.065 0.0000000000
94955  49.477  35.581  6.827 0.0000000000
94956  49.550  35.723  6.302 0.0000000000
94957  50.200  35.291  6.648 0.0000000000
94958  50.854  34.936  6.442 0.0000000000
94959  51.501  34.500  6.241 0.0000000000
94960  52.028  33.977  6.025 0.0000000000
94961  51.946  33.946  6.550 0.0000000000
94962  52.318  33.320  6.863 0.0000000000
96138  54.777  25.701  11.586 0.0000000000
96139  54.592  25.224  11.321 0.0000000000
96140  54.738  25.064  11.916 0.0000000000
96141  54.633  24.429  12.220 0.0000000000
96142  54.435  23.819  12.496 0.0000000000
96314  29.831  27.186  8.294 0.0000000000
96315  29.456  26.988  7.837 0.0000000000
96316  29.324  26.462  8.446 0.0000000000
96317  28.919  25.737  8.491 0.0000000000
96318  28.647  24.891  8.485 0.0000000000
98392  42.004  24.983  9.488 0.0000000000
98393  41.729  24.319  9.744 0.0000000000
98394  42.389  24.631  9.533 0.0000000000
98395  42.825  24.278  9.571 0.0000000000
98396  43.244  23.944  9.608 0.0000000000
98397  46.044  24.329  9.525 0.0000000000
98398  45.384  23.997  9.599 0.0000000000
98399  45.784  23.753  9.716 0.0000000000
98400  45.531  23.158  9.810 0.0000000000
98401  45.235  22.534  9.744 0.0000000000
98402  44.949  21.902  9.593 0.0000000000
98403  45.607  22.267  9.715 0.0000000000
98404  46.024  21.988  9.647 0.0000000000
98405  46.460  21.688  9.575 0.0000000000
98447  52.408  32.335  1.508 0.0000000000
98448  52.126  32.181  1.058 0.0000000000
98449  52.099  31.897  1.515 0.0000000000
98450  51.530  31.550  1.582 0.0000000000
98451  50.782  31.322  1.736 0.0000000000
98452  47.926  30.503  4.153 0.0000000000
98453  48.242  30.791  3.570 0.0000000000
98454  47.342  30.638  3.862 0.0000000000
98455  46.770  30.775  3.575 0.0000000000
98456  46.223  30.849  3.266 0.0000000000
98457  45.629  30.902  2.972 0.0000000000
98458  45.343  30.653  3.609 0.0000000000
98459  44.472  30.491  4.014 0.0000000000
98460  43.619  30.321  4.420 0.0000000000
98461  42.866  30.174  4.841 0.0000000000
98462  43.435  30.043  5.063 0.0000000000
98463  43.303  29.708  5.700 0.0000000000
98464  43.182  29.325  6.326 0.0000000000
98465  44.556  27.618  7.880 0.0000000000
98466  44.037  27.903  7.728 0.0000000000
98467  43.844  27.342  8.128 0.0000000000
98468  43.106  27.052  8.398 0.0000000000
98469  42.359  26.731  8.687 0.0000000000
98470  41.676  26.460  8.965 0.0000000000
98471  42.251  26.144  9.012 0.0000000000
98472  42.129  25.568  9.262 0.0000000000
99202  47.792  35.478  8.665 0.0000000000
99203  48.290  35.212  9.025 0.0000000000
99204  47.572  35.359  9.169 0.0000000000
99205  47.387  35.188  9.679 0.0000000000
99206  47.231  34.989  10.194 0.0000000000
99207  44.905  34.662  11.613 0.0000000000
99208  45.566  34.630  11.483 0.0000000000
99209  45.361  34.325  11.950 0.0000000000
99268  39.620  39.106  4.254 0.0000000000
99269  40.348  38.902  4.142 0.0000000000
99270  41.131  38.721  4.053 0.0000000000
99271  41.897  38.547  4.005 0.0000000000
99272  41.778  38.379  4.535 0.0000000000
99273  42.429  38.165  5.034 0.0000000000
99274  43.106  37.967  5.509 0.0000000000
99275  44.021  36.926  7.750 0.0000000000
99276  44.153  37.145  7.269 0.0000000000
99277  44.733  36.879  7.658 0.0000000000
99278  45.416  36.723  7.565 0.0000000000
99279  46.057  36.529  7.472 0.0000000000
99280  46.694  36.347  7.372 0.0000000000
99281  46.583  36.162  7.860 0.0000000000
99282  47.161  35.805  8.275 0.0000000000
103671  40.728  21.761  9.756 0.0000000000
103820  45.197  38.424  -4.548 0.0000000000
103821  44.986  38.132  -5.047 0.0000000000
103822  45.815  37.883  -4.807 0.0000000000
103823  46.434  37.316  -5.056 0.0000000000
103824  47.067  36.690  -5.289 0.0000000000
103825  50.470  34.269  -5.094 0.0000000000
103826  49.855  34.724  -5.414 0.0000000000
103827  50.306  34.021  -5.592 0.0000000000
103828  50.141  33.807  -6.030 0.0000000000
103829  50.045  33.523  -6.492 0.0000000000
103830  49.864  33.218  -6.919 0.0000000000
103831  50.348  32.788  -6.561 0.0000000000
103832  50.478  32.063  -6.532 0.0000000000
103833  50.268  31.510  -6.340 0.0000000000
103834  50.515  31.706  -0.598 0.0000000000
103835  50.795  31.861  -1.175 0.0000000000
103836  50.035  31.663  -0.971 0.0000000000
103837  49.521  31.648  -1.341 0.0000000000
103838  48.987  31.597  -1.688 0.0000000000
103839  45.408  31.441  -1.768 0.0000000000
103840  46.318  31.452  -1.998 0.0000000000
103841  45.909  31.430  -2.450 0.0000000000
103842  46.461  31.414  -3.129 0.0000000000
103843  47.078  31.353  -3.826 0.0000000000
103844  47.729  31.236  -4.525 0.0000000000
103845  46.799  31.239  -4.355 0.0000000000
103846  46.555  31.062  -4.920 0.0000000000
103847  46.339  30.788  -5.408 0.0000000000
103848  46.140  30.461  -5.833 0.0000000000
103849  45.496  30.762  -5.208 0.0000000000
103850  44.624  30.691  -4.913 0.0000000000
103851  43.740  30.648  -4.523 0.0000000000
103852  39.961  31.241  -0.969 0.0000000000
103853  40.574  31.072  -1.847 0.0000000000
103854  39.651  31.020  -1.166 0.0000000000
103855  39.415  30.739  -1.350 0.0000000000
103856  39.170  30.432  -1.457 0.0000000000
103857  38.954  30.035  -1.495 0.0000000000
103858  38.230  30.342  -0.703 0.0000000000
103859  37.316  30.305  0.008 0.0000000000
103860  36.382  30.187  0.738 0.0000000000
103861  35.593  30.075  1.354 0.0000000000
103862  35.827  30.331  1.462 0.0000000000
103863  35.302  30.420  2.227 0.0000000000
103864  34.847  30.440  2.973 0.0000000000
103865  35.455  30.371  5.155 0.0000000000
103866  34.975  30.390  4.935 0.0000000000
103867  34.699  30.137  5.708 0.0000000000
103868  33.932  29.879  6.256 0.0000000000
103869  33.196  29.575  6.694 0.0000000000
103870  32.469  29.236  7.128 0.0000000000
103871  32.941  29.271  7.395 0.0000000000
103872  32.717  28.892  8.082 0.0000000000
103873  32.541  28.464  8.710 0.0000000000
103874  39.815  29.452  6.632 0.0000000000
103875  39.242  29.616  6.432 0.0000000000
103876  39.119  29.242  7.061 0.0000000000
103877  38.432  29.038  7.490 0.0000000000
103878  37.700  28.789  7.941 0.0000000000
103879  35.946  26.485  10.322 0.0000000000
103880  36.025  27.098  9.880 0.0000000000
103881  35.357  26.723  10.304 0.0000000000
103882  34.727  26.946  10.291 0.0000000000
103883  34.070  27.103  10.253 0.0000000000
103884  33.473  27.237  10.146 0.0000000000
103885  33.414  26.600  10.620 0.0000000000
103886  32.758  26.048  10.985 0.0000000000
103887  32.153  25.470  11.235 0.0000000000
103888  31.603  24.852  11.448 0.0000000000
103889  32.202  24.766  11.579 0.0000000000
103890  32.218  24.004  11.861 0.0000000000
103891  32.270  23.242  12.102 0.0000000000
106087  53.043  29.127  6.073 0.0000000000
106088  52.950  28.579  6.498 0.0000000000
106089  53.392  28.890  6.358 0.0000000000
106090  53.717  28.727  6.698 0.0000000000
106091  54.007  28.641  7.086 0.0000000000
106092  53.756  30.002  8.617 0.0000000000
106093  54.031  29.518  8.388 0.0000000000
106094  53.949  29.413  8.947 0.0000000000
106095  54.146  28.861  9.270 0.0000000000
106096  54.339  28.325  9.611 0.0000000000
106097  54.515  27.787  9.997 0.0000000000
106098  54.242  28.268  10.241 0.0000000000
106099  54.106  28.214  10.876 0.0000000000
106100  53.932  28.068  11.551 0.0000000000
106101  49.602  33.179  10.228 0.0000000000
106102  50.158  32.821  10.034 0.0000000000
106103  49.825  32.452  10.438 0.0000000000
106104  50.055  31.739  10.659 0.0000000000
106105  50.309  31.055  10.937 0.0000000000
106106  50.463  29.234  13.661 0.0000000000
106107  50.577  29.465  13.044 0.0000000000
106108  51.004  29.041  13.608 0.0000000000
106109  51.554  28.821  13.533 0.0000000000
106110  52.088  28.578  13.466 0.0000000000
106111  52.598  28.331  13.339 0.0000000000
106112  52.470  28.117  13.980 0.0000000000
106113  52.864  27.624  14.504 0.0000000000
106114  53.255  27.091  15.008 0.0000000000
106115  53.586  26.517  15.456 0.0000000000
106116  53.162  26.869  15.645 0.0000000000
106117  53.145  26.610  16.326 0.0000000000
106118  53.067  26.342  16.980 0.0000000000
106119  51.151  26.502  18.149 0.0000000000
106120  51.718  26.284  18.225 0.0000000000
106284  41.653  43.049  -1.648 0.0000000000
106285  41.626  43.143  -2.175 0.0000000000
106286  41.604  43.274  -2.666 0.0000000000
106288  41.966  42.570  -3.023 0.0000000000
106289  42.392  41.858  -3.268 0.0000000000
106290  42.858  41.147  -3.494 0.0000000000
106291  43.239  40.499  -3.687 0.0000000000
106292  43.447  40.564  -3.225 0.0000000000
106293  44.080  40.067  -2.926 0.0000000000
106294  44.784  39.588  -2.635 0.0000000000
106295  45.660  38.320  -0.504 0.0000000000
106296  45.778  38.447  -0.957 0.0000000000
106297  46.241  37.950  -0.629 0.0000000000
106298  46.835  37.592  -0.783 0.0000000000
106299  47.455  37.209  -0.947 0.0000000000
106300  48.094  36.829  -1.152 0.0000000000
106301  47.964  36.753  -0.584 0.0000000000
106302  48.437  36.418  -0.131 0.0000000000
106303  48.930  36.181  0.292 0.0000000000
106304  45.111  38.189  3.846 0.0000000000
106305  45.237  38.227  3.222 0.0000000000
106306  45.812  38.036  3.769 0.0000000000
106307  46.395  37.829  3.649 0.0000000000
106308  46.956  37.598  3.500 0.0000000000
106309  49.800  36.166  4.107 0.0000000000
106310  49.235  36.611  3.858 0.0000000000
106311  49.858  36.272  3.640 0.0000000000
106312  49.873  36.224  3.144 0.0000000000
106313  49.911  36.177  2.661 0.0000000000
106314  49.940  36.137  2.161 0.0000000000
106315  50.460  35.777  2.413 0.0000000000
106316  51.015  35.332  2.183 0.0000000000
106317  51.535  34.856  1.995 0.0000000000
106318  51.925  34.323  1.876 0.0000000000
106319  51.918  34.400  2.405 0.0000000000
106320  52.248  33.884  2.852 0.0000000000
106321  52.567  33.396  3.159 0.0000000000
106322  53.250  32.091  5.351 0.0000000000
106323  53.219  32.146  4.881 0.0000000000
106324  53.396  31.586  5.208 0.0000000000
106325  53.412  31.141  5.062 0.0000000000
106326  53.349  30.716  4.936 0.0000000000
106327  53.017  30.348  4.888 0.0000000000
106328  53.295  30.143  5.278 0.0000000000
106329  53.191  29.651  5.651 0.0000000000
109854  52.314  26.592  8.254 0.0000000000
109855  51.467  26.308  8.517 0.0000000000
109856  52.009  26.152  8.704 0.0000000000
109857  51.662  25.678  9.129 0.0000000000
109858  51.362  25.222  9.509 0.0000000000
109859  52.137  23.652  10.809 0.0000000000
109860  51.725  23.831  10.477 0.0000000000
109861  51.306  23.316  10.740 0.0000000000
109862  50.493  22.960  10.634 0.0000000000
109863  49.707  22.554  10.511 0.0000000000
109864  48.918  22.129  10.367 0.0000000000
109865  49.336  21.927  10.584 0.0000000000
110381  32.420  29.549  3.129 0.0000000000
110382  32.156  29.443  2.745 0.0000000000
110383  31.649  29.371  3.425 0.0000000000
110384  30.914  29.046  3.672 0.0000000000
110385  30.258  28.614  3.858 0.0000000000
115567  44.722  26.128  8.642 0.0000000000
115568  44.444  25.484  8.956 0.0000000000
115569  45.129  25.780  8.774 0.0000000000
115570  45.513  25.464  8.924 0.0000000000
115571  45.901  25.167  9.092 0.0000000000
115572  46.913  26.017  8.593 0.0000000000
115573  46.592  25.456  8.938 0.0000000000
115574  46.308  24.898  9.256 0.0000000000
115575  46.729  24.665  9.448 0.0000000000
115576  47.127  24.413  9.596 0.0000000000
115577  47.518  24.158  9.743 0.0000000000
115610  51.896  30.876  3.334 0.0000000000
115611  51.378  30.958  3.033 0.0000000000
115612  51.110  30.664  3.587 0.0000000000
115613  50.283  30.556  3.857 0.0000000000
115614  49.437  30.455  4.141 0.0000000000
115615  49.722  29.973  5.050 0.0000000000
115616  49.177  30.159  4.759 0.0000000000
115617  48.540  30.340  4.468 0.0000000000
115618  47.656  30.187  4.777 0.0000000000
115619  46.804  30.000  5.126 0.0000000000
115620  45.985  29.791  5.514 0.0000000000
115621  45.228  29.583  5.862 0.0000000000
115622  45.824  29.413  6.134 0.0000000000
115623  45.659  28.961  6.726 0.0000000000
115624  45.510  28.433  7.219 0.0000000000
115625  46.788  28.408  7.182 0.0000000000
115626  46.051  28.147  7.410 0.0000000000
115627  45.300  27.887  7.634 0.0000000000
115628  45.092  27.318  8.004 0.0000000000
115629  44.882  26.730  8.330 0.0000000000
116197  45.113  36.069  9.122 0.0000000000
116198  45.573  35.786  9.542 0.0000000000
116199  44.927  35.795  9.689 0.0000000000
116200  44.751  35.490  10.242 0.0000000000
116201  44.584  35.174  10.761 0.0000000000
116202  43.388  35.320  10.435 0.0000000000
116203  43.901  35.088  10.854 0.0000000000
116204  44.413  34.876  11.244 0.0000000000
116248  39.167  38.079  6.410 0.0000000000
116249  39.876  37.978  6.270 0.0000000000
116250  40.611  37.916  6.145 0.0000000000
116251  41.371  37.885  6.086 0.0000000000
116252  41.288  37.646  6.609 0.0000000000
116253  42.019  37.384  6.999 0.0000000000
116254  42.673  37.140  7.416 0.0000000000
116255  41.860  36.776  8.018 0.0000000000
116256  42.578  36.834  7.931 0.0000000000
116257  43.297  36.920  7.829 0.0000000000
116258  43.910  36.686  8.244 0.0000000000
116259  44.506  36.379  8.689 0.0000000000
117280  41.875  28.482  -4.519 0.0000000000
117281  42.656  28.205  -5.383 0.0000000000
117282  41.719  28.169  -4.662 0.0000000000
117283  41.610  27.964  -4.872 0.0000000000
117285  39.791  28.098  -3.535 0.0000000000
117286  40.604  27.891  -4.444 0.0000000000
117295  37.458  28.395  -3.754 0.0000000000
117296  37.323  28.379  -4.236 0.0000000000
117305  32.974  29.127  -1.143 0.0000000000
119789  48.286  36.973  -3.358 0.0000000000
119790  48.210  36.830  -3.989 0.0000000000
119791  48.934  36.373  -3.674 0.0000000000
119792  49.576  35.787  -3.969 0.0000000000
119793  50.146  35.166  -4.263 0.0000000000
119794  50.700  34.931  -3.265 0.0000000000
119795  50.689  34.766  -3.901 0.0000000000
119796  50.601  34.535  -4.509 0.0000000000
119797  50.963  33.847  -4.640 0.0000000000
119798  51.065  33.175  -4.650 0.0000000000
119799  50.976  32.501  -4.538 0.0000000000
119800  46.901  31.386  0.338 0.0000000000
119801  47.248  31.435  -0.281 0.0000000000
119802  46.334  31.366  -0.023 0.0000000000
119803  45.794  31.377  -0.350 0.0000000000
119804  45.326  31.417  -0.719 0.0000000000
119805  44.065  31.356  0.228 0.0000000000
119806  44.469  31.423  -0.464 0.0000000000
119807  44.909  31.446  -1.119 0.0000000000
119808  44.505  31.461  -1.546 0.0000000000
119809  44.134  31.474  -1.957 0.0000000000
119810  43.808  31.450  -2.428 0.0000000000
119811  43.499  31.348  -2.909 0.0000000000
119812  42.911  31.474  -2.103 0.0000000000
119813  42.009  31.482  -1.689 0.0000000000
119814  41.178  31.464  -1.246 0.0000000000
119815  40.957  31.506  -0.050 0.0000000000
119816  40.586  31.486  -0.381 0.0000000000
119817  40.287  31.389  -0.704 0.0000000000
119818  39.359  31.332  -0.097 0.0000000000
119819  38.434  31.197  0.592 0.0000000000
119820  37.518  31.086  1.289 0.0000000000
119821  36.767  30.980  1.896 0.0000000000
119822  37.127  31.031  2.125 0.0000000000
119823  36.763  30.918  2.976 0.0000000000
119824  36.437  30.772  3.801 0.0000000000
119825  37.672  30.862  3.434 0.0000000000
119826  36.938  30.717  4.015 0.0000000000
119827  36.174  30.563  4.631 0.0000000000
119828  35.952  30.301  5.367 0.0000000000
119829  35.726  30.012  6.087 0.0000000000
119830  35.490  29.715  6.799 0.0000000000
119831  39.325  27.565  8.734 0.0000000000
119832  38.702  27.796  8.656 0.0000000000
119833  38.596  27.236  9.103 0.0000000000
119834  37.925  26.934  9.505 0.0000000000
119835  37.224  26.605  9.920 0.0000000000
119836  37.770  25.740  10.254 0.0000000000
119837  37.164  25.994  10.303 0.0000000000
119838  36.551  26.229  10.333 0.0000000000
119839  35.885  25.842  10.715 0.0000000000
119840  35.210  25.410  11.024 0.0000000000
119841  34.584  24.921  11.330 0.0000000000
119842  33.978  24.382  11.614 0.0000000000
119843  34.575  24.189  11.519 0.0000000000
119844  34.577  23.460  11.648 0.0000000000
119846  35.695  23.100  11.339 0.0000000000
121552  53.727  30.809  6.268 0.0000000000
121553  53.859  30.281  6.569 0.0000000000
121554  53.773  30.770  6.743 0.0000000000
121555  53.725  30.720  7.286 0.0000000000
121556  53.652  30.631  7.823 0.0000000000
121557  53.149  31.620  7.781 0.0000000000
121558  53.351  31.080  8.058 0.0000000000
121559  53.548  30.544  8.337 0.0000000000
121560  53.417  30.473  8.869 0.0000000000
121561  53.238  30.319  9.417 0.0000000000
121562  52.985  30.153  9.943 0.0000000000
121563  48.546  31.605  11.876 0.0000000000
121564  49.055  31.278  11.667 0.0000000000
121565  48.864  30.935  12.209 0.0000000000
121566  49.143  30.392  12.655 0.0000000000
121567  49.512  29.891  13.163 0.0000000000
121568  48.800  29.860  13.795 0.0000000000
121569  49.361  29.646  13.731 0.0000000000
121570  49.912  29.442  13.696 0.0000000000
121571  50.340  29.022  14.256 0.0000000000
121572  50.806  28.585  14.799 0.0000000000
121573  51.225  28.134  15.378 0.0000000000
121574  51.676  27.649  15.959 0.0000000000
121575  51.104  27.831  15.933 0.0000000000
121576  51.004  27.508  16.478 0.0000000000
121577  50.890  27.223  17.022 0.0000000000
121578  49.745  27.852  16.369 0.0000000000
121579  50.256  27.392  16.956 0.0000000000
121580  50.740  26.960  17.561 0.0000000000
121581  50.522  26.730  18.055 0.0000000000
121709  42.682  41.560  -1.160 0.0000000000
121710  43.176  41.033  -1.409 0.0000000000
121711  43.718  40.536  -1.628 0.0000000000
121712  43.697  40.421  -1.101 0.0000000000
121713  44.204  39.804  -0.871 0.0000000000
121714  44.697  39.224  -0.621 0.0000000000
121715  43.962  39.447  -0.043 0.0000000000
121716  44.573  39.064  -0.209 0.0000000000
121717  45.131  38.693  -0.367 0.0000000000
121718  45.554  38.205  -0.062 0.0000000000
121719  46.006  37.751  0.318 0.0000000000
121720  46.457  37.373  0.725 0.0000000000
121721  47.150  37.122  5.493 0.0000000000
121722  47.260  37.266  5.006 0.0000000000
121723  47.771  36.929  5.319 0.0000000000
121724  48.432  36.676  5.097 0.0000000000
121725  49.081  36.403  4.857 0.0000000000
121726  49.584  35.812  5.725 0.0000000000
121727  49.657  35.939  5.159 0.0000000000
121728  49.731  36.061  4.601 0.0000000000
121729  50.355  35.696  4.412 0.0000000000
121730  50.926  35.311  4.260 0.0000000000
121731  51.438  34.805  4.099 0.0000000000
121732  51.910  34.296  3.953 0.0000000000
121733  51.943  34.230  4.510 0.0000000000
121734  52.368  33.637  4.874 0.0000000000
121735  52.734  33.050  5.192 0.0000000000
121736  52.428  33.472  5.834 0.0000000000
121737  52.770  32.979  5.663 0.0000000000
121738  53.030  32.519  5.505 0.0000000000
121739  53.283  31.999  5.818 0.0000000000
121740  53.514  31.437  6.094 0.0000000000
124482  54.034  26.068  9.439 0.0000000000
124483  53.433  25.692  9.486 0.0000000000
124484  53.849  25.589  9.869 0.0000000000
124485  53.604  25.082  10.238 0.0000000000
124486  53.284  24.548  10.578 0.0000000000
124487  54.220  24.785  11.115 0.0000000000
124488  53.654  24.386  10.995 0.0000000000
124489  52.914  24.019  10.902 0.0000000000
124490  52.509  23.490  11.199 0.0000000000
124491  52.086  22.939  11.442 0.0000000000
124492  51.653  22.324  11.604 0.0000000000
124892  30.815  28.790  5.773 0.0000000000
124893  30.490  28.639  5.338 0.0000000000
124894  30.177  28.276  5.981 0.0000000000
124895  29.584  27.687  6.164 0.0000000000
124896  29.111  27.027  6.293 0.0000000000
124897  29.170  26.805  7.364 0.0000000000
124898  28.939  26.590  6.872 0.0000000000
129637  39.292  23.696  10.327 0.0000000000
129638  39.060  23.016  10.327 0.0000000000
129639  39.725  23.349  10.226 0.0000000000
129640  40.148  23.004  10.117 0.0000000000
129641  40.542  22.682  10.030 0.0000000000
129642  41.531  23.666  9.883 0.0000000000
129643  41.243  23.014  9.947 0.0000000000
129644  40.981  22.377  9.906 0.0000000000
129645  41.406  22.069  9.829 0.0000000000
129646  41.816  21.781  9.694 0.0000000000
129647  42.211  21.497  9.555 0.0000000000
129648  44.198  24.859  9.240 0.0000000000
129649  43.959  24.250  9.486 0.0000000000
129650  43.653  23.631  9.671 0.0000000000
129651  44.715  23.647  9.671 0.0000000000
129652  44.064  23.334  9.716 0.0000000000
129653  43.404  23.013  9.775 0.0000000000
129654  43.160  22.404  9.771 0.0000000000
129655  42.887  21.799  9.647 0.0000000000
129660  44.695  21.269  9.331 0.0000000000
129752  51.857  33.841  -0.358 0.0000000000
129753  51.834  33.577  -0.895 0.0000000000
129754  51.953  33.219  -0.416 0.0000000000
129755  51.851  32.627  -0.428 0.0000000000
129756  51.554  32.142  -0.347 0.0000000000
129757  51.787  32.054  0.611 0.0000000000
129758  51.429  31.915  0.185 0.0000000000
129759  50.999  31.781  -0.229 0.0000000000
129760  50.221  31.598  -0.053 0.0000000000
129761  49.319  31.492  0.161 0.0000000000
129762  48.399  31.420  0.381 0.0000000000
129763  50.900  31.048  2.692 0.0000000000
129764  50.436  31.128  2.338 0.0000000000
129765  49.896  31.212  1.985 0.0000000000
129766  48.588  31.007  2.956 0.0000000000
129767  48.958  31.168  2.318 0.0000000000
129768  49.330  31.292  1.675 0.0000000000
129769  48.726  31.337  1.361 0.0000000000
129770  48.080  31.352  0.998 0.0000000000
129771  47.477  31.376  0.677 0.0000000000
129772  46.542  31.305  0.994 0.0000000000
129773  45.648  31.227  1.329 0.0000000000
129774  44.755  31.139  1.713 0.0000000000
129775  45.041  30.972  2.694 0.0000000000
129776  44.471  31.008  2.401 0.0000000000
129777  43.889  31.022  2.101 0.0000000000
129778  43.041  30.929  2.514 0.0000000000
129779  42.155  30.821  2.965 0.0000000000
129780  41.242  30.695  3.470 0.0000000000
129781  40.480  30.563  3.942 0.0000000000
129782  41.053  30.470  4.171 0.0000000000
129783  40.888  30.235  4.840 0.0000000000
129784  40.731  29.982  5.502 0.0000000000
129785  42.149  30.025  5.291 0.0000000000
129786  41.351  29.840  5.709 0.0000000000
129787  40.577  29.659  6.150 0.0000000000
129788  40.448  29.281  6.770 0.0000000000
129789  40.321  28.859  7.349 0.0000000000
129790  40.188  28.398  7.864 0.0000000000
129791  44.491  29.334  6.209 0.0000000000
129792  43.783  29.132  6.560 0.0000000000
129793  43.053  28.900  6.926 0.0000000000
129794  43.465  28.175  7.595 0.0000000000
129795  42.906  28.440  7.453 0.0000000000
129796  42.323  28.649  7.281 0.0000000000
129797  41.558  28.406  7.638 0.0000000000
129798  40.810  28.130  7.983 0.0000000000
129799  40.085  27.860  8.354 0.0000000000
129800  39.947  27.291  8.816 0.0000000000
129801  39.794  26.716  9.229 0.0000000000
129802  39.698  26.130  9.572 0.0000000000
129803  40.982  26.193  9.253 0.0000000000
129804  40.284  25.863  9.550 0.0000000000
129805  39.609  25.541  9.852 0.0000000000
129806  39.521  24.941  10.074 0.0000000000
129807  39.420  24.324  10.246 0.0000000000
131347  50.655  34.595  8.004 0.0000000000
131348  50.982  34.071  8.336 0.0000000000
131349  50.390  34.442  8.542 0.0000000000
131350  50.067  34.288  9.053 0.0000000000
131351  49.734  34.097  9.561 0.0000000000
131352  48.803  34.839  9.415 0.0000000000
131353  49.131  34.359  9.751 0.0000000000
131354  49.383  33.795  10.025 0.0000000000
131355  49.063  33.501  10.401 0.0000000000
131356  48.765  33.188  10.772 0.0000000000
131357  48.505  32.782  11.167 0.0000000000
131358  46.069  35.485  9.953 0.0000000000
131359  46.594  35.157  10.338 0.0000000000
131360  47.038  34.734  10.689 0.0000000000
131361  46.189  34.560  11.325 0.0000000000
131362  46.807  34.447  11.162 0.0000000000
131363  47.405  34.250  10.963 0.0000000000
131364  47.728  33.710  11.170 0.0000000000
131365  48.015  33.082  11.344 0.0000000000
131366  48.253  32.333  11.600 0.0000000000
131367  48.002  31.940  12.032 0.0000000000
131368  47.767  31.552  12.529 0.0000000000
131369  47.509  31.145  13.053 0.0000000000
131370  46.687  31.992  12.922 0.0000000000
131371  46.964  31.336  13.215 0.0000000000
131372  47.260  30.747  13.549 0.0000000000
131373  46.989  30.357  13.983 0.0000000000
131488  40.251  40.035  2.220 0.0000000000
131489  41.007  39.712  2.079 0.0000000000
131490  41.746  39.437  1.924 0.0000000000
131491  42.455  39.178  1.800 0.0000000000
131492  42.307  39.064  2.331 0.0000000000
131493  42.954  38.742  2.831 0.0000000000
131494  43.662  38.464  3.389 0.0000000000
131495  42.697  38.438  3.980 0.0000000000
131496  43.501  38.355  3.942 0.0000000000
131497  44.342  38.296  3.915 0.0000000000
131498  44.990  38.119  4.417 0.0000000000
131499  45.562  37.898  4.899 0.0000000000
131500  46.065  37.627  5.318 0.0000000000
131501  42.151  37.849  6.051 0.0000000000
131502  42.995  37.810  6.011 0.0000000000
131503  43.816  37.760  5.954 0.0000000000
131504  44.313  37.356  6.812 0.0000000000
131505  44.458  37.541  6.362 0.0000000000
131506  44.602  37.716  5.905 0.0000000000
131507  45.285  37.608  5.837 0.0000000000
131508  45.928  37.468  5.764 0.0000000000
131509  46.546  37.305  5.665 0.0000000000
131510  47.031  36.957  5.953 0.0000000000
131511  47.552  36.547  6.290 0.0000000000
131512  48.140  36.164  6.657 0.0000000000
131513  47.352  36.183  7.251 0.0000000000
131514  48.044  36.021  7.126 0.0000000000
131515  48.757  35.813  7.003 0.0000000000
131516  49.409  35.464  7.335 0.0000000000
131517  50.081  35.073  7.686 0.0000000000
133998  54.851  24.955  14.223 0.0000000000
133999  54.969  24.465  13.835 0.0000000000
134000  54.995  24.214  14.504 0.0000000000
134369  29.539  24.732  10.354 0.0000000000
134370  29.153  24.604  9.917 0.0000000000
134371  29.193  23.893  10.346 0.0000000000
140676  38.842  22.340  10.237 0.0000000000
140983  44.741  37.852  -5.548 0.0000000000
140984  44.511  37.611  -6.074 0.0000000000
140989  48.089  36.634  -4.564 0.0000000000
140990  47.918  36.355  -5.072 0.0000000000
140991  47.706  36.112  -5.542 0.0000000000
140992  49.151  35.131  -5.633 0.0000000000
140993  48.344  35.480  -5.804 0.0000000000
140994  47.425  35.785  -5.975 0.0000000000
140995  47.160  35.411  -6.420 0.0000000000
141001  49.709  32.936  -7.365 0.0000000000
141007  51.771  33.302  -1.442 0.0000000000
141008  51.699  33.049  -2.003 0.0000000000
141009  51.542  32.840  -2.552 0.0000000000
141010  51.055  32.082  -1.799 0.0000000000
141011  51.207  32.309  -2.426 0.0000000000
141012  51.339  32.637  -3.024 0.0000000000
141013  51.138  32.407  -3.475 0.0000000000
141014  50.857  32.206  -3.919 0.0000000000
141015  50.626  32.027  -4.347 0.0000000000
141016  47.625  31.473  -0.861 0.0000000000
141017  48.058  31.535  -1.444 0.0000000000
141018  48.535  31.560  -2.072 0.0000000000
141019  47.206  31.487  -2.233 0.0000000000
141020  48.110  31.523  -2.490 0.0000000000
141021  48.993  31.576  -2.726 0.0000000000
141022  49.495  31.612  -3.401 0.0000000000
141023  49.986  31.695  -4.090 0.0000000000
141024  50.377  31.838  -4.773 0.0000000000
141025  50.147  31.633  -5.230 0.0000000000
141026  50.018  31.379  -5.677 0.0000000000
141027  49.751  31.140  -6.111 0.0000000000
141028  48.377  31.094  -5.206 0.0000000000
141029  49.010  30.940  -5.888 0.0000000000
141030  49.496  30.841  -6.565 0.0000000000
141031  49.266  30.498  -7.035 0.0000000000
141032  48.952  30.207  -7.529 0.0000000000
141035  47.311  29.412  -7.431 0.0000000000
141036  46.508  29.303  -7.160 0.0000000000
141037  45.957  30.067  -6.202 0.0000000000
141038  45.797  29.643  -6.505 0.0000000000
141039  45.639  29.192  -6.778 0.0000000000
141040  44.754  29.062  -6.309 0.0000000000
141041  43.883  28.992  -5.775 0.0000000000
141042  42.994  28.928  -5.171 0.0000000000
141043  43.245  31.161  -3.379 0.0000000000
141044  43.053  30.914  -3.745 0.0000000000
141045  42.858  30.609  -4.053 0.0000000000
141046  41.245  30.835  -2.689 0.0000000000
141047  41.940  30.549  -3.492 0.0000000000
141048  42.629  30.219  -4.258 0.0000000000
141049  42.414  29.778  -4.343 0.0000000000
141050  42.237  29.322  -4.430 0.0000000000
141051  42.067  28.882  -4.502 0.0000000000
141052  41.140  28.824  -3.737 0.0000000000
141053  40.233  28.815  -2.986 0.0000000000
141054  39.310  28.819  -2.257 0.0000000000
141055  38.747  29.654  -1.455 0.0000000000
141056  38.544  29.257  -1.454 0.0000000000
141057  38.347  28.880  -1.560 0.0000000000
141058  37.439  28.959  -0.979 0.0000000000
141059  36.467  29.041  -0.440 0.0000000000
141060  35.486  29.156  0.049 0.0000000000
141061  34.663  29.223  0.377 0.0000000000
141062  34.901  29.365  0.726 0.0000000000
141063  34.316  29.544  1.391 0.0000000000
141064  33.727  29.679  2.059 0.0000000000
141065  34.789  29.982  1.877 0.0000000000
141066  33.987  29.846  2.359 0.0000000000
141067  33.197  29.708  2.774 0.0000000000
141068  32.686  29.672  3.448 0.0000000000
141069  32.236  29.586  4.124 0.0000000000
141070  31.865  29.452  4.797 0.0000000000
141071  35.958  30.796  2.542 0.0000000000
141072  35.162  30.623  3.152 0.0000000000
141073  34.450  30.401  3.734 0.0000000000
141074  34.493  30.348  4.757 0.0000000000
141075  34.109  30.295  4.502 0.0000000000
141076  33.699  30.155  4.248 0.0000000000
141077  32.930  29.882  4.707 0.0000000000
141078  32.223  29.574  5.123 0.0000000000
141079  31.516  29.218  5.474 0.0000000000
141080  31.180  28.928  6.123 0.0000000000
141081  30.879  28.607  6.771 0.0000000000
141082  30.601  28.244  7.448 0.0000000000
141083  31.743  28.836  7.508 0.0000000000
141084  31.058  28.358  7.816 0.0000000000
141085  30.405  27.840  8.098 0.0000000000
141086  30.227  27.331  8.694 0.0000000000
141087  30.103  26.783  9.257 0.0000000000
141088  30.029  26.194  9.792 0.0000000000
141089  39.757  30.413  4.430 0.0000000000
141090  39.021  30.288  4.919 0.0000000000
141091  38.278  30.141  5.414 0.0000000000
141092  38.647  29.744  6.253 0.0000000000
141093  38.074  29.866  6.065 0.0000000000
141094  37.533  29.971  5.940 0.0000000000
141095  36.790  29.789  6.457 0.0000000000
141096  36.052  29.574  6.952 0.0000000000
141097  35.318  29.359  7.484 0.0000000000
141098  38.157  28.058  8.570 0.0000000000
141099  37.585  28.310  8.486 0.0000000000
141100  36.968  28.495  8.420 0.0000000000
141101  36.114  27.667  9.418 0.0000000000
141102  36.229  28.192  8.926 0.0000000000
141103  36.361  28.647  8.367 0.0000000000
141104  35.773  28.842  8.247 0.0000000000
141105  35.168  28.972  8.127 0.0000000000
141106  34.581  29.113  7.981 0.0000000000
141107  33.832  28.797  8.438 0.0000000000
141108  33.105  28.426  8.901 0.0000000000
141109  32.405  27.982  9.300 0.0000000000
141110  32.887  27.353  10.011 0.0000000000
141111  32.280  27.424  9.869 0.0000000000
141112  31.722  27.459  9.646 0.0000000000
141113  31.086  26.894  9.938 0.0000000000
141114  30.499  26.237  10.137 0.0000000000
141115  29.997  25.499  10.284 0.0000000000
141116  29.995  24.801  10.722 0.0000000000
141117  30.019  24.105  11.120 0.0000000000
141118  30.067  23.433  11.475 0.0000000000
141119  31.084  24.138  11.644 0.0000000000
141120  30.594  23.398  11.730 0.0000000000
141121  30.156  22.624  11.778 0.0000000000
141125  33.413  23.785  11.846 0.0000000000
141126  32.857  23.142  12.092 0.0000000000
141127  32.346  22.461  12.309 0.0000000000
145582  50.499  28.088  7.028 0.0000000000
145583  50.271  27.554  7.482 0.0000000000
145584  50.990  27.768  7.235 0.0000000000
145585  51.464  27.467  7.418 0.0000000000
145586  51.979  27.230  7.600 0.0000000000
145587  52.835  28.010  6.933 0.0000000000
145588  52.674  27.497  7.360 0.0000000000
145589  52.495  27.024  7.793 0.0000000000
145590  52.970  26.848  8.023 0.0000000000
145591  53.439  26.677  8.283 0.0000000000
145592  53.807  26.578  8.628 0.0000000000
145593  53.979  29.734  6.883 0.0000000000
145594  54.100  29.154  7.182 0.0000000000
145595  54.207  28.579  7.483 0.0000000000
145596  54.228  29.047  8.156 0.0000000000
145597  54.305  28.533  7.956 0.0000000000
145598  54.252  28.001  7.822 0.0000000000
145599  54.252  27.445  8.203 0.0000000000
145600  54.242  26.955  8.599 0.0000000000
145601  54.119  26.485  9.014 0.0000000000
145602  54.455  26.428  9.446 0.0000000000
145603  54.623  26.384  9.989 0.0000000000
145604  54.723  26.312  10.578 0.0000000000
145605  54.667  27.258  10.407 0.0000000000
145606  54.741  26.731  10.803 0.0000000000
145607  54.760  26.212  11.196 0.0000000000
145608  54.770  26.136  11.848 0.0000000000
145609  54.745  25.980  12.539 0.0000000000
145610  54.714  25.786  13.227 0.0000000000
145611  51.258  33.518  8.621 0.0000000000
145612  51.482  32.949  8.858 0.0000000000
145613  51.713  32.328  9.163 0.0000000000
145614  50.730  32.512  9.827 0.0000000000
145615  51.352  32.114  9.648 0.0000000000
145616  51.969  31.724  9.477 0.0000000000
145617  52.229  31.123  9.782 0.0000000000
145618  52.461  30.507  10.079 0.0000000000
145619  52.705  29.961  10.481 0.0000000000
145620  49.533  30.985  11.507 0.0000000000
145621  50.064  30.705  11.450 0.0000000000
145622  50.618  30.413  11.347 0.0000000000
145623  50.725  29.673  12.405 0.0000000000
145624  50.919  29.917  11.804 0.0000000000
145625  51.166  30.217  11.235 0.0000000000
145626  51.788  29.985  11.131 0.0000000000
145627  52.410  29.748  11.039 0.0000000000
145628  52.972  29.443  10.912 0.0000000000
145629  53.245  28.935  11.360 0.0000000000
145630  53.501  28.440  11.800 0.0000000000
145631  53.749  27.901  12.254 0.0000000000
145632  53.087  28.046  13.176 0.0000000000
145633  53.577  27.726  12.959 0.0000000000
145634  53.983  27.354  12.711 0.0000000000
145635  54.210  26.782  13.166 0.0000000000
145636  54.456  26.177  13.556 0.0000000000
145637  54.671  25.580  13.893 0.0000000000
145638  54.644  25.347  14.557 0.0000000000
145639  54.578  25.091  15.254 0.0000000000
145640  54.533  24.821  15.947 0.0000000000
145641  53.912  25.886  15.866 0.0000000000
145642  54.228  25.219  16.260 0.0000000000
145643  54.540  24.517  16.622 0.0000000000
145647  52.162  27.129  16.544 0.0000000000
145648  52.584  26.629  17.102 0.0000000000
145649  52.970  26.059  17.590 0.0000000000
145650  52.265  26.064  18.227 0.0000000000
145651  52.829  25.803  18.161 0.0000000000
145652  53.309  25.437  17.994 0.0000000000
145992  43.176  39.748  -4.790 0.0000000000
145993  43.891  39.242  -4.538 0.0000000000
145994  43.664  39.925  -3.866 0.0000000000
145995  44.145  39.367  -4.074 0.0000000000
145996  44.658  38.883  -4.294 0.0000000000
145997  45.442  38.600  -4.048 0.0000000000
145998  46.238  38.276  -3.772 0.0000000000
145999  46.976  37.877  -3.444 0.0000000000
146000  44.321  39.987  -1.859 0.0000000000
146001  44.840  39.533  -2.085 0.0000000000
146002  45.377  39.130  -2.293 0.0000000000
146003  45.860  38.574  -1.445 0.0000000000
146004  45.922  38.674  -1.953 0.0000000000
146005  45.921  38.741  -2.455 0.0000000000
146006  46.510  38.334  -2.652 0.0000000000
146007  47.095  37.879  -2.870 0.0000000000
146008  47.671  37.449  -3.110 0.0000000000
146009  48.325  37.004  -2.785 0.0000000000
146010  48.929  36.529  -2.457 0.0000000000
146011  49.453  36.069  -2.131 0.0000000000
146012  48.738  36.444  -1.353 0.0000000000
146013  49.372  36.073  -1.536 0.0000000000
146014  49.971  35.633  -1.729 0.0000000000
146015  50.471  35.273  -1.334 0.0000000000
146016  50.922  34.986  -0.963 0.0000000000
146017  51.296  34.707  -0.577 0.0000000000
146018  43.224  38.959  1.720 0.0000000000
146019  43.957  38.696  1.591 0.0000000000
146020  44.663  38.419  1.488 0.0000000000
146021  45.245  38.193  2.599 0.0000000000
146022  45.265  38.155  1.989 0.0000000000
146023  45.292  38.115  1.403 0.0000000000
146024  45.868  37.789  1.325 0.0000000000
146025  46.399  37.475  1.273 0.0000000000
146026  46.945  37.103  1.212 0.0000000000
146027  47.368  37.362  4.472 0.0000000000
146028  47.460  37.397  3.923 0.0000000000
146029  47.496  37.335  3.372 0.0000000000
146030  48.676  36.920  3.592 0.0000000000
146031  48.083  37.093  3.233 0.0000000000
146032  47.531  37.232  2.801 0.0000000000
146033  47.523  37.080  2.238 0.0000000000
146034  47.505  36.932  1.686 0.0000000000
146035  47.533  36.792  1.128 0.0000000000
146036  48.176  36.543  1.000 0.0000000000
146037  48.818  36.277  0.848 0.0000000000
146038  49.447  36.006  0.673 0.0000000000
146039  49.954  35.979  1.595 0.0000000000
146040  49.989  35.840  1.023 0.0000000000
146041  50.124  35.709  0.435 0.0000000000
146042  50.729  35.362  0.205 0.0000000000
146043  51.225  34.878  -0.025 0.0000000000
146044  51.596  34.373  -0.204 0.0000000000
146045  51.865  33.976  0.233 0.0000000000
146046  52.094  33.582  0.708 0.0000000000
146047  52.281  33.204  1.172 0.0000000000
146048  52.203  33.785  1.791 0.0000000000
146049  52.365  33.294  1.678 0.0000000000
146050  52.443  32.801  1.587 0.0000000000
146051  52.521  32.426  1.975 0.0000000000
146052  52.557  31.984  2.372 0.0000000000
146053  52.508  31.542  2.789 0.0000000000
146054  52.296  33.815  3.808 0.0000000000
146055  52.591  33.317  3.667 0.0000000000
146056  52.808  32.844  3.527 0.0000000000
146057  53.152  32.246  4.396 0.0000000000
146058  53.036  32.302  3.889 0.0000000000
146059  52.912  32.345  3.394 0.0000000000
146060  52.903  31.871  3.264 0.0000000000
146061  52.746  31.456  3.194 0.0000000000
146062  52.381  31.133  3.239 0.0000000000
146063  52.214  30.767  3.741 0.0000000000
146064  51.981  30.404  4.190 0.0000000000
146065  51.752  30.052  4.707 0.0000000000
146066  52.626  30.067  4.913 0.0000000000
146067  52.129  29.846  5.035 0.0000000000
146068  51.501  29.667  5.259 0.0000000000
146069  51.217  29.215  5.843 0.0000000000
146070  50.899  28.674  6.469 0.0000000000
153147  49.895  27.007  7.929 0.0000000000
153148  49.518  26.491  8.326 0.0000000000
153149  49.224  25.983  8.692 0.0000000000
153150  50.590  26.065  8.736 0.0000000000
153151  49.758  25.786  8.918 0.0000000000
153152  48.922  25.487  9.106 0.0000000000
153153  48.642  24.998  9.442 0.0000000000
153154  48.362  24.501  9.693 0.0000000000
153155  48.075  23.976  9.865 0.0000000000
153156  52.704  25.394  9.577 0.0000000000
153157  51.902  25.056  9.729 0.0000000000
153158  51.101  24.769  9.832 0.0000000000
153159  51.260  24.048  10.238 0.0000000000
153160  50.792  24.270  10.054 0.0000000000
153161  50.282  24.483  9.916 0.0000000000
153162  49.432  24.149  9.998 0.0000000000
153163  48.619  23.780  9.966 0.0000000000
153164  47.819  23.411  9.946 0.0000000000
153165  47.498  22.787  9.923 0.0000000000
153166  47.220  22.134  9.800 0.0000000000
153174  54.898  24.012  13.446 0.0000000000
153175  54.613  23.596  13.071 0.0000000000
153176  54.131  23.218  12.739 0.0000000000
153178  53.793  22.573  12.939 0.0000000000
153179  53.509  22.846  12.457 0.0000000000
153180  52.840  22.477  12.213 0.0000000000
153181  52.064  22.052  11.891 0.0000000000
153182  51.280  21.634  11.593 0.0000000000
153191  50.532  21.225  11.248 0.0000000000
154201  33.846  29.281  0.664 0.0000000000
154202  33.025  29.323  0.950 0.0000000000
154203  32.195  29.257  1.233 0.0000000000
154204  31.909  29.326  2.345 0.0000000000
154205  31.626  29.218  1.940 0.0000000000
154206  31.395  29.092  1.486 0.0000000000
154210  30.190  28.464  4.916 0.0000000000
154211  29.894  28.300  4.488 0.0000000000
154212  29.671  28.124  4.003 0.0000000000
154228  28.866  24.445  9.436 0.0000000000
154229  28.636  24.273  8.959 0.0000000000
