#!ascii label  , from subject studyTemplate vox2ras=TkReg
943
56  42.202  41.319  -5.783 0.0000000000
259  48.975  30.001  -8.651 0.0000000000
517  42.463  41.830  -14.034 0.0000000000
518  44.433  27.005  -13.197 0.0000000000
1133  41.208  48.567  -7.408 0.0000000000
1134  41.426  49.214  -12.253 0.0000000000
1135  45.031  43.003  -11.370 0.0000000000
1137  46.977  29.056  -11.138 0.0000000000
1138  41.513  27.049  -7.149 0.0000000000
1617  45.904  35.120  -7.895 0.0000000000
2191  36.130  52.835  -12.337 0.0000000000
2192  35.911  45.312  -11.924 0.0000000000
2193  37.375  39.191  -8.631 0.0000000000
2194  47.245  35.928  -13.170 0.0000000000
2195  43.869  34.040  -12.749 0.0000000000
3053  41.786  45.280  -6.469 0.0000000000
3054  43.430  46.093  -9.147 0.0000000000
3055  43.240  42.056  -8.576 0.0000000000
3057  42.273  27.576  -5.982 0.0000000000
4841  42.084  45.495  -13.521 0.0000000000
4842  38.727  47.276  -12.275 0.0000000000
4843  39.128  43.752  -12.441 0.0000000000
4844  36.201  42.407  -10.514 0.0000000000
4845  39.822  40.501  -11.484 0.0000000000
4846  48.579  32.794  -8.849 0.0000000000
4847  46.701  35.742  -11.227 0.0000000000
4848  48.122  32.605  -11.149 0.0000000000
4849  45.722  28.110  -12.095 0.0000000000
4850  45.869  31.406  -13.002 0.0000000000
4851  44.349  30.274  -13.275 0.0000000000
4852  41.728  32.396  -11.200 0.0000000000
4853  42.390  28.983  -13.274 0.0000000000
5935  30.294  51.239  -12.140 0.0000000000
6648  40.857  52.334  -10.617 0.0000000000
6649  42.332  49.266  -9.976 0.0000000000
6650  44.167  46.450  -12.132 0.0000000000
6651  44.969  43.058  -13.849 0.0000000000
6652  46.390  28.877  -7.492 0.0000000000
6653  47.931  29.488  -10.242 0.0000000000
6654  45.725  27.877  -8.653 0.0000000000
6655  44.844  27.143  -9.575 0.0000000000
6656  43.963  26.395  -10.650 0.0000000000
6657  43.003  25.481  -12.226 0.0000000000
6658  40.973  26.624  -8.850 0.0000000000
7611  43.742  38.056  -7.106 0.0000000000
8221  41.108  44.554  -4.295 0.0000000000
9135  33.536  50.016  -12.967 0.0000000000
9136  38.826  51.052  -11.790 0.0000000000
9137  35.869  48.753  -12.212 0.0000000000
9138  33.621  46.282  -13.418 0.0000000000
9139  33.210  43.539  -11.702 0.0000000000
9142  44.708  38.645  -10.168 0.0000000000
9143  46.546  39.543  -12.974 0.0000000000
9144  45.604  39.105  -14.610 0.0000000000
9145  47.194  32.175  -12.237 0.0000000000
9146  45.750  35.196  -13.927 0.0000000000
9147  43.295  38.061  -13.214 0.0000000000
9148  41.146  36.647  -10.477 0.0000000000
9149  38.666  34.854  -8.584 0.0000000000
10733  41.878  43.255  -6.201 0.0000000000
10734  42.474  43.692  -7.535 0.0000000000
10735  42.495  41.657  -7.137 0.0000000000
12521  42.382  43.652  -13.885 0.0000000000
12522  40.626  44.652  -13.166 0.0000000000
12523  40.877  42.867  -13.230 0.0000000000
12524  39.372  42.144  -12.125 0.0000000000
12525  41.057  41.120  -13.006 0.0000000000
12526  49.246  31.261  -8.969 0.0000000000
12527  48.334  32.589  -10.167 0.0000000000
12528  48.731  30.953  -9.972 0.0000000000
12529  45.126  27.565  -12.632 0.0000000000
12530  45.240  29.140  -12.974 0.0000000000
12531  44.517  28.563  -13.371 0.0000000000
12532  43.465  29.654  -13.291 0.0000000000
12533  43.673  27.942  -13.740 0.0000000000
12534  42.737  27.608  -14.165 0.0000000000
12535  43.619  26.517  -13.857 0.0000000000
14918  40.796  50.050  -7.772 0.0000000000
14919  41.366  50.460  -9.022 0.0000000000
14920  41.870  48.919  -8.699 0.0000000000
14921  44.286  44.605  -10.296 0.0000000000
14922  44.117  46.364  -10.611 0.0000000000
14923  44.880  44.882  -11.705 0.0000000000
14924  44.651  44.808  -13.133 0.0000000000
14925  45.411  43.226  -12.742 0.0000000000
14927  46.074  28.256  -8.077 0.0000000000
14928  44.372  28.013  -6.961 0.0000000000
14929  41.926  27.307  -6.512 0.0000000000
14930  43.649  27.189  -7.792 0.0000000000
14931  43.278  26.895  -8.310 0.0000000000
14932  44.394  26.794  -10.084 0.0000000000
14933  42.862  26.545  -8.935 0.0000000000
14934  42.586  26.279  -9.714 0.0000000000
14935  41.201  26.842  -7.913 0.0000000000
20279  33.384  52.092  -12.856 0.0000000000
20280  34.795  51.446  -12.771 0.0000000000
20281  41.178  50.852  -11.396 0.0000000000
20282  40.083  51.986  -11.447 0.0000000000
20283  40.138  50.194  -11.899 0.0000000000
20284  37.328  46.302  -12.140 0.0000000000
20285  37.270  48.046  -12.085 0.0000000000
20286  35.834  46.960  -12.218 0.0000000000
20287  34.633  47.582  -12.716 0.0000000000
20288  34.576  45.869  -12.463 0.0000000000
20289  33.455  44.698  -12.936 0.0000000000
20290  34.530  44.413  -11.777 0.0000000000
20291  36.770  40.889  -9.504 0.0000000000
20292  34.849  41.870  -9.408 0.0000000000
20293  35.359  40.327  -8.300 0.0000000000
20295  36.027  38.451  -7.481 0.0000000000
20296  44.676  36.536  -7.501 0.0000000000
20297  43.913  38.228  -8.584 0.0000000000
20298  44.842  36.619  -9.134 0.0000000000
20299  47.318  36.137  -12.441 0.0000000000
20300  46.643  37.630  -12.207 0.0000000000
20301  47.073  37.805  -13.295 0.0000000000
20302  46.463  39.450  -14.037 0.0000000000
20303  46.677  37.491  -14.004 0.0000000000
20304  47.445  29.302  -10.736 0.0000000000
20305  47.769  30.686  -11.282 0.0000000000
20306  47.222  30.441  -11.707 0.0000000000
20307  44.936  32.778  -13.418 0.0000000000
20308  45.731  33.252  -13.480 0.0000000000
20309  44.780  34.689  -13.684 0.0000000000
20310  44.648  36.630  -13.922 0.0000000000
20311  43.632  36.070  -12.781 0.0000000000
20312  42.245  37.431  -11.786 0.0000000000
20313  42.626  35.328  -11.563 0.0000000000
20314  40.493  31.630  -10.949 0.0000000000
20315  40.275  33.589  -9.909 0.0000000000
20326  41.798  25.547  -11.562 0.0000000000
23927  41.580  47.020  -6.933 0.0000000000
23928  42.391  47.355  -8.250 0.0000000000
23929  42.565  45.713  -7.819 0.0000000000
23930  43.373  44.180  -8.942 0.0000000000
23931  44.132  42.588  -9.954 0.0000000000
23933  42.520  27.966  -5.569 0.0000000000
23935  40.432  27.789  -4.732 0.0000000000
23936  40.109  27.652  -5.455 0.0000000000
23937  39.772  27.501  -6.250 0.0000000000
27145  41.707  47.324  -12.985 0.0000000000
27146  40.126  48.310  -12.445 0.0000000000
27147  40.309  46.390  -12.887 0.0000000000
27148  38.857  45.460  -12.464 0.0000000000
27149  37.475  44.541  -12.032 0.0000000000
27150  35.947  43.794  -11.370 0.0000000000
27151  37.658  42.976  -11.613 0.0000000000
27152  38.028  41.471  -10.852 0.0000000000
27153  38.655  39.841  -9.994 0.0000000000
27154  47.293  33.973  -8.380 0.0000000000
27155  45.997  35.189  -9.613 0.0000000000
27156  47.277  33.949  -9.994 0.0000000000
27157  47.657  34.309  -11.387 0.0000000000
27158  47.635  34.358  -12.249 0.0000000000
27159  46.361  28.673  -11.603 0.0000000000
27160  46.622  30.092  -12.121 0.0000000000
27161  45.916  29.649  -12.550 0.0000000000
27162  45.121  30.858  -13.176 0.0000000000
27163  44.163  32.059  -12.969 0.0000000000
27164  42.937  33.257  -11.810 0.0000000000
27165  43.116  31.292  -12.456 0.0000000000
27166  42.018  30.562  -12.196 0.0000000000
29209  30.559  49.133  -12.172 0.0000000000
30871  40.868  52.118  -9.344 0.0000000000
30872  41.615  50.868  -10.304 0.0000000000
30873  42.275  49.486  -11.290 0.0000000000
30874  43.104  47.663  -9.590 0.0000000000
30875  43.357  47.977  -11.007 0.0000000000
30876  42.945  47.882  -12.327 0.0000000000
30877  43.367  46.153  -13.201 0.0000000000
30878  43.703  44.376  -13.859 0.0000000000
30879  43.849  42.561  -14.340 0.0000000000
30880  47.894  29.267  -8.128 0.0000000000
30881  48.463  29.633  -9.558 0.0000000000
30882  47.545  28.783  -8.965 0.0000000000
30883  47.088  28.492  -9.571 0.0000000000
30884  46.621  28.251  -10.063 0.0000000000
30885  44.029  27.575  -7.365 0.0000000000
30886  45.275  27.494  -9.122 0.0000000000
30887  46.143  27.933  -10.544 0.0000000000
30888  45.594  27.522  -10.972 0.0000000000
30889  45.108  27.010  -11.468 0.0000000000
30890  44.541  26.435  -12.107 0.0000000000
30891  43.926  25.957  -12.802 0.0000000000
30892  43.544  25.931  -11.376 0.0000000000
30893  42.297  25.942  -10.630 0.0000000000
33272  42.993  39.714  -5.289 0.0000000000
33273  42.917  39.705  -6.529 0.0000000000
33274  43.944  38.271  -5.812 0.0000000000
33276  46.251  35.652  -6.669 0.0000000000
33279  47.606  34.520  -7.190 0.0000000000
33280  48.950  33.309  -7.666 0.0000000000
33281  49.781  31.882  -7.935 0.0000000000
33282  49.547  30.561  -7.732 0.0000000000
34961  40.997  46.686  -5.732 0.0000000000
34962  41.382  44.887  -5.304 0.0000000000
34963  41.638  42.874  -5.139 0.0000000000
34989  41.631  42.711  -4.236 0.0000000000
34990  42.240  41.139  -4.808 0.0000000000
37646  32.003  50.629  -12.526 0.0000000000
37647  32.242  48.591  -12.880 0.0000000000
37649  38.871  53.058  -11.611 0.0000000000
37650  37.481  52.029  -11.941 0.0000000000
37651  38.715  49.096  -12.012 0.0000000000
37652  37.344  49.966  -11.953 0.0000000000
37653  36.020  50.761  -12.169 0.0000000000
37654  34.697  49.390  -12.736 0.0000000000
37655  33.627  48.054  -13.216 0.0000000000
37656  32.326  46.724  -13.409 0.0000000000
37657  32.317  45.011  -13.743 0.0000000000
37660  34.570  43.194  -10.676 0.0000000000
37661  33.155  42.551  -10.130 0.0000000000
37666  43.182  39.937  -7.947 0.0000000000
37667  43.913  40.351  -9.389 0.0000000000
37668  44.934  40.879  -10.861 0.0000000000
37669  45.661  37.097  -10.799 0.0000000000
37670  45.787  39.216  -11.661 0.0000000000
37671  45.790  41.248  -12.272 0.0000000000
37672  45.960  41.390  -13.518 0.0000000000
37673  45.273  41.094  -14.403 0.0000000000
37674  44.094  40.546  -14.560 0.0000000000
37675  48.310  30.859  -10.742 0.0000000000
37676  47.758  32.425  -11.760 0.0000000000
37677  47.217  34.097  -12.763 0.0000000000
37678  46.542  31.805  -12.653 0.0000000000
37679  46.535  33.698  -13.198 0.0000000000
37680  46.638  35.617  -13.672 0.0000000000
37681  45.794  37.082  -14.341 0.0000000000
37682  44.431  38.599  -14.362 0.0000000000
37683  42.803  39.931  -13.830 0.0000000000
37684  41.635  39.352  -12.345 0.0000000000
37685  40.567  38.650  -10.768 0.0000000000
37686  39.414  37.931  -9.410 0.0000000000
37687  41.523  34.449  -10.607 0.0000000000
37688  39.952  35.737  -9.391 0.0000000000
37689  38.119  37.100  -8.236 0.0000000000
37702  43.104  25.502  -13.599 0.0000000000
41453  41.975  42.244  -6.010 0.0000000000
41454  42.172  42.409  -6.681 0.0000000000
41455  42.284  41.482  -6.436 0.0000000000
43241  42.411  42.749  -13.982 0.0000000000
43242  41.612  43.255  -13.630 0.0000000000
43243  41.663  42.341  -13.656 0.0000000000
43244  40.939  41.982  -13.165 0.0000000000
43245  41.747  41.453  -13.609 0.0000000000
43246  49.269  30.540  -8.831 0.0000000000
43247  48.980  31.039  -9.480 0.0000000000
43248  48.951  30.362  -9.331 0.0000000000
43249  44.813  27.290  -12.913 0.0000000000
43250  44.886  28.046  -13.082 0.0000000000
43251  44.529  27.748  -13.334 0.0000000000
43252  44.109  28.236  -13.546 0.0000000000
43253  44.116  27.437  -13.580 0.0000000000
43254  43.685  27.189  -13.850 0.0000000000
43255  44.049  26.715  -13.560 0.0000000000
45638  40.994  49.324  -7.609 0.0000000000
45639  41.322  49.520  -8.252 0.0000000000
45640  41.536  48.721  -8.078 0.0000000000
45641  44.650  43.848  -10.869 0.0000000000
45642  44.705  44.770  -10.989 0.0000000000
45643  45.018  43.978  -11.544 0.0000000000
45644  45.186  44.092  -12.258 0.0000000000
45645  45.319  43.154  -12.040 0.0000000000
45647  44.471  28.317  -6.734 0.0000000000
45649  41.735  27.184  -6.841 0.0000000000
45650  42.629  27.084  -7.420 0.0000000000
45651  42.432  26.929  -7.708 0.0000000000
45652  43.092  26.718  -8.634 0.0000000000
45653  42.226  26.767  -8.030 0.0000000000
45654  42.041  26.636  -8.402 0.0000000000
45655  41.358  26.939  -7.500 0.0000000000
50999  34.808  52.489  -12.805 0.0000000000
51000  35.431  52.172  -12.541 0.0000000000
51001  41.320  50.044  -11.840 0.0000000000
51002  40.729  50.592  -11.770 0.0000000000
51003  40.759  49.740  -12.099 0.0000000000
51004  36.633  45.776  -12.037 0.0000000000
51005  36.578  46.611  -12.122 0.0000000000
51006  35.875  46.112  -12.064 0.0000000000
51007  35.184  46.426  -12.254 0.0000000000
51008  35.196  45.622  -12.099 0.0000000000
51009  34.530  45.133  -12.154 0.0000000000
51010  35.192  44.877  -11.836 0.0000000000
51011  37.089  40.071  -9.019 0.0000000000
51012  36.069  40.613  -8.866 0.0000000000
51013  36.363  39.774  -8.401 0.0000000000
51014  35.701  39.461  -7.823 0.0000000000
51015  36.721  38.840  -8.010 0.0000000000
51016  45.231  35.825  -7.705 0.0000000000
51017  44.634  36.506  -8.289 0.0000000000
51018  45.213  35.779  -8.513 0.0000000000
51019  47.372  36.068  -12.873 0.0000000000
51020  47.221  36.990  -12.876 0.0000000000
51021  47.171  36.837  -13.275 0.0000000000
51022  46.944  37.649  -13.685 0.0000000000
51023  46.987  36.701  -13.590 0.0000000000
51024  47.199  29.192  -10.934 0.0000000000
51025  47.406  29.835  -11.263 0.0000000000
51026  47.140  29.705  -11.433 0.0000000000
51027  44.424  33.421  -13.268 0.0000000000
51028  44.827  33.739  -13.519 0.0000000000
51029  44.306  34.390  -13.237 0.0000000000
51030  44.208  35.367  -13.293 0.0000000000
51031  43.743  35.047  -12.725 0.0000000000
51032  43.153  35.710  -12.155 0.0000000000
51033  43.282  34.692  -12.156 0.0000000000
51035  39.708  32.203  -10.298 0.0000000000
55238  41.685  46.199  -6.677 0.0000000000
55239  42.072  46.399  -7.337 0.0000000000
55240  42.169  45.530  -7.128 0.0000000000
55241  42.819  42.898  -8.098 0.0000000000
55242  42.886  43.958  -8.241 0.0000000000
55243  43.277  43.129  -8.773 0.0000000000
55244  43.743  43.379  -9.453 0.0000000000
55245  43.668  42.334  -9.249 0.0000000000
55251  39.490  27.960  -4.192 0.0000000000
55252  40.274  27.706  -5.072 0.0000000000
55253  39.368  27.935  -4.610 0.0000000000
55254  39.231  27.884  -5.005 0.0000000000
60601  41.882  46.393  -13.276 0.0000000000
60602  41.020  46.868  -13.018 0.0000000000
60603  41.193  45.964  -13.223 0.0000000000
60604  39.885  44.194  -12.814 0.0000000000
60605  39.723  45.043  -12.793 0.0000000000
60606  38.992  44.590  -12.474 0.0000000000
60607  38.188  44.989  -12.271 0.0000000000
60608  38.283  44.143  -12.189 0.0000000000
60609  37.558  43.727  -11.874 0.0000000000
60610  38.396  43.347  -12.052 0.0000000000
60611  39.546  41.343  -11.840 0.0000000000
60612  38.703  41.828  -11.505 0.0000000000
60613  38.939  41.027  -11.148 0.0000000000
60614  38.337  40.687  -10.425 0.0000000000
60615  39.260  40.177  -10.722 0.0000000000
60616  47.987  33.413  -8.640 0.0000000000
60617  47.252  33.911  -9.190 0.0000000000
60618  47.869  33.312  -9.373 0.0000000000
60619  48.231  32.581  -10.701 0.0000000000
60620  47.901  33.358  -10.764 0.0000000000
60621  47.929  33.480  -11.308 0.0000000000
60622  47.699  34.400  -11.892 0.0000000000
60623  47.856  33.494  -11.724 0.0000000000
60624  46.046  28.396  -11.836 0.0000000000
60625  46.210  29.109  -12.093 0.0000000000
60626  45.871  28.832  -12.338 0.0000000000
60627  44.835  29.704  -13.221 0.0000000000
60628  45.191  29.968  -13.089 0.0000000000
60629  44.751  30.583  -13.233 0.0000000000
60630  44.668  31.486  -13.226 0.0000000000
60631  44.247  31.140  -13.096 0.0000000000
60632  43.668  31.676  -12.688 0.0000000000
60633  43.791  30.776  -13.038 0.0000000000
60634  42.945  29.312  -13.235 0.0000000000
60635  42.770  30.080  -12.799 0.0000000000
60636  42.205  29.747  -12.750 0.0000000000
60637  41.438  30.223  -12.155 0.0000000000
60638  41.635  29.450  -12.785 0.0000000000
60640  41.831  28.817  -13.374 0.0000000000
60641  42.763  26.884  -14.376 0.0000000000
64237  30.438  50.174  -12.111 0.0000000000
67795  40.721  51.873  -8.724 0.0000000000
67796  41.818  49.904  -9.488 0.0000000000
67797  41.528  50.715  -9.665 0.0000000000
67798  41.953  50.075  -10.146 0.0000000000
67799  41.927  50.182  -10.795 0.0000000000
67800  42.363  49.445  -10.639 0.0000000000
67801  42.951  46.730  -8.680 0.0000000000
67802  42.767  47.527  -8.926 0.0000000000
67803  43.322  46.909  -9.342 0.0000000000
67804  44.248  46.490  -11.395 0.0000000000
67805  43.802  47.165  -10.882 0.0000000000
67806  43.838  47.267  -11.593 0.0000000000
67807  43.325  48.011  -11.710 0.0000000000
67808  43.601  47.183  -12.264 0.0000000000
67809  43.165  47.020  -12.788 0.0000000000
67810  43.843  46.346  -12.742 0.0000000000
67811  44.850  43.977  -13.523 0.0000000000
67812  44.258  44.636  -13.585 0.0000000000
67813  44.373  43.771  -13.916 0.0000000000
67814  43.789  43.499  -14.109 0.0000000000
67815  44.467  42.856  -14.216 0.0000000000
67816  47.183  29.057  -7.843 0.0000000000
67817  47.748  28.973  -8.582 0.0000000000
67818  47.068  28.723  -8.236 0.0000000000
67819  45.908  28.042  -8.373 0.0000000000
67820  46.675  28.276  -8.853 0.0000000000
67821  46.503  28.093  -9.156 0.0000000000
67822  46.849  28.373  -9.835 0.0000000000
67823  46.240  27.988  -9.407 0.0000000000
67824  42.398  27.753  -5.769 0.0000000000
67825  43.333  27.752  -6.461 0.0000000000
67826  43.171  27.545  -6.676 0.0000000000
67827  44.282  27.094  -8.702 0.0000000000
67828  44.491  27.238  -8.477 0.0000000000
67829  45.077  27.312  -9.363 0.0000000000
67830  45.775  27.667  -9.894 0.0000000000
67831  45.529  27.493  -10.106 0.0000000000
67832  45.851  27.754  -10.738 0.0000000000
67833  45.278  27.329  -10.322 0.0000000000
67834  44.155  26.602  -10.338 0.0000000000
67835  44.799  26.877  -10.792 0.0000000000
67836  44.566  26.637  -11.086 0.0000000000
67837  44.838  26.715  -11.778 0.0000000000
67838  44.334  26.342  -11.419 0.0000000000
67839  44.091  26.091  -11.754 0.0000000000
67840  43.757  26.161  -11.009 0.0000000000
67841  41.820  26.407  -9.277 0.0000000000
67842  42.451  26.132  -10.157 0.0000000000
67843  41.705  26.274  -9.796 0.0000000000
67844  41.537  26.122  -10.244 0.0000000000
67845  40.867  26.507  -9.342 0.0000000000
67846  38.929  27.756  -5.892 0.0000000000
67847  39.624  27.461  -6.679 0.0000000000
73194  43.459  39.011  -5.564 0.0000000000
73199  45.602  36.273  -6.460 0.0000000000
73209  48.291  33.934  -7.448 0.0000000000
73214  49.797  31.146  -7.874 0.0000000000
77239  41.043  45.643  -4.911 0.0000000000
77240  41.229  44.692  -4.794 0.0000000000
77241  41.524  43.813  -5.221 0.0000000000
77242  41.394  43.722  -4.731 0.0000000000
77309  41.904  41.894  -4.572 0.0000000000
83876  33.496  51.015  -12.892 0.0000000000
83877  32.713  51.350  -12.708 0.0000000000
83878  32.801  50.317  -12.804 0.0000000000
83879  32.110  49.604  -12.658 0.0000000000
83880  32.902  49.316  -12.970 0.0000000000
83884  39.533  51.554  -11.642 0.0000000000
83885  39.494  52.524  -11.483 0.0000000000
83886  38.880  52.058  -11.723 0.0000000000
83887  38.229  52.592  -11.836 0.0000000000
83888  38.160  51.550  -11.864 0.0000000000
83889  39.423  47.757  -12.376 0.0000000000
83890  39.386  48.695  -12.160 0.0000000000
83891  38.694  48.166  -12.147 0.0000000000
83892  36.544  48.393  -12.118 0.0000000000
83893  37.314  48.972  -11.984 0.0000000000
83894  36.588  49.345  -12.039 0.0000000000
83895  36.646  50.366  -11.996 0.0000000000
83896  35.941  49.728  -12.176 0.0000000000
83897  35.328  50.065  -12.415 0.0000000000
83898  35.245  49.130  -12.384 0.0000000000
83899  34.091  46.924  -13.059 0.0000000000
83900  34.114  47.803  -13.054 0.0000000000
83901  33.607  47.153  -13.326 0.0000000000
83902  33.038  47.397  -13.364 0.0000000000
83903  33.029  46.491  -13.532 0.0000000000
83904  32.328  45.834  -13.646 0.0000000000
83905  33.017  45.638  -13.593 0.0000000000
83906  33.322  44.067  -12.370 0.0000000000
83907  32.838  44.128  -13.046 0.0000000000
83908  32.677  43.527  -12.427 0.0000000000
83911  36.056  43.102  -11.006 0.0000000000
83912  35.256  43.484  -11.046 0.0000000000
83913  35.338  42.835  -10.535 0.0000000000
83914  34.141  41.558  -8.962 0.0000000000
83915  33.982  42.266  -9.623 0.0000000000
83926  43.310  38.872  -6.863 0.0000000000
83927  42.954  39.769  -7.235 0.0000000000
83928  43.364  38.937  -7.563 0.0000000000
83929  44.190  38.390  -9.423 0.0000000000
83930  43.842  39.268  -9.040 0.0000000000
83931  44.277  39.489  -9.772 0.0000000000
83932  44.418  40.589  -10.108 0.0000000000
83933  44.834  39.783  -10.542 0.0000000000
83934  46.309  35.444  -10.463 0.0000000000
83935  45.724  36.121  -10.255 0.0000000000
83936  46.165  36.426  -11.083 0.0000000000
83937  46.626  38.588  -12.614 0.0000000000
83938  46.222  38.428  -11.986 0.0000000000
83939  46.265  39.442  -12.338 0.0000000000
83940  45.860  40.273  -11.978 0.0000000000
83941  46.196  40.409  -12.655 0.0000000000
83942  46.003  41.352  -12.922 0.0000000000
83943  46.303  40.474  -13.272 0.0000000000
83944  46.063  39.321  -14.400 0.0000000000
83945  45.912  40.310  -14.251 0.0000000000
83946  45.441  40.116  -14.570 0.0000000000
83947  44.714  40.855  -14.601 0.0000000000
83948  44.885  39.853  -14.657 0.0000000000
83949  48.208  29.567  -9.937 0.0000000000
83950  48.452  30.192  -10.184 0.0000000000
83951  48.186  30.130  -10.511 0.0000000000
83952  47.513  31.425  -11.756 0.0000000000
83953  47.784  31.538  -11.513 0.0000000000
83954  47.489  32.333  -12.007 0.0000000000
83955  47.479  33.278  -12.269 0.0000000000
83956  47.184  33.114  -12.505 0.0000000000
83957  46.277  30.733  -12.591 0.0000000000
83958  46.610  30.926  -12.376 0.0000000000
83959  46.212  31.618  -12.864 0.0000000000
83960  45.706  34.244  -13.716 0.0000000000
83961  46.161  33.447  -13.360 0.0000000000
83962  46.182  34.451  -13.608 0.0000000000
83963  46.585  34.679  -13.453 0.0000000000
83964  46.228  35.414  -13.836 0.0000000000
83965  46.275  36.351  -14.061 0.0000000000
83966  45.766  36.116  -14.103 0.0000000000
83967  44.005  37.360  -13.608 0.0000000000
83968  44.551  37.627  -14.122 0.0000000000
83969  43.857  38.338  -13.878 0.0000000000
83970  43.646  39.296  -14.157 0.0000000000
83971  43.073  39.025  -13.517 0.0000000000
83972  42.220  39.641  -13.119 0.0000000000
83973  42.500  38.727  -12.788 0.0000000000
83974  41.702  37.058  -11.116 0.0000000000
83975  41.427  38.069  -11.295 0.0000000000
83976  40.871  37.669  -10.574 0.0000000000
83977  39.982  38.293  -10.073 0.0000000000
83978  40.292  37.261  -9.900 0.0000000000
83979  42.370  32.821  -11.467 0.0000000000
83980  42.239  33.849  -11.189 0.0000000000
83981  41.630  33.399  -10.839 0.0000000000
83982  39.479  34.218  -9.265 0.0000000000
83983  40.139  34.647  -9.601 0.0000000000
83984  39.314  35.310  -8.959 0.0000000000
83985  39.104  36.423  -8.802 0.0000000000
83986  38.419  35.975  -8.328 0.0000000000
83987  37.447  36.653  -7.752 0.0000000000
84016  43.518  25.641  -12.534 0.0000000000
84017  43.567  25.700  -13.189 0.0000000000
84018  43.139  25.429  -12.939 0.0000000000
93047  41.881  44.260  -6.320 0.0000000000
93048  42.161  44.487  -6.975 0.0000000000
93049  42.144  43.419  -6.853 0.0000000000
93050  42.438  42.598  -7.410 0.0000000000
93051  42.804  41.861  -7.877 0.0000000000
96265  42.240  44.575  -13.742 0.0000000000
96266  41.391  45.108  -13.413 0.0000000000
96267  41.525  44.211  -13.537 0.0000000000
96268  40.787  43.764  -13.240 0.0000000000
96269  40.014  43.334  -12.803 0.0000000000
96270  39.259  42.949  -12.321 0.0000000000
96271  40.114  42.492  -12.710 0.0000000000
96272  40.195  41.669  -12.522 0.0000000000
96273  40.419  40.826  -12.246 0.0000000000
96274  49.008  32.052  -8.949 0.0000000000
96275  48.404  32.640  -9.512 0.0000000000
96276  48.808  31.864  -9.552 0.0000000000
96277  48.603  31.756  -10.105 0.0000000000
96278  48.429  31.730  -10.571 0.0000000000
96279  45.473  27.808  -12.375 0.0000000000
96280  45.541  28.587  -12.586 0.0000000000
96281  45.272  28.316  -12.885 0.0000000000
96282  44.887  28.885  -13.203 0.0000000000
96283  44.435  29.418  -13.348 0.0000000000
96284  43.886  29.919  -13.250 0.0000000000
96285  44.033  29.082  -13.455 0.0000000000
96286  43.587  28.798  -13.518 0.0000000000
96287  43.128  28.533  -13.641 0.0000000000
96288  42.570  28.328  -13.746 0.0000000000
96289  43.201  27.776  -13.921 0.0000000000
96290  43.243  27.012  -14.118 0.0000000000
96291  43.175  26.353  -14.175 0.0000000000
100581  40.932  51.022  -8.561 0.0000000000
100582  41.119  50.223  -8.389 0.0000000000
100583  41.610  49.691  -8.854 0.0000000000
100584  42.126  49.109  -9.300 0.0000000000
100585  43.903  45.388  -9.704 0.0000000000
100586  43.823  46.234  -9.873 0.0000000000
100587  44.281  45.529  -10.431 0.0000000000
100588  44.544  45.659  -11.156 0.0000000000
100589  44.591  45.703  -11.893 0.0000000000
100590  44.416  45.637  -12.622 0.0000000000
100591  44.865  44.886  -12.451 0.0000000000
100592  45.090  44.049  -12.972 0.0000000000
100593  45.321  43.171  -13.350 0.0000000000
100594  45.495  28.751  -7.038 0.0000000000
100595  46.244  28.527  -7.803 0.0000000000
100596  45.373  28.399  -7.302 0.0000000000
100597  45.233  28.117  -7.564 0.0000000000
100598  45.085  27.896  -7.827 0.0000000000
100599  42.096  27.433  -6.197 0.0000000000
100600  42.991  27.370  -6.896 0.0000000000
100601  42.820  27.228  -7.137 0.0000000000
100602  43.472  27.029  -8.020 0.0000000000
100603  44.072  26.945  -8.909 0.0000000000
100604  44.593  26.990  -9.774 0.0000000000
100605  43.881  26.786  -9.216 0.0000000000
100606  43.664  26.614  -9.525 0.0000000000
100607  43.436  26.422  -9.805 0.0000000000
100608  43.282  26.285  -10.173 0.0000000000
100609  42.690  26.427  -9.293 0.0000000000
100610  41.918  26.531  -8.814 0.0000000000
100611  41.100  26.746  -8.370 0.0000000000
110231  34.140  51.766  -12.907 0.0000000000
110232  34.179  50.705  -12.944 0.0000000000
110233  41.025  51.599  -11.019 0.0000000000
110234  40.535  52.231  -11.114 0.0000000000
110235  40.635  51.423  -11.453 0.0000000000
110236  40.152  51.076  -11.701 0.0000000000
110237  39.481  50.601  -11.788 0.0000000000
110238  38.031  46.790  -12.215 0.0000000000
110239  38.004  47.691  -12.127 0.0000000000
110240  37.284  47.172  -12.122 0.0000000000
110241  36.517  47.470  -12.144 0.0000000000
110242  35.825  47.836  -12.243 0.0000000000
110243  35.207  48.193  -12.425 0.0000000000
110244  35.172  47.308  -12.422 0.0000000000
110245  34.594  46.695  -12.648 0.0000000000
110246  34.050  46.083  -12.973 0.0000000000
110247  33.569  45.467  -13.271 0.0000000000
110248  34.015  45.294  -12.751 0.0000000000
110249  33.957  44.581  -12.304 0.0000000000
110250  33.861  44.024  -11.701 0.0000000000
110251  36.424  41.660  -9.992 0.0000000000
110252  35.506  42.138  -9.971 0.0000000000
110253  35.786  41.390  -9.398 0.0000000000
110254  35.079  41.117  -8.833 0.0000000000
110255  34.339  40.813  -8.318 0.0000000000
110257  34.652  39.985  -7.758 0.0000000000
110260  44.196  37.288  -7.290 0.0000000000
110261  43.740  38.084  -7.806 0.0000000000
110262  44.181  37.284  -8.032 0.0000000000
110263  44.305  37.346  -8.873 0.0000000000
110264  44.686  37.574  -9.698 0.0000000000
110265  47.044  35.982  -11.899 0.0000000000
110266  46.642  36.694  -11.759 0.0000000000
110267  47.009  36.895  -12.360 0.0000000000
110268  46.962  37.761  -12.786 0.0000000000
110269  46.838  38.656  -13.187 0.0000000000
110270  46.577  39.558  -13.530 0.0000000000
110271  46.868  38.615  -13.689 0.0000000000
110272  46.576  38.494  -14.084 0.0000000000
110273  46.214  38.337  -14.388 0.0000000000
110274  47.668  29.405  -10.507 0.0000000000
110275  47.921  30.043  -10.792 0.0000000000
110276  47.642  29.957  -11.032 0.0000000000
110277  47.492  30.568  -11.514 0.0000000000
110278  47.231  31.258  -11.977 0.0000000000
110279  45.409  32.080  -13.296 0.0000000000
110280  45.783  32.305  -13.241 0.0000000000
110281  45.319  33.045  -13.503 0.0000000000
110282  45.256  34.010  -13.741 0.0000000000
110283  45.232  34.955  -13.879 0.0000000000
110284  45.244  35.858  -14.066 0.0000000000
110285  44.714  35.637  -13.768 0.0000000000
110286  44.134  36.353  -13.424 0.0000000000
110287  43.507  37.080  -12.970 0.0000000000
110288  42.779  37.783  -12.515 0.0000000000
110289  42.986  36.760  -12.272 0.0000000000
110290  42.471  36.373  -11.612 0.0000000000
110291  41.915  35.981  -11.013 0.0000000000
110292  41.095  32.013  -11.021 0.0000000000
110293  41.004  32.985  -10.545 0.0000000000
110294  40.385  32.581  -10.392 0.0000000000
110295  39.596  33.156  -9.743 0.0000000000
110296  38.790  33.776  -9.048 0.0000000000
110314  42.444  25.441  -11.922 0.0000000000
110315  42.656  25.238  -12.625 0.0000000000
117269  41.389  47.787  -7.174 0.0000000000
117270  41.767  47.952  -7.845 0.0000000000
117271  41.954  47.187  -7.586 0.0000000000
117272  42.505  46.572  -8.014 0.0000000000
117273  43.037  45.894  -8.498 0.0000000000
117274  42.548  44.748  -7.664 0.0000000000
117275  42.989  44.994  -8.358 0.0000000000
117276  43.438  45.176  -9.041 0.0000000000
117277  43.828  44.389  -9.619 0.0000000000
117278  44.203  43.612  -10.154 0.0000000000
117279  44.593  42.820  -10.668 0.0000000000
117284  41.500  27.792  -5.074 0.0000000000
117287  41.357  27.660  -5.318 0.0000000000
117288  41.192  27.534  -5.606 0.0000000000
117289  41.023  27.437  -5.950 0.0000000000
117290  40.800  27.353  -6.297 0.0000000000
117291  40.618  27.247  -6.672 0.0000000000
117292  39.939  27.574  -5.840 0.0000000000
117293  39.068  27.820  -5.441 0.0000000000
124777  41.555  48.288  -12.639 0.0000000000
124778  40.815  48.805  -12.427 0.0000000000
124779  40.885  47.842  -12.745 0.0000000000
124780  40.198  47.330  -12.688 0.0000000000
124781  39.489  46.825  -12.545 0.0000000000
124782  40.447  45.502  -13.046 0.0000000000
124783  39.592  45.917  -12.683 0.0000000000
124784  38.782  46.359  -12.402 0.0000000000
124785  38.058  45.881  -12.249 0.0000000000
124786  37.406  45.397  -12.123 0.0000000000
124787  36.683  44.948  -11.903 0.0000000000
124788  35.947  44.535  -11.710 0.0000000000
124789  36.739  44.136  -11.742 0.0000000000
124790  36.793  43.376  -11.468 0.0000000000
124791  36.917  42.672  -11.071 0.0000000000
124792  38.525  42.568  -11.824 0.0000000000
124793  37.807  42.215  -11.235 0.0000000000
124794  37.114  41.919  -10.633 0.0000000000
124795  37.419  41.154  -10.171 0.0000000000
124796  37.738  40.364  -9.708 0.0000000000
124797  38.036  39.509  -9.296 0.0000000000
124798  46.612  34.566  -8.152 0.0000000000
124799  45.901  35.117  -8.736 0.0000000000
124800  46.541  34.459  -8.941 0.0000000000
124801  46.673  34.588  -9.813 0.0000000000
124802  46.899  34.786  -10.595 0.0000000000
124803  47.863  33.319  -10.112 0.0000000000
124804  47.462  34.124  -10.721 0.0000000000
124805  47.202  35.037  -11.315 0.0000000000
124806  47.435  35.238  -11.957 0.0000000000
124807  47.506  35.263  -12.403 0.0000000000
124808  47.448  35.167  -12.733 0.0000000000
124809  46.683  28.896  -11.357 0.0000000000
124810  46.881  29.525  -11.631 0.0000000000
124811  46.566  29.336  -11.853 0.0000000000
124812  46.307  29.876  -12.352 0.0000000000
124813  45.932  30.523  -12.799 0.0000000000
124814  45.575  29.401  -12.780 0.0000000000
124815  45.535  30.255  -12.935 0.0000000000
124816  45.517  31.170  -13.123 0.0000000000
124817  45.058  31.783  -13.280 0.0000000000
124818  44.568  32.428  -13.198 0.0000000000
124819  44.019  33.045  -12.833 0.0000000000
124820  43.417  33.665  -12.258 0.0000000000
124821  43.576  32.622  -12.447 0.0000000000
124822  43.029  32.234  -12.104 0.0000000000
124823  42.451  31.826  -11.852 0.0000000000
124824  43.267  30.400  -12.877 0.0000000000
124825  42.589  30.895  -12.316 0.0000000000
124826  41.845  31.459  -11.698 0.0000000000
124827  41.259  31.076  -11.584 0.0000000000
124828  40.653  30.722  -11.575 0.0000000000
124834  42.040  28.197  -13.929 0.0000000000
129751  30.652  48.202  -12.382 0.0000000000
134259  40.924  52.288  -9.990 0.0000000000
134260  41.127  51.294  -9.204 0.0000000000
134261  41.236  51.501  -9.826 0.0000000000
134262  41.246  51.623  -10.500 0.0000000000
134263  41.481  50.916  -10.916 0.0000000000
134264  41.713  50.171  -11.396 0.0000000000
134265  41.976  49.414  -11.875 0.0000000000
134266  42.138  48.125  -8.527 0.0000000000
134267  42.488  48.311  -9.158 0.0000000000
134268  42.734  48.457  -9.791 0.0000000000
134269  43.615  47.027  -10.100 0.0000000000
134270  43.285  47.825  -10.317 0.0000000000
134271  42.852  48.642  -10.470 0.0000000000
134272  42.835  48.756  -11.148 0.0000000000
134273  42.711  48.732  -11.816 0.0000000000
134274  42.200  48.563  -12.327 0.0000000000
134275  42.395  47.671  -12.766 0.0000000000
134276  42.547  46.763  -13.135 0.0000000000
134277  42.740  45.859  -13.447 0.0000000000
134278  44.086  45.537  -13.211 0.0000000000
134279  43.546  45.263  -13.555 0.0000000000
134280  42.915  44.938  -13.758 0.0000000000
134281  43.041  44.048  -13.963 0.0000000000
134282  43.134  43.190  -14.140 0.0000000000
134283  43.184  42.210  -14.277 0.0000000000
134284  48.539  29.588  -8.414 0.0000000000
134285  48.760  29.719  -9.162 0.0000000000
134286  48.290  29.316  -8.865 0.0000000000
134287  48.090  29.126  -9.299 0.0000000000
134288  47.817  29.048  -9.636 0.0000000000
134289  46.904  28.458  -8.544 0.0000000000
134290  47.381  28.557  -9.294 0.0000000000
134291  47.571  28.937  -9.940 0.0000000000
134292  47.325  28.865  -10.205 0.0000000000
134293  47.103  28.747  -10.410 0.0000000000
134294  46.896  28.639  -10.630 0.0000000000
134295  43.463  27.990  -6.268 0.0000000000
134296  44.233  27.806  -7.155 0.0000000000
134297  44.918  27.680  -8.077 0.0000000000
134298  43.831  27.368  -7.573 0.0000000000
134299  44.685  27.470  -8.271 0.0000000000
134300  45.501  27.701  -8.944 0.0000000000
134301  46.015  27.847  -9.675 0.0000000000
134302  46.386  28.171  -10.313 0.0000000000
134303  46.623  28.530  -10.862 0.0000000000
134304  46.359  28.300  -11.071 0.0000000000
134305  46.036  28.059  -11.308 0.0000000000
134306  45.770  27.764  -11.533 0.0000000000
134307  45.008  27.104  -10.515 0.0000000000
134308  45.317  27.274  -11.170 0.0000000000
134309  45.489  27.502  -11.796 0.0000000000
134310  45.203  27.206  -12.087 0.0000000000
134311  44.909  26.914  -12.397 0.0000000000
134312  44.581  26.664  -12.695 0.0000000000
134313  44.264  26.384  -13.046 0.0000000000
134314  44.295  26.178  -12.448 0.0000000000
134315  43.819  25.881  -12.126 0.0000000000
134316  43.295  25.709  -11.784 0.0000000000
134317  43.153  26.109  -10.590 0.0000000000
134318  42.950  25.906  -10.991 0.0000000000
134319  42.718  25.645  -11.473 0.0000000000
134320  42.063  25.759  -11.101 0.0000000000
134321  41.334  25.952  -10.704 0.0000000000
134323  40.480  27.173  -7.073 0.0000000000
134324  40.331  27.096  -7.490 0.0000000000
134325  40.225  27.019  -7.954 0.0000000000
134328  40.108  26.907  -8.440 0.0000000000
140978  42.538  40.468  -5.542 0.0000000000
140979  42.516  40.509  -6.163 0.0000000000
140980  42.911  39.690  -5.890 0.0000000000
140981  43.355  38.920  -6.194 0.0000000000
140982  43.836  38.147  -6.441 0.0000000000
140985  44.267  37.379  -6.643 0.0000000000
140986  44.821  36.699  -6.843 0.0000000000
140987  45.358  35.982  -7.014 0.0000000000
140988  46.013  35.356  -7.232 0.0000000000
140996  46.920  35.064  -6.890 0.0000000000
140997  46.723  34.787  -7.475 0.0000000000
140998  47.410  34.213  -7.726 0.0000000000
140999  48.113  33.631  -7.988 0.0000000000
141000  48.796  33.037  -8.248 0.0000000000
141002  49.529  32.631  -7.879 0.0000000000
141003  49.245  32.333  -8.404 0.0000000000
141004  49.526  31.575  -8.463 0.0000000000
141005  49.514  30.829  -8.386 0.0000000000
141006  49.238  30.261  -8.196 0.0000000000
141033  48.741  29.874  -7.978 0.0000000000
141034  48.070  29.646  -7.732 0.0000000000
145900  40.911  48.392  -6.821 0.0000000000
145901  41.089  47.645  -6.578 0.0000000000
145902  41.268  46.864  -6.329 0.0000000000
145903  41.402  46.057  -6.076 0.0000000000
145904  40.787  46.489  -5.135 0.0000000000
145905  41.192  45.839  -5.496 0.0000000000
145906  41.565  45.082  -5.877 0.0000000000
145907  41.667  44.049  -5.752 0.0000000000
145908  41.755  43.032  -5.637 0.0000000000
145909  41.891  42.087  -5.490 0.0000000000
145987  41.340  43.608  -4.277 0.0000000000
145988  41.603  42.781  -4.669 0.0000000000
145989  41.877  41.967  -5.004 0.0000000000
145990  42.173  41.185  -5.286 0.0000000000
145991  42.583  40.405  -5.040 0.0000000000
153897  30.971  51.982  -12.292 0.0000000000
153898  32.570  52.419  -12.680 0.0000000000
153899  31.859  51.671  -12.479 0.0000000000
153900  31.144  50.901  -12.262 0.0000000000
153901  31.284  49.864  -12.347 0.0000000000
153902  31.388  48.851  -12.511 0.0000000000
153903  31.491  47.911  -12.789 0.0000000000
153907  40.004  52.842  -11.155 0.0000000000
153908  39.414  53.441  -11.307 0.0000000000
153909  38.806  54.056  -11.500 0.0000000000
153910  38.251  53.657  -11.797 0.0000000000
153911  37.567  53.070  -12.007 0.0000000000
153912  36.821  52.453  -12.095 0.0000000000
153913  40.115  49.260  -12.174 0.0000000000
153914  39.435  49.661  -11.961 0.0000000000
153915  38.765  50.050  -11.865 0.0000000000
153916  37.999  48.592  -12.026 0.0000000000
153917  38.038  49.536  -11.956 0.0000000000
153918  38.100  50.539  -11.901 0.0000000000
153919  37.400  50.983  -11.931 0.0000000000
153920  36.741  51.405  -12.038 0.0000000000
153921  36.082  51.799  -12.251 0.0000000000
153922  35.388  51.109  -12.483 0.0000000000
153923  34.744  50.361  -12.708 0.0000000000
153924  34.165  49.697  -12.950 0.0000000000
153925  34.653  48.473  -12.721 0.0000000000
153926  34.137  48.733  -13.011 0.0000000000
153927  33.619  49.018  -13.119 0.0000000000
153928  33.005  48.316  -13.148 0.0000000000
153929  32.320  47.640  -13.179 0.0000000000
153930  31.548  46.976  -13.103 0.0000000000
153931  31.580  46.065  -13.431 0.0000000000
153932  31.590  45.222  -13.667 0.0000000000
153934  32.969  44.837  -13.506 0.0000000000
153940  35.202  44.153  -11.459 0.0000000000
153941  34.531  43.799  -11.246 0.0000000000
153942  33.838  43.452  -11.094 0.0000000000
153943  34.661  42.562  -10.083 0.0000000000
153944  33.861  42.895  -10.387 0.0000000000
153945  33.120  43.075  -10.942 0.0000000000
153958  42.633  40.646  -6.839 0.0000000000
153959  42.847  40.813  -7.552 0.0000000000
153960  43.171  40.983  -8.268 0.0000000000
153961  43.500  39.084  -8.312 0.0000000000
153962  43.492  40.123  -8.663 0.0000000000
153963  43.584  41.214  -8.988 0.0000000000
153964  44.043  41.464  -9.697 0.0000000000
153965  44.525  41.707  -10.410 0.0000000000
153966  44.982  41.943  -11.122 0.0000000000
153967  45.399  35.890  -9.379 0.0000000000
153968  45.173  36.832  -9.996 0.0000000000
153969  45.147  37.811  -10.509 0.0000000000
153970  46.197  37.390  -11.574 0.0000000000
153971  45.707  38.133  -11.265 0.0000000000
153972  45.264  38.957  -10.938 0.0000000000
153973  45.363  40.043  -11.273 0.0000000000
153974  45.398  41.088  -11.563 0.0000000000
153975  45.381  42.115  -11.816 0.0000000000
153976  45.638  42.269  -12.476 0.0000000000
153977  45.719  42.285  -13.152 0.0000000000
153978  45.506  42.242  -13.706 0.0000000000
153979  46.196  40.441  -13.808 0.0000000000
153980  45.707  41.313  -14.016 0.0000000000
153981  45.132  42.081  -14.164 0.0000000000
153982  44.581  41.837  -14.438 0.0000000000
153983  43.958  41.537  -14.494 0.0000000000
153984  43.280  41.204  -14.346 0.0000000000
153985  48.699  30.229  -9.803 0.0000000000
153986  48.510  30.914  -10.391 0.0000000000
153987  48.264  31.719  -10.953 0.0000000000
153988  48.033  30.788  -11.021 0.0000000000
153989  48.081  31.619  -11.241 0.0000000000
153990  47.983  32.556  -11.493 0.0000000000
153991  47.706  33.402  -12.018 0.0000000000
153992  47.474  34.242  -12.535 0.0000000000
153993  47.269  35.021  -12.995 0.0000000000
153994  46.943  30.275  -11.902 0.0000000000
153995  46.927  31.122  -12.165 0.0000000000
153996  46.878  32.022  -12.449 0.0000000000
153997  46.139  32.497  -13.106 0.0000000000
153998  46.521  32.716  -12.948 0.0000000000
153999  46.863  32.946  -12.731 0.0000000000
154000  46.889  33.926  -12.996 0.0000000000
154001  46.944  34.872  -13.234 0.0000000000
154002  47.005  35.784  -13.437 0.0000000000
154003  46.682  36.524  -13.858 0.0000000000
154004  46.268  37.322  -14.231 0.0000000000
154005  45.722  38.104  -14.500 0.0000000000
154006  45.198  36.850  -14.205 0.0000000000
154007  45.146  37.860  -14.432 0.0000000000
154008  45.047  38.842  -14.616 0.0000000000
154009  44.281  39.569  -14.556 0.0000000000
154010  43.432  40.231  -14.345 0.0000000000
154011  42.585  40.857  -14.002 0.0000000000
154012  41.938  40.536  -13.433 0.0000000000
154013  41.328  40.241  -12.679 0.0000000000
154014  40.752  39.939  -11.872 0.0000000000
154015  41.933  38.427  -12.027 0.0000000000
154016  41.094  39.015  -11.524 0.0000000000
154017  40.199  39.600  -11.079 0.0000000000
154018  39.628  39.281  -10.339 0.0000000000
154019  39.029  38.919  -9.649 0.0000000000
154020  38.404  38.571  -8.975 0.0000000000
154021  42.778  34.329  -11.609 0.0000000000
154022  42.104  34.894  -11.025 0.0000000000
154023  41.351  35.553  -10.453 0.0000000000
154024  40.929  34.016  -10.238 0.0000000000
154025  40.776  35.092  -10.019 0.0000000000
154026  40.547  36.203  -9.871 0.0000000000
154027  39.706  36.856  -9.317 0.0000000000
154028  38.777  37.535  -8.795 0.0000000000
154029  37.760  38.199  -8.335 0.0000000000
154030  37.077  37.770  -7.779 0.0000000000
154066  43.852  26.163  -13.392 0.0000000000
154067  43.437  25.941  -13.768 0.0000000000
154068  42.957  25.768  -14.150 0.0000000000
154069  42.748  25.195  -13.315 0.0000000000
