#!ascii label  , from subject studyTemplate vox2ras=TkReg
897
26  7.090  37.142  -5.874 0.0000000000
61  6.145  37.167  14.614 0.0000000000
399  5.534  40.968  3.663 0.0000000000
752  6.715  33.387  -2.380 0.0000000000
754  4.324  31.531  -7.486 0.0000000000
755  6.469  28.789  -10.446 0.0000000000
904  8.352  32.043  12.077 0.0000000000
905  7.895  33.369  7.196 0.0000000000
906  6.028  39.693  9.274 0.0000000000
1648  5.301  22.174  -9.658 0.0000000000
1892  7.066  34.076  2.392 0.0000000000
1893  5.266  40.584  -1.714 0.0000000000
2213  11.127  38.992  11.305 0.0000000000
2214  10.295  41.723  6.861 0.0000000000
2215  10.806  41.891  1.892 0.0000000000
2672  5.033  36.171  -4.548 0.0000000000
2673  5.909  32.582  -5.114 0.0000000000
2674  5.054  34.913  -7.227 0.0000000000
2675  6.315  33.206  -8.666 0.0000000000
2676  8.328  35.570  -7.513 0.0000000000
2824  6.695  34.658  13.098 0.0000000000
2825  7.219  35.702  10.503 0.0000000000
2826  6.013  38.554  12.042 0.0000000000
3706  4.932  23.178  -7.973 0.0000000000
4157  7.691  37.183  5.214 0.0000000000
4158  7.437  33.815  4.790 0.0000000000
4159  7.364  37.482  2.629 0.0000000000
4160  6.645  37.449  0.179 0.0000000000
4161  5.278  41.094  0.912 0.0000000000
4898  10.572  40.750  9.153 0.0000000000
4901  13.386  42.428  3.262 0.0000000000
4902  13.446  42.816  0.910 0.0000000000
4903  11.331  41.297  -0.421 0.0000000000
5966  5.047  27.935  -7.312 0.0000000000
5967  4.404  26.747  -8.997 0.0000000000
5968  4.772  30.248  -9.304 0.0000000000
6238  8.406  32.720  9.620 0.0000000000
6239  7.626  36.613  7.846 0.0000000000
6240  5.928  40.463  6.434 0.0000000000
7687  5.482  25.550  -10.468 0.0000000000
8293  6.905  33.895  0.047 0.0000000000
8294  5.758  37.021  -2.252 0.0000000000
8295  5.967  38.986  -4.018 0.0000000000
9193  9.858  34.556  17.392 0.0000000000
9194  9.283  36.329  15.284 0.0000000000
9202  11.830  37.232  13.668 0.0000000000
9203  8.653  38.255  12.924 0.0000000000
9204  8.115  40.222  10.624 0.0000000000
9205  7.373  42.041  8.300 0.0000000000
9206  6.993  42.518  5.531 0.0000000000
9207  13.227  42.111  5.706 0.0000000000
9208  10.414  41.744  4.264 0.0000000000
9209  7.384  42.298  2.676 0.0000000000
9210  7.917  41.815  0.206 0.0000000000
9211  8.606  40.266  -2.019 0.0000000000
9212  9.503  38.657  -4.154 0.0000000000
10352  5.280  37.214  -5.609 0.0000000000
10353  4.804  35.658  -5.928 0.0000000000
10354  5.887  36.273  -6.752 0.0000000000
10355  6.640  35.282  -7.450 0.0000000000
10356  7.691  36.301  -6.709 0.0000000000
10504  6.028  36.054  13.859 0.0000000000
10505  6.229  36.590  12.540 0.0000000000
10506  6.082  37.836  13.343 0.0000000000
11386  4.951  23.750  -7.090 0.0000000000
11837  6.628  39.121  4.444 0.0000000000
11838  7.560  37.400  3.897 0.0000000000
11839  6.373  39.305  3.121 0.0000000000
11840  6.022  39.369  1.757 0.0000000000
11841  5.398  41.106  2.256 0.0000000000
13780  4.933  32.098  -6.313 0.0000000000
13781  6.024  30.817  -5.140 0.0000000000
13782  5.430  30.323  -6.386 0.0000000000
13783  5.567  28.558  -6.186 0.0000000000
13784  4.611  29.704  -7.478 0.0000000000
13785  4.213  29.134  -8.397 0.0000000000
13786  4.354  30.928  -8.504 0.0000000000
13787  7.885  33.753  -8.892 0.0000000000
13788  7.039  32.417  -9.300 0.0000000000
14236  8.509  32.374  10.864 0.0000000000
14237  6.467  37.704  9.857 0.0000000000
14238  7.440  36.234  9.188 0.0000000000
14239  6.628  38.185  8.498 0.0000000000
14240  6.736  38.622  7.124 0.0000000000
14241  6.029  40.135  7.880 0.0000000000
16881  5.583  21.725  -10.459 0.0000000000
16882  5.033  27.856  -9.952 0.0000000000
16883  4.799  26.132  -9.783 0.0000000000
16884  5.893  27.186  -10.510 0.0000000000
18232  6.861  31.771  8.452 0.0000000000
18234  6.435  32.166  7.354 0.0000000000
18235  7.221  33.923  3.625 0.0000000000
18236  5.528  32.788  5.100 0.0000000000
18237  5.283  33.039  3.906 0.0000000000
18239  5.137  33.181  2.704 0.0000000000
18241  6.989  34.052  1.244 0.0000000000
18242  5.338  39.250  -0.773 0.0000000000
18243  6.212  37.302  -1.063 0.0000000000
18244  5.078  38.956  -2.028 0.0000000000
18245  5.069  38.450  -3.297 0.0000000000
18246  5.551  39.873  -2.904 0.0000000000
20427  11.198  35.063  16.667 0.0000000000
20428  9.577  35.457  16.391 0.0000000000
20429  10.921  35.868  15.603 0.0000000000
20448  12.460  38.838  12.011 0.0000000000
20450  11.472  38.056  12.476 0.0000000000
20451  10.295  37.554  13.143 0.0000000000
20452  9.992  38.529  11.966 0.0000000000
20453  8.364  39.244  11.779 0.0000000000
20454  9.722  39.510  10.876 0.0000000000
20455  10.408  41.399  8.069 0.0000000000
20456  9.073  41.396  8.719 0.0000000000
20457  8.864  41.976  7.591 0.0000000000
20458  7.072  42.463  6.974 0.0000000000
20459  8.656  42.163  6.327 0.0000000000
20463  12.141  42.003  2.564 0.0000000000
20464  11.991  41.833  3.725 0.0000000000
20465  10.602  41.782  3.019 0.0000000000
20466  8.862  42.009  3.555 0.0000000000
20467  9.175  41.984  2.255 0.0000000000
20468  7.683  42.150  1.359 0.0000000000
20469  9.461  41.928  1.111 0.0000000000
20470  11.616  40.735  -1.550 0.0000000000
20471  10.010  40.721  -1.142 0.0000000000
20472  10.381  40.015  -2.247 0.0000000000
20473  9.063  39.392  -3.087 0.0000000000
20474  10.713  39.409  -3.380 0.0000000000
23242  6.157  34.790  -3.556 0.0000000000
23243  6.512  32.981  -3.796 0.0000000000
23244  5.393  34.351  -4.771 0.0000000000
23245  4.678  33.904  -6.138 0.0000000000
23246  4.504  33.290  -7.426 0.0000000000
23247  4.834  32.583  -8.385 0.0000000000
23248  5.583  34.097  -8.058 0.0000000000
23249  7.277  34.453  -8.142 0.0000000000
23517  7.950  33.832  11.259 0.0000000000
23518  6.929  35.192  11.804 0.0000000000
23519  6.352  37.179  11.231 0.0000000000
23520  5.944  39.195  10.709 0.0000000000
25104  5.097  22.651  -8.828 0.0000000000
25106  7.343  28.192  -11.255 0.0000000000
25915  8.370  35.254  6.105 0.0000000000
25916  7.649  33.635  6.001 0.0000000000
25917  8.274  35.391  4.814 0.0000000000
25918  8.135  35.485  3.572 0.0000000000
25919  7.988  35.573  2.330 0.0000000000
25920  7.786  35.669  1.099 0.0000000000
25921  7.019  37.561  1.389 0.0000000000
25922  5.672  39.382  0.465 0.0000000000
25923  5.138  40.976  -0.435 0.0000000000
27247  12.201  39.662  10.846 0.0000000000
27248  10.845  39.892  10.237 0.0000000000
27249  11.991  40.367  9.745 0.0000000000
27250  11.900  41.014  8.624 0.0000000000
27251  11.789  41.470  7.474 0.0000000000
27255  13.391  42.687  2.100 0.0000000000
27256  12.223  42.123  1.474 0.0000000000
27257  11.008  41.779  0.756 0.0000000000
27258  12.492  42.000  0.224 0.0000000000
29277  6.019  31.350  -3.719 0.0000000000
29282  5.251  26.144  -6.903 0.0000000000
29283  4.894  25.549  -7.718 0.0000000000
29284  4.572  27.351  -8.170 0.0000000000
29285  4.451  28.474  -9.253 0.0000000000
29286  5.512  29.529  -9.914 0.0000000000
29287  5.424  31.816  -9.109 0.0000000000
29288  6.174  31.044  -9.642 0.0000000000
29289  7.096  30.312  -10.291 0.0000000000
29915  7.336  31.386  9.527 0.0000000000
29916  8.180  33.088  8.395 0.0000000000
29917  8.212  34.323  9.984 0.0000000000
29918  8.345  34.706  8.717 0.0000000000
29919  8.383  35.017  7.383 0.0000000000
29920  7.702  36.950  6.512 0.0000000000
29921  6.762  38.880  5.752 0.0000000000
29922  5.749  40.767  5.052 0.0000000000
32415  6.289  36.447  15.842 0.0000000000
33481  4.746  24.932  -8.596 0.0000000000
33482  4.860  24.349  -9.387 0.0000000000
33483  5.298  23.870  -10.182 0.0000000000
33484  6.780  26.616  -11.259 0.0000000000
33485  6.125  24.994  -11.228 0.0000000000
33486  5.740  23.411  -11.008 0.0000000000
35167  5.983  32.516  6.220 0.0000000000
35175  6.781  33.693  -1.153 0.0000000000
35176  7.389  35.570  -0.061 0.0000000000
35177  6.998  35.407  -1.261 0.0000000000
35178  6.643  35.135  -2.436 0.0000000000
35179  5.397  36.591  -3.385 0.0000000000
35180  5.106  37.822  -4.488 0.0000000000
35181  6.457  38.111  -5.011 0.0000000000
37825  7.866  36.095  16.214 0.0000000000
37826  7.526  37.000  15.142 0.0000000000
37851  10.622  36.676  14.398 0.0000000000
37852  8.977  37.253  14.105 0.0000000000
37853  7.214  37.939  13.931 0.0000000000
37854  6.953  38.889  12.746 0.0000000000
37855  6.727  39.765  11.518 0.0000000000
37856  6.501  40.566  10.232 0.0000000000
37857  9.361  40.541  9.814 0.0000000000
37858  7.734  41.217  9.483 0.0000000000
37859  6.248  41.264  8.893 0.0000000000
37860  5.917  41.876  7.507 0.0000000000
37861  5.724  42.128  6.072 0.0000000000
37862  5.708  42.242  4.597 0.0000000000
37865  11.770  41.706  6.220 0.0000000000
37866  13.328  42.228  4.473 0.0000000000
37867  11.908  41.714  4.933 0.0000000000
37868  10.267  41.788  5.578 0.0000000000
37869  8.691  42.093  4.905 0.0000000000
37870  7.113  42.451  4.139 0.0000000000
37871  5.762  42.330  3.128 0.0000000000
37872  5.869  42.254  1.717 0.0000000000
37873  6.130  41.924  0.349 0.0000000000
37874  6.431  41.449  -0.826 0.0000000000
37875  9.708  41.482  -0.054 0.0000000000
37876  8.258  41.145  -0.910 0.0000000000
37877  6.774  40.765  -1.944 0.0000000000
37878  7.254  39.756  -3.034 0.0000000000
37879  7.761  38.791  -4.007 0.0000000000
37880  8.273  37.933  -4.969 0.0000000000
37960  10.001  37.968  -5.454 0.0000000000
37961  8.954  37.027  -6.150 0.0000000000
41072  6.100  37.315  -5.834 0.0000000000
41073  5.588  36.750  -6.178 0.0000000000
41074  6.467  36.751  -6.330 0.0000000000
41075  6.787  36.291  -6.713 0.0000000000
41076  7.380  36.713  -6.296 0.0000000000
41222  5.901  36.378  14.958 0.0000000000
41223  5.952  35.761  14.543 0.0000000000
41224  5.964  36.675  14.269 0.0000000000
41225  5.980  36.968  13.620 0.0000000000
41226  6.113  37.481  13.980 0.0000000000
42106  4.966  24.076  -6.678 0.0000000000
42557  6.053  40.071  4.051 0.0000000000
42558  6.533  39.230  3.763 0.0000000000
42559  5.937  40.168  3.356 0.0000000000
42560  5.761  40.195  2.681 0.0000000000
42561  5.467  41.046  2.952 0.0000000000
44497  6.194  32.881  -1.625 0.0000000000
44499  6.306  32.580  -2.343 0.0000000000
44500  4.624  31.819  -6.913 0.0000000000
44501  5.205  31.203  -6.388 0.0000000000
44502  4.760  30.926  -6.919 0.0000000000
44503  4.967  30.029  -6.913 0.0000000000
44504  4.470  30.631  -7.497 0.0000000000
44505  4.247  30.368  -8.001 0.0000000000
44506  4.324  31.243  -8.001 0.0000000000
44955  8.348  31.475  11.317 0.0000000000
44956  8.447  32.210  11.463 0.0000000000
44957  6.156  38.744  9.595 0.0000000000
44958  6.543  37.960  9.180 0.0000000000
44959  6.249  38.956  8.881 0.0000000000
44960  6.294  39.155  8.185 0.0000000000
44961  6.039  39.922  8.564 0.0000000000
47601  5.457  21.947  -10.042 0.0000000000
47602  5.677  28.367  -10.231 0.0000000000
47603  5.438  27.531  -10.235 0.0000000000
47604  6.174  28.001  -10.514 0.0000000000
48952  7.402  32.528  7.822 0.0000000000
48953  6.626  31.956  7.924 0.0000000000
48954  7.207  32.658  7.212 0.0000000000
48955  7.151  33.982  2.996 0.0000000000
48956  6.283  33.433  3.745 0.0000000000
48957  6.214  33.509  3.135 0.0000000000
48958  5.184  33.147  3.319 0.0000000000
48959  6.146  33.554  2.555 0.0000000000
48960  6.114  33.583  1.963 0.0000000000
48961  7.056  34.086  1.819 0.0000000000
48962  4.976  40.097  -1.262 0.0000000000
48963  5.227  39.119  -1.395 0.0000000000
48964  5.077  39.830  -1.867 0.0000000000
48965  5.091  39.590  -2.522 0.0000000000
48966  5.361  40.287  -2.285 0.0000000000
51148  11.067  35.491  16.134 0.0000000000
51149  11.667  35.802  15.821 0.0000000000
51168  11.837  38.817  11.597 0.0000000000
51169  11.982  38.409  12.220 0.0000000000
51170  11.311  38.497  11.874 0.0000000000
51171  10.751  38.243  12.185 0.0000000000
51172  10.609  38.734  11.596 0.0000000000
51173  9.856  39.022  11.429 0.0000000000
51174  10.449  39.209  11.065 0.0000000000
51175  10.370  41.624  7.467 0.0000000000
51176  9.667  41.685  7.805 0.0000000000
51177  9.552  41.835  7.202 0.0000000000
51178  8.722  42.103  6.958 0.0000000000
51179  9.489  41.920  6.575 0.0000000000
51183  11.485  41.894  2.243 0.0000000000
51184  11.406  41.829  2.789 0.0000000000
51185  10.715  41.845  2.442 0.0000000000
51186  9.895  41.880  2.652 0.0000000000
51187  10.025  41.901  2.080 0.0000000000
51188  9.303  41.980  1.679 0.0000000000
51189  10.122  41.916  1.522 0.0000000000
51190  11.689  40.539  -2.146 0.0000000000
51191  10.968  40.376  -1.892 0.0000000000
51192  11.137  40.096  -2.460 0.0000000000
51193  10.554  39.721  -2.820 0.0000000000
51194  11.276  39.878  -3.059 0.0000000000
54097  5.504  35.476  -3.997 0.0000000000
54098  5.822  34.567  -4.172 0.0000000000
54099  5.191  35.269  -4.639 0.0000000000
54100  4.785  35.363  -6.630 0.0000000000
54101  4.651  34.787  -6.035 0.0000000000
54102  4.644  34.496  -6.729 0.0000000000
54103  4.489  33.629  -6.790 0.0000000000
54104  4.667  34.178  -7.383 0.0000000000
54105  4.923  33.773  -7.809 0.0000000000
54106  5.310  34.511  -7.668 0.0000000000
54107  7.501  35.405  -7.446 0.0000000000
54108  6.979  34.845  -7.787 0.0000000000
54109  7.837  35.004  -7.804 0.0000000000
54110  8.112  34.667  -8.259 0.0000000000
54111  8.589  35.241  -8.000 0.0000000000
54555  7.293  34.264  12.145 0.0000000000
54556  6.811  34.935  12.445 0.0000000000
54557  6.060  37.599  12.292 0.0000000000
54558  6.274  36.911  11.898 0.0000000000
54559  6.057  37.895  11.653 0.0000000000
54560  6.099  38.196  10.964 0.0000000000
54561  5.978  38.873  11.385 0.0000000000
57197  4.896  22.559  -7.180 0.0000000000
57199  4.976  22.302  -7.627 0.0000000000
57200  5.057  22.049  -8.072 0.0000000000
57201  4.996  22.916  -8.418 0.0000000000
58552  8.118  36.208  5.643 0.0000000000
58553  8.330  35.332  5.448 0.0000000000
58554  8.131  36.304  4.979 0.0000000000
58555  7.455  37.482  3.249 0.0000000000
58556  7.991  36.477  3.668 0.0000000000
58557  7.908  36.477  3.075 0.0000000000
58558  8.104  35.528  2.958 0.0000000000
58559  7.761  36.511  2.454 0.0000000000
58560  7.641  36.549  1.806 0.0000000000
58561  7.184  37.504  2.006 0.0000000000
58562  5.508  40.285  1.341 0.0000000000
58563  5.849  39.387  1.108 0.0000000000
58564  5.326  40.284  0.684 0.0000000000
58565  5.228  40.231  0.002 0.0000000000
58566  5.213  41.045  0.228 0.0000000000
60773  12.084  40.021  10.303 0.0000000000
60777  12.560  41.251  8.394 0.0000000000
60778  11.859  41.266  8.053 0.0000000000
60779  12.510  41.463  7.811 0.0000000000
60785  13.410  42.760  1.517 0.0000000000
60786  12.823  42.374  1.780 0.0000000000
60787  12.895  42.380  1.188 0.0000000000
60788  12.342  42.124  0.844 0.0000000000
60789  13.004  42.401  0.546 0.0000000000
64380  6.248  32.798  -4.459 0.0000000000
64381  6.439  32.128  -3.833 0.0000000000
64382  6.271  31.906  -4.473 0.0000000000
64383  5.965  29.966  -5.038 0.0000000000
64384  5.761  30.268  -4.344 0.0000000000
64390  5.393  28.280  -6.833 0.0000000000
64391  5.492  27.670  -5.965 0.0000000000
64392  5.388  27.361  -6.582 0.0000000000
64393  5.302  26.448  -6.324 0.0000000000
64394  5.257  27.036  -7.141 0.0000000000
64395  4.970  26.748  -7.572 0.0000000000
64396  4.791  27.638  -7.728 0.0000000000
64397  4.361  29.722  -8.920 0.0000000000
64398  4.295  28.808  -8.832 0.0000000000
64399  4.535  29.386  -9.334 0.0000000000
64400  4.879  29.024  -9.644 0.0000000000
64401  5.113  29.878  -9.631 0.0000000000
64402  5.503  32.943  -8.619 0.0000000000
64403  5.123  32.211  -8.785 0.0000000000
64404  5.841  32.522  -8.921 0.0000000000
64405  7.413  32.038  -9.630 0.0000000000
64406  6.603  31.747  -9.481 0.0000000000
64407  6.985  31.377  -9.832 0.0000000000
64408  6.628  30.668  -9.947 0.0000000000
64409  7.432  31.033  -10.191 0.0000000000
65747  8.204  31.840  10.135 0.0000000000
65748  7.553  31.195  10.090 0.0000000000
65749  7.966  32.029  9.537 0.0000000000
65750  7.813  32.197  8.935 0.0000000000
65751  8.281  32.919  9.001 0.0000000000
65752  7.576  34.762  10.894 0.0000000000
65753  8.078  34.064  10.630 0.0000000000
65754  7.735  35.027  10.244 0.0000000000
65755  7.524  36.435  8.537 0.0000000000
65756  7.953  35.489  8.926 0.0000000000
65757  8.060  35.647  8.272 0.0000000000
65758  8.370  34.872  8.045 0.0000000000
65759  8.075  35.811  7.603 0.0000000000
65760  8.129  35.951  6.952 0.0000000000
65761  7.667  36.790  7.188 0.0000000000
65762  6.320  39.538  6.771 0.0000000000
65763  6.780  38.759  6.427 0.0000000000
65764  6.313  39.654  6.074 0.0000000000
65765  6.248  39.807  5.402 0.0000000000
65766  5.854  40.618  5.751 0.0000000000
73687  4.620  26.141  -8.386 0.0000000000
73688  4.769  25.225  -8.173 0.0000000000
73689  4.593  25.827  -8.822 0.0000000000
73690  5.079  25.862  -10.152 0.0000000000
73691  4.834  25.256  -9.624 0.0000000000
73692  5.065  24.987  -9.983 0.0000000000
73693  5.083  24.102  -9.767 0.0000000000
73694  5.329  24.729  -10.357 0.0000000000
73696  7.035  27.410  -11.262 0.0000000000
73699  6.710  25.567  -11.739 0.0000000000
73700  6.377  24.777  -11.706 0.0000000000
73701  5.890  24.194  -11.131 0.0000000000
73702  6.118  23.999  -11.623 0.0000000000
73703  5.890  23.210  -11.458 0.0000000000
77745  7.521  33.727  5.398 0.0000000000
77746  6.881  33.011  6.084 0.0000000000
77747  6.712  33.140  5.494 0.0000000000
77762  6.123  33.466  0.767 0.0000000000
77764  6.109  33.372  0.173 0.0000000000
77765  6.134  33.190  -0.404 0.0000000000
77766  6.817  33.827  -0.539 0.0000000000
77767  7.304  36.537  0.626 0.0000000000
77768  7.574  35.617  0.521 0.0000000000
77769  7.126  36.499  0.017 0.0000000000
77770  5.974  37.172  -1.663 0.0000000000
77771  6.691  36.330  -1.201 0.0000000000
77772  6.450  36.213  -1.778 0.0000000000
77773  6.845  35.286  -1.857 0.0000000000
77774  6.208  36.075  -2.345 0.0000000000
77775  6.018  35.879  -2.901 0.0000000000
77776  5.593  36.815  -2.841 0.0000000000
77777  5.324  38.871  -3.729 0.0000000000
77778  5.034  38.180  -3.885 0.0000000000
77779  5.409  38.525  -4.307 0.0000000000
77780  5.588  38.119  -4.855 0.0000000000
77781  6.229  38.511  -4.521 0.0000000000
84318  10.651  34.345  17.517 0.0000000000
84324  9.034  34.815  17.315 0.0000000000
84325  9.432  35.873  15.869 0.0000000000
84326  8.730  35.758  16.305 0.0000000000
84327  8.599  36.219  15.748 0.0000000000
84328  7.670  36.557  15.731 0.0000000000
84329  8.409  36.671  15.214 0.0000000000
84386  12.337  37.631  13.399 0.0000000000
84388  12.499  37.280  14.028 0.0000000000
84390  11.981  36.883  14.286 0.0000000000
84391  11.406  36.553  14.600 0.0000000000
84392  11.241  36.929  14.005 0.0000000000
84393  9.500  37.883  12.980 0.0000000000
84394  9.657  37.383  13.590 0.0000000000
84395  8.821  37.747  13.527 0.0000000000
84396  8.099  37.638  14.050 0.0000000000
84397  7.920  38.125  13.466 0.0000000000
84398  7.068  38.388  13.347 0.0000000000
84399  7.747  38.614  12.893 0.0000000000
84400  8.266  39.733  11.186 0.0000000000
84401  7.512  39.593  11.669 0.0000000000
84402  7.400  40.040  11.076 0.0000000000
84403  6.615  40.182  10.875 0.0000000000
84404  7.248  40.496  10.467 0.0000000000
84405  10.687  40.364  9.694 0.0000000000
84406  10.088  40.219  10.005 0.0000000000
84407  9.958  40.661  9.460 0.0000000000
84408  8.242  41.757  8.525 0.0000000000
84409  8.404  41.335  9.095 0.0000000000
84410  7.541  41.631  8.905 0.0000000000
84411  6.892  41.366  9.259 0.0000000000
84412  6.692  41.809  8.650 0.0000000000
84413  6.091  41.629  8.224 0.0000000000
84414  6.546  42.105  7.975 0.0000000000
84415  7.020  42.530  6.237 0.0000000000
84416  6.238  42.514  6.542 0.0000000000
84417  6.241  42.474  5.810 0.0000000000
84418  5.678  42.206  5.338 0.0000000000
84419  6.212  42.543  5.094 0.0000000000
84426  12.474  41.762  6.595 0.0000000000
84427  12.519  41.846  5.951 0.0000000000
84430  13.378  42.311  3.866 0.0000000000
84431  11.198  41.705  3.974 0.0000000000
84432  11.959  41.743  4.320 0.0000000000
84433  11.159  41.691  4.618 0.0000000000
84434  11.088  41.704  5.262 0.0000000000
84435  10.325  41.758  4.931 0.0000000000
84436  9.472  41.916  5.235 0.0000000000
84437  9.545  41.889  4.579 0.0000000000
84438  8.107  42.151  3.119 0.0000000000
84439  7.981  42.212  3.825 0.0000000000
84440  7.233  42.368  3.393 0.0000000000
84441  6.394  42.472  3.645 0.0000000000
84442  6.469  42.489  2.912 0.0000000000
84443  5.830  42.274  2.427 0.0000000000
84444  6.609  42.351  2.209 0.0000000000
84445  7.788  42.022  0.776 0.0000000000
84446  6.862  42.107  0.837 0.0000000000
84447  6.989  41.921  0.251 0.0000000000
84448  6.232  41.750  -0.279 0.0000000000
84449  7.144  41.708  -0.334 0.0000000000
84450  11.157  41.562  0.171 0.0000000000
84451  10.377  41.629  0.364 0.0000000000
84452  10.541  41.362  -0.234 0.0000000000
84453  9.294  40.469  -1.563 0.0000000000
84454  9.147  40.892  -1.017 0.0000000000
84455  8.419  40.714  -1.472 0.0000000000
84456  7.509  40.957  -1.419 0.0000000000
84457  7.701  40.521  -1.946 0.0000000000
84458  6.997  40.254  -2.496 0.0000000000
84459  7.928  40.037  -2.503 0.0000000000
84460  9.292  38.991  -3.614 0.0000000000
84461  8.412  39.099  -3.523 0.0000000000
84462  8.646  38.690  -4.044 0.0000000000
84463  8.010  38.362  -4.488 0.0000000000
84464  8.900  38.278  -4.521 0.0000000000
84666  9.465  37.499  -5.793 0.0000000000
84668  9.204  36.742  -6.654 0.0000000000
92362  4.929  36.787  -5.126 0.0000000000
92363  4.818  35.946  -5.217 0.0000000000
92364  4.943  36.514  -5.816 0.0000000000
92365  5.135  36.100  -6.437 0.0000000000
92366  5.432  35.631  -7.016 0.0000000000
92367  5.734  35.202  -7.460 0.0000000000
92368  6.242  35.784  -7.112 0.0000000000
92369  7.138  35.840  -7.093 0.0000000000
92370  8.037  35.915  -7.078 0.0000000000
92636  6.326  35.335  13.469 0.0000000000
92637  6.435  35.594  12.830 0.0000000000
92638  6.149  36.306  13.213 0.0000000000
92639  6.042  37.261  12.930 0.0000000000
92640  6.029  38.219  12.693 0.0000000000
94224  4.940  23.453  -7.511 0.0000000000
95035  7.175  38.162  4.824 0.0000000000
95036  7.656  37.291  4.573 0.0000000000
95037  7.117  38.256  4.174 0.0000000000
95038  6.986  38.377  3.499 0.0000000000
95039  6.839  38.427  2.863 0.0000000000
95040  6.680  38.441  2.221 0.0000000000
95041  6.204  39.329  2.449 0.0000000000
95042  5.619  40.243  1.990 0.0000000000
95043  5.255  41.169  1.577 0.0000000000
96377  13.565  42.795  0.270 0.0000000000
98532  5.415  32.350  -5.716 0.0000000000
98533  6.046  31.702  -5.183 0.0000000000
98534  5.684  31.471  -5.820 0.0000000000
98535  5.822  30.591  -5.822 0.0000000000
98536  5.782  29.713  -5.718 0.0000000000
98537  5.700  28.812  -5.552 0.0000000000
98538  5.645  29.448  -6.367 0.0000000000
98539  5.214  29.151  -6.906 0.0000000000
98540  4.800  28.825  -7.444 0.0000000000
98541  4.587  28.528  -7.862 0.0000000000
98542  4.406  29.434  -7.945 0.0000000000
98543  4.267  30.036  -8.464 0.0000000000
98544  4.455  30.607  -8.969 0.0000000000
98545  7.113  33.461  -8.730 0.0000000000
98546  6.637  32.795  -8.989 0.0000000000
98547  7.490  33.086  -9.068 0.0000000000
98548  7.826  32.787  -9.517 0.0000000000
99353  8.254  31.659  10.733 0.0000000000
99354  8.436  32.557  10.248 0.0000000000
99355  6.854  36.669  10.151 0.0000000000
99356  7.357  35.943  9.815 0.0000000000
99357  6.917  36.932  9.490 0.0000000000
99358  6.995  37.203  8.841 0.0000000000
99359  7.098  37.423  8.158 0.0000000000
99360  7.164  37.657  7.472 0.0000000000
99361  6.697  38.405  7.814 0.0000000000
99362  6.323  39.368  7.483 0.0000000000
99363  5.992  40.309  7.172 0.0000000000
104116  4.600  27.320  -9.559 0.0000000000
104117  4.592  26.428  -9.403 0.0000000000
104118  4.838  27.012  -9.921 0.0000000000
104119  5.250  26.679  -10.192 0.0000000000
104120  5.666  26.376  -10.514 0.0000000000
106546  6.345  31.064  9.073 0.0000000000
106548  6.102  31.281  8.552 0.0000000000
106549  5.865  31.494  8.056 0.0000000000
106550  5.629  31.713  7.509 0.0000000000
106551  7.307  33.891  4.215 0.0000000000
106552  6.546  33.258  4.924 0.0000000000
106553  6.412  33.322  4.351 0.0000000000
106554  5.409  32.930  4.502 0.0000000000
106562  6.113  33.531  1.389 0.0000000000
106563  6.901  33.993  0.648 0.0000000000
106564  5.938  38.368  -0.290 0.0000000000
106565  6.440  37.394  -0.453 0.0000000000
106566  5.728  38.277  -0.916 0.0000000000
106567  5.546  38.145  -1.530 0.0000000000
106568  5.404  37.977  -2.153 0.0000000000
106569  5.232  37.758  -2.765 0.0000000000
106570  5.098  38.707  -2.681 0.0000000000
106571  5.154  39.279  -3.197 0.0000000000
106572  5.702  39.511  -3.535 0.0000000000
110497  10.542  34.797  16.995 0.0000000000
110498  9.737  35.027  16.869 0.0000000000
110499  10.420  35.243  16.477 0.0000000000
110500  10.276  35.633  15.973 0.0000000000
110501  10.128  36.027  15.435 0.0000000000
110536  12.606  38.429  12.610 0.0000000000
110537  12.158  37.996  12.826 0.0000000000
110538  11.626  37.628  13.085 0.0000000000
110539  11.055  37.322  13.395 0.0000000000
110540  10.910  37.773  12.768 0.0000000000
110541  10.137  38.038  12.553 0.0000000000
110542  9.341  38.386  12.414 0.0000000000
110543  8.496  38.741  12.373 0.0000000000
110544  9.207  38.866  11.869 0.0000000000
110545  9.083  39.369  11.297 0.0000000000
110546  8.928  39.886  10.758 0.0000000000
110547  10.485  41.100  8.623 0.0000000000
110548  9.854  41.040  8.915 0.0000000000
110549  9.748  41.406  8.377 0.0000000000
110550  8.964  41.747  8.162 0.0000000000
110551  8.116  42.074  7.952 0.0000000000
110552  7.191  42.341  7.657 0.0000000000
110553  7.961  42.276  7.324 0.0000000000
110554  7.835  42.383  6.658 0.0000000000
110555  7.833  42.359  5.934 0.0000000000
110561  12.766  42.172  2.897 0.0000000000
110562  12.721  42.071  3.488 0.0000000000
110563  12.079  41.892  3.131 0.0000000000
110564  11.294  41.775  3.372 0.0000000000
110565  10.462  41.766  3.646 0.0000000000
110566  9.598  41.853  3.943 0.0000000000
110567  9.726  41.855  3.289 0.0000000000
110568  9.028  41.986  2.883 0.0000000000
110569  8.289  42.121  2.458 0.0000000000
110570  7.537  42.224  1.997 0.0000000000
110571  8.447  42.077  1.821 0.0000000000
110572  8.600  42.038  1.226 0.0000000000
110573  8.696  41.875  0.678 0.0000000000
110574  11.475  41.022  -0.984 0.0000000000
110575  10.694  40.982  -0.753 0.0000000000
110576  10.842  40.649  -1.304 0.0000000000
110577  10.184  40.340  -1.699 0.0000000000
110578  9.513  40.091  -2.106 0.0000000000
110579  8.829  39.824  -2.549 0.0000000000
110580  9.750  39.685  -2.635 0.0000000000
110581  9.931  39.320  -3.204 0.0000000000
110582  10.107  39.024  -3.761 0.0000000000
115672  6.733  34.056  -3.050 0.0000000000
115673  6.688  33.187  -3.104 0.0000000000
115674  6.415  33.867  -3.697 0.0000000000
115675  6.138  33.669  -4.357 0.0000000000
115676  5.675  33.460  -4.951 0.0000000000
115677  4.911  35.033  -5.329 0.0000000000
115678  5.041  34.122  -5.448 0.0000000000
115679  5.186  33.211  -5.568 0.0000000000
115680  4.801  32.991  -6.221 0.0000000000
115681  4.454  32.731  -6.845 0.0000000000
115682  4.357  32.411  -7.469 0.0000000000
115683  4.424  32.110  -8.000 0.0000000000
115684  4.523  32.980  -7.959 0.0000000000
115685  5.193  33.351  -8.239 0.0000000000
115686  5.953  33.632  -8.364 0.0000000000
115687  6.094  34.712  -7.778 0.0000000000
115688  6.391  34.285  -8.101 0.0000000000
115689  6.769  33.856  -8.414 0.0000000000
115690  7.610  34.065  -8.471 0.0000000000
116312  8.080  32.773  12.273 0.0000000000
116313  8.252  32.947  11.647 0.0000000000
116314  7.795  33.637  11.870 0.0000000000
116315  7.438  34.516  11.506 0.0000000000
116316  7.035  35.445  11.171 0.0000000000
116317  6.519  35.891  12.142 0.0000000000
116318  6.630  36.172  11.504 0.0000000000
116319  6.751  36.408  10.809 0.0000000000
116320  6.399  37.464  10.536 0.0000000000
116321  6.106  38.484  10.292 0.0000000000
116322  5.973  39.458  10.002 0.0000000000
120016  5.090  21.181  -7.733 0.0000000000
120017  5.185  21.817  -8.510 0.0000000000
120018  5.200  22.412  -9.244 0.0000000000
120019  7.238  29.224  -10.769 0.0000000000
120020  6.941  28.461  -10.822 0.0000000000
121909  8.254  34.288  6.614 0.0000000000
121910  7.787  33.502  6.575 0.0000000000
121911  8.201  34.394  5.981 0.0000000000
121912  8.121  34.449  5.362 0.0000000000
121913  8.030  34.531  4.747 0.0000000000
121914  8.035  36.393  4.332 0.0000000000
121915  8.275  35.438  4.167 0.0000000000
121916  7.974  34.574  4.142 0.0000000000
121917  7.910  34.596  3.540 0.0000000000
121918  7.811  34.684  2.941 0.0000000000
121919  7.763  34.752  2.317 0.0000000000
121920  7.669  34.791  1.712 0.0000000000
121921  7.810  35.647  1.726 0.0000000000
121922  7.455  36.576  1.225 0.0000000000
121923  6.842  37.507  0.779 0.0000000000
121924  6.511  38.468  1.567 0.0000000000
121925  6.319  38.486  0.935 0.0000000000
121926  6.124  38.434  0.332 0.0000000000
121927  5.481  39.321  -0.152 0.0000000000
121928  5.127  40.171  -0.621 0.0000000000
121929  5.238  40.775  -1.065 0.0000000000
125016  12.345  39.240  11.420 0.0000000000
125017  11.658  39.305  11.050 0.0000000000
125018  10.959  39.446  10.765 0.0000000000
125019  11.528  39.734  10.512 0.0000000000
125020  11.405  40.148  9.961 0.0000000000
125021  11.302  40.520  9.425 0.0000000000
125023  11.931  40.710  9.187 0.0000000000
125024  11.216  40.857  8.881 0.0000000000
125025  11.146  41.170  8.340 0.0000000000
125026  11.103  41.409  7.762 0.0000000000
125027  11.043  41.580  7.151 0.0000000000
125035  13.380  42.579  2.679 0.0000000000
125036  12.804  42.296  2.345 0.0000000000
125037  12.170  42.090  2.035 0.0000000000
125038  11.535  41.962  1.696 0.0000000000
125039  10.897  41.892  1.339 0.0000000000
125040  11.628  41.954  1.134 0.0000000000
125041  11.757  41.817  0.526 0.0000000000
125042  11.908  41.645  -0.084 0.0000000000
125043  13.101  42.330  -0.067 0.0000000000
125044  12.594  41.857  -0.368 0.0000000000
125045  12.079  41.392  -0.674 0.0000000000
125046  12.173  41.196  -1.253 0.0000000000
129933  6.331  32.388  -3.082 0.0000000000
129936  6.251  31.013  -4.444 0.0000000000
129950  5.116  25.266  -6.550 0.0000000000
129951  5.072  24.961  -6.993 0.0000000000
129952  5.109  25.843  -7.309 0.0000000000
129953  4.733  26.450  -7.983 0.0000000000
129954  4.458  27.042  -8.586 0.0000000000
129955  4.409  28.231  -8.293 0.0000000000
129956  4.268  27.921  -8.732 0.0000000000
129957  4.413  27.605  -9.145 0.0000000000
129958  4.656  28.147  -9.658 0.0000000000
129959  5.247  28.710  -9.944 0.0000000000
129960  5.961  29.155  -10.151 0.0000000000
129961  4.511  31.810  -8.524 0.0000000000
129962  4.765  31.411  -8.876 0.0000000000
129963  5.068  31.051  -9.228 0.0000000000
129964  6.212  32.122  -9.188 0.0000000000
129965  5.807  31.420  -9.373 0.0000000000
129966  5.405  30.697  -9.536 0.0000000000
129967  5.843  30.295  -9.792 0.0000000000
129968  6.303  29.926  -10.042 0.0000000000
129969  6.761  29.558  -10.376 0.0000000000
129970  7.575  29.968  -10.677 0.0000000000
131668  7.092  31.579  8.985 0.0000000000
131669  7.595  32.348  8.383 0.0000000000
131670  8.068  33.213  7.796 0.0000000000
131671  8.342  33.136  11.035 0.0000000000
131672  8.450  33.310  10.392 0.0000000000
131673  8.447  33.505  9.775 0.0000000000
131674  7.862  35.291  9.578 0.0000000000
131675  8.285  34.545  9.359 0.0000000000
131676  8.460  33.723  9.164 0.0000000000
131677  8.446  33.896  8.530 0.0000000000
131678  8.388  34.042  7.877 0.0000000000
131679  8.339  34.163  7.237 0.0000000000
131680  8.347  35.141  6.754 0.0000000000
131681  8.120  36.112  6.293 0.0000000000
131682  7.720  37.075  5.859 0.0000000000
131683  7.215  37.805  6.791 0.0000000000
131684  7.252  37.933  6.115 0.0000000000
131685  7.230  38.060  5.459 0.0000000000
131686  6.705  39.006  5.100 0.0000000000
131687  6.148  39.963  4.728 0.0000000000
131688  5.677  40.867  4.361 0.0000000000
138501  6.241  36.787  15.206 0.0000000000
141583  4.992  24.662  -7.442 0.0000000000
141584  4.887  24.354  -7.866 0.0000000000
141585  4.861  24.067  -8.318 0.0000000000
141586  4.617  25.527  -9.250 0.0000000000
141587  4.781  24.652  -9.010 0.0000000000
141588  4.902  23.778  -8.733 0.0000000000
141589  4.991  23.493  -9.124 0.0000000000
141590  5.109  23.235  -9.571 0.0000000000
141591  5.290  23.021  -9.947 0.0000000000
141592  6.625  27.654  -10.817 0.0000000000
141593  6.357  26.888  -10.862 0.0000000000
141594  6.075  26.076  -10.876 0.0000000000
141596  6.445  25.802  -11.288 0.0000000000
141597  5.840  25.249  -10.835 0.0000000000
141598  5.644  24.449  -10.726 0.0000000000
141599  5.502  23.647  -10.589 0.0000000000
141600  5.456  22.815  -10.362 0.0000000000
141601  5.600  22.599  -10.767 0.0000000000
141602  5.764  22.390  -11.208 0.0000000000
146515  7.035  32.864  6.657 0.0000000000
146516  6.209  32.344  6.780 0.0000000000
146518  5.765  32.668  5.655 0.0000000000
146540  6.148  33.053  -1.006 0.0000000000
146541  6.836  33.511  -1.770 0.0000000000
146542  7.565  34.798  1.120 0.0000000000
146543  7.540  34.716  0.503 0.0000000000
146544  7.325  34.646  -0.056 0.0000000000
146545  6.890  36.431  -0.578 0.0000000000
146546  7.261  35.476  -0.655 0.0000000000
146547  7.199  34.613  -0.651 0.0000000000
146548  7.153  34.511  -1.276 0.0000000000
146549  6.948  34.370  -1.849 0.0000000000
146550  6.860  34.237  -2.463 0.0000000000
146551  6.399  34.966  -2.985 0.0000000000
146552  5.779  35.682  -3.454 0.0000000000
146553  5.216  36.385  -3.961 0.0000000000
146554  5.162  37.515  -3.358 0.0000000000
146555  5.055  37.280  -3.964 0.0000000000
146556  4.890  37.060  -4.562 0.0000000000
146557  5.132  37.549  -5.073 0.0000000000
146558  5.849  37.706  -5.332 0.0000000000
146559  6.769  37.625  -5.445 0.0000000000
154437  8.881  35.291  16.810 0.0000000000
154438  8.024  35.629  16.719 0.0000000000
154439  7.144  35.917  16.650 0.0000000000
154440  6.949  36.375  16.169 0.0000000000
154441  6.867  36.777  15.549 0.0000000000
154442  6.730  37.229  14.975 0.0000000000
154515  11.530  36.170  15.228 0.0000000000
154516  10.798  36.263  14.993 0.0000000000
154517  9.971  36.477  14.831 0.0000000000
154518  10.450  37.074  13.778 0.0000000000
154519  9.808  36.917  14.225 0.0000000000
154520  9.121  36.792  14.703 0.0000000000
154521  8.245  37.154  14.623 0.0000000000
154522  7.389  37.498  14.545 0.0000000000
154523  6.602  37.632  14.323 0.0000000000
154524  6.489  38.036  13.719 0.0000000000
154525  6.395  38.486  13.114 0.0000000000
154526  6.349  38.861  12.466 0.0000000000
154527  7.642  39.104  12.266 0.0000000000
154528  6.859  39.311  12.111 0.0000000000
154529  6.204  39.301  11.881 0.0000000000
154530  6.177  39.629  11.180 0.0000000000
154531  6.121  39.987  10.506 0.0000000000
154532  6.040  40.294  9.815 0.0000000000
154533  10.282  39.686  10.537 0.0000000000
154534  9.530  40.054  10.354 0.0000000000
154535  8.771  40.385  10.211 0.0000000000
154536  9.229  40.989  9.242 0.0000000000
154537  8.597  40.866  9.653 0.0000000000
154538  7.933  40.710  10.059 0.0000000000
154539  7.044  40.973  9.879 0.0000000000
154540  6.343  40.931  9.567 0.0000000000
154541  6.037  40.544  9.099 0.0000000000
154542  5.926  40.867  8.406 0.0000000000
154543  5.888  41.043  7.711 0.0000000000
154544  5.766  41.244  6.988 0.0000000000
154545  6.399  42.337  7.256 0.0000000000
154546  5.833  42.010  6.773 0.0000000000
154547  5.643  41.375  6.278 0.0000000000
154548  5.622  41.491  5.551 0.0000000000
154549  5.515  41.644  4.831 0.0000000000
154550  5.457  41.697  4.131 0.0000000000
154557  12.468  41.603  7.221 0.0000000000
154558  11.754  41.611  6.865 0.0000000000
154559  11.035  41.679  6.522 0.0000000000
154562  13.305  42.134  5.081 0.0000000000
154563  12.725  41.953  4.072 0.0000000000
154564  12.653  41.914  4.688 0.0000000000
154565  12.598  41.888  5.308 0.0000000000
154566  11.836  41.761  5.568 0.0000000000
154567  11.053  41.729  5.867 0.0000000000
154568  10.279  41.768  6.213 0.0000000000
154569  9.442  41.949  5.921 0.0000000000
154570  8.650  42.140  5.596 0.0000000000
154571  7.834  42.334  5.244 0.0000000000
154572  8.765  42.046  4.242 0.0000000000
154573  7.876  42.284  4.557 0.0000000000
154574  7.017  42.476  4.834 0.0000000000
154575  6.263  42.514  4.367 0.0000000000
154576  5.672  42.357  3.859 0.0000000000
154577  5.450  41.779  3.390 0.0000000000
154578  5.335  41.896  2.664 0.0000000000
154579  5.431  41.821  1.975 0.0000000000
154580  5.470  41.796  1.270 0.0000000000
154581  6.754  42.239  1.516 0.0000000000
154582  6.035  42.089  1.017 0.0000000000
154583  5.431  41.730  0.596 0.0000000000
154584  5.557  41.533  -0.057 0.0000000000
154585  5.641  41.371  -0.697 0.0000000000
154586  5.763  41.121  -1.311 0.0000000000
154587  10.243  41.827  0.949 0.0000000000
154588  9.567  41.742  0.541 0.0000000000
154589  8.834  41.635  0.136 0.0000000000
154590  9.868  41.103  -0.602 0.0000000000
154591  8.992  41.298  -0.462 0.0000000000
154592  8.083  41.518  -0.374 0.0000000000
154593  7.330  41.350  -0.888 0.0000000000
154594  6.595  41.147  -1.404 0.0000000000
154595  5.923  40.800  -1.882 0.0000000000
154596  6.058  40.434  -2.481 0.0000000000
154597  6.303  39.937  -3.029 0.0000000000
154598  6.562  39.426  -3.544 0.0000000000
154599  8.164  39.556  -3.027 0.0000000000
154600  7.485  39.266  -3.529 0.0000000000
154601  6.836  38.933  -4.050 0.0000000000
154602  7.112  38.454  -4.528 0.0000000000
154603  7.388  37.989  -4.977 0.0000000000
154604  7.684  37.535  -5.425 0.0000000000
154840  10.861  39.167  -4.121 0.0000000000
154841  10.348  38.672  -4.421 0.0000000000
154843  10.506  38.470  -5.183 0.0000000000
154844  9.770  38.292  -4.783 0.0000000000
154845  9.178  37.880  -5.146 0.0000000000
154846  8.607  37.440  -5.522 0.0000000000
154847  8.047  37.022  -5.954 0.0000000000
154848  8.343  36.613  -6.388 0.0000000000
154849  8.608  36.321  -6.865 0.0000000000
154850  8.881  36.024  -7.318 0.0000000000
