#!ascii label  , from subject studyTemplate vox2ras=TkReg
810
144  46.827  -18.411  2.542 0.0000000000
145  36.755  -29.525  14.312 0.0000000000
590  41.084  -23.197  8.954 0.0000000000
1309  38.822  -26.226  12.026 0.0000000000
1310  46.254  -22.372  8.572 0.0000000000
1311  43.272  -26.472  9.513 0.0000000000
1788  51.026  -14.117  5.065 0.0000000000
1789  51.909  -10.264  1.045 0.0000000000
2403  40.006  -25.147  2.146 0.0000000000
2405  37.236  -26.852  5.985 0.0000000000
2406  43.600  -20.791  5.744 0.0000000000
2407  49.131  -18.219  7.455 0.0000000000
3227  34.346  -29.298  14.371 0.0000000000
3228  35.356  -28.156  12.742 0.0000000000
3229  37.756  -27.861  13.294 0.0000000000
3230  41.601  -26.305  11.427 0.0000000000
3231  40.119  -28.262  12.135 0.0000000000
3939  53.620  -13.684  4.089 0.0000000000
3940  54.121  -11.465  2.880 0.0000000000
5365  37.798  -26.141  9.315 0.0000000000
5366  35.758  -27.351  7.936 0.0000000000
5367  39.116  -25.303  7.462 0.0000000000
5368  40.473  -24.472  5.628 0.0000000000
5369  42.215  -21.922  7.329 0.0000000000
5370  46.014  -18.621  7.531 0.0000000000
5371  44.953  -20.386  8.845 0.0000000000
5372  47.927  -22.394  6.063 0.0000000000
5373  49.316  -20.227  5.543 0.0000000000
6964  36.504  -27.072  11.086 0.0000000000
6965  39.931  -24.684  10.484 0.0000000000
6966  43.908  -22.418  9.808 0.0000000000
6967  42.842  -24.403  10.654 0.0000000000
6968  44.834  -24.372  9.080 0.0000000000
7860  33.694  -30.373  15.977 0.0000000000
8010  48.463  -15.544  4.184 0.0000000000
8011  49.409  -14.572  2.081 0.0000000000
8012  51.369  -12.216  3.098 0.0000000000
8013  54.598  -9.115  1.251 0.0000000000
9765  43.568  -22.424  2.177 0.0000000000
9772  38.662  -26.112  3.993 0.0000000000
9773  41.999  -23.554  3.878 0.0000000000
9774  45.217  -19.702  4.163 0.0000000000
9775  47.214  -17.089  5.959 0.0000000000
9776  50.235  -16.178  6.529 0.0000000000
9777  52.500  -15.785  5.029 0.0000000000
9778  47.692  -20.325  8.114 0.0000000000
9779  51.006  -18.013  5.330 0.0000000000
9792  35.714  -31.408  15.295 0.0000000000
9801  38.795  -30.380  12.401 0.0000000000
9802  41.892  -28.788  9.663 0.0000000000
10171  50.257  -13.284  -0.086 0.0000000000
10907  35.567  -29.346  14.517 0.0000000000
10908  36.034  -28.603  13.884 0.0000000000
10909  37.279  -28.699  13.803 0.0000000000
10910  39.054  -28.020  12.932 0.0000000000
10911  38.459  -28.939  13.315 0.0000000000
11019  46.029  -19.806  1.605 0.0000000000
11021  47.353  -18.097  1.469 0.0000000000
11619  54.751  -13.617  3.120 0.0000000000
11620  55.078  -12.450  2.720 0.0000000000
13045  39.316  -24.719  9.106 0.0000000000
13046  38.438  -25.726  8.390 0.0000000000
13047  39.913  -24.182  8.194 0.0000000000
13048  40.537  -23.678  7.317 0.0000000000
13049  41.648  -22.513  8.165 0.0000000000
13050  43.446  -20.947  8.227 0.0000000000
13051  42.965  -21.729  8.952 0.0000000000
15445  37.002  -27.154  12.458 0.0000000000
15446  35.876  -27.589  11.956 0.0000000000
15447  37.507  -26.483  11.687 0.0000000000
15448  38.089  -25.846  10.805 0.0000000000
15449  39.372  -25.471  11.249 0.0000000000
15450  41.374  -24.441  10.772 0.0000000000
15451  40.825  -25.335  11.410 0.0000000000
15452  42.573  -26.416  10.633 0.0000000000
15453  43.352  -25.407  10.368 0.0000000000
15454  44.061  -25.423  9.289 0.0000000000
15455  45.504  -24.419  7.842 0.0000000000
15456  44.732  -25.496  8.087 0.0000000000
17574  49.648  -14.571  4.776 0.0000000000
17575  49.835  -13.898  3.764 0.0000000000
17576  51.199  -13.133  4.141 0.0000000000
17577  55.686  -10.135  1.646 0.0000000000
17578  54.377  -10.328  2.035 0.0000000000
21846  41.823  -23.947  2.079 0.0000000000
21858  36.461  -27.127  6.969 0.0000000000
21864  37.951  -26.502  4.993 0.0000000000
21865  41.938  -22.770  5.604 0.0000000000
21866  41.213  -24.047  4.720 0.0000000000
21867  42.721  -22.303  4.767 0.0000000000
21868  43.563  -21.791  3.980 0.0000000000
21869  44.370  -20.292  4.964 0.0000000000
21870  46.055  -18.252  5.085 0.0000000000
21871  45.346  -18.895  5.879 0.0000000000
21872  47.605  -18.290  7.847 0.0000000000
21873  48.114  -17.338  7.252 0.0000000000
21874  49.726  -17.202  7.031 0.0000000000
21875  51.541  -16.003  5.937 0.0000000000
21876  50.972  -17.053  6.281 0.0000000000
21877  45.282  -22.411  9.480 0.0000000000
21878  45.871  -21.365  9.170 0.0000000000
21879  46.944  -21.418  8.354 0.0000000000
21880  51.238  -19.236  4.227 0.0000000000
21881  50.149  -19.125  5.377 0.0000000000
21882  52.063  -18.062  4.128 0.0000000000
21883  52.792  -16.905  4.046 0.0000000000
21913  34.462  -31.605  16.566 0.0000000000
21914  35.326  -32.352  15.903 0.0000000000
21936  38.122  -31.516  12.711 0.0000000000
21938  40.326  -29.672  11.034 0.0000000000
22862  50.574  -12.347  1.667 0.0000000000
22863  49.862  -14.049  0.987 0.0000000000
22864  50.912  -11.634  0.625 0.0000000000
24242  33.673  -28.824  13.185 0.0000000000
24243  34.845  -28.726  13.567 0.0000000000
24244  36.484  -27.883  13.176 0.0000000000
24245  38.303  -27.043  12.738 0.0000000000
24246  40.230  -26.242  11.992 0.0000000000
24247  39.659  -27.141  12.470 0.0000000000
24248  40.860  -27.316  11.825 0.0000000000
24249  41.768  -27.429  10.861 0.0000000000
25521  52.483  -13.813  4.793 0.0000000000
25522  52.620  -12.794  4.104 0.0000000000
25523  53.844  -12.593  3.576 0.0000000000
25524  55.401  -11.316  2.191 0.0000000000
28089  36.196  -27.336  9.526 0.0000000000
28091  36.888  -27.001  8.594 0.0000000000
28092  37.577  -26.657  7.647 0.0000000000
28093  38.296  -26.306  6.719 0.0000000000
28094  38.996  -25.929  5.776 0.0000000000
28095  39.800  -24.876  6.572 0.0000000000
28096  41.207  -23.215  6.448 0.0000000000
28097  42.880  -21.318  6.519 0.0000000000
28098  44.674  -19.517  6.718 0.0000000000
28099  44.036  -20.204  7.491 0.0000000000
28100  45.431  -19.454  8.244 0.0000000000
28101  47.022  -19.303  8.361 0.0000000000
28102  47.038  -22.300  7.301 0.0000000000
28103  47.733  -21.334  7.136 0.0000000000
28104  48.616  -21.293  5.736 0.0000000000
28105  50.506  -20.370  4.512 0.0000000000
28694  53.433  -8.485  0.313 0.0000000000
28695  52.150  -9.371  0.040 0.0000000000
31608  34.242  -28.426  12.245 0.0000000000
31609  34.869  -28.027  11.356 0.0000000000
31610  35.551  -27.650  10.435 0.0000000000
31611  37.154  -26.593  10.195 0.0000000000
31612  38.702  -25.269  9.948 0.0000000000
31613  40.507  -23.909  9.702 0.0000000000
31614  42.422  -22.623  9.597 0.0000000000
31615  41.905  -23.562  10.162 0.0000000000
31616  43.413  -23.418  10.261 0.0000000000
31617  44.644  -23.430  9.775 0.0000000000
31618  42.231  -25.357  11.069 0.0000000000
31619  44.013  -24.415  10.088 0.0000000000
31620  45.542  -23.353  8.841 0.0000000000
31621  46.255  -23.364  7.566 0.0000000000
33953  34.018  -29.848  15.176 0.0000000000
33954  35.205  -30.060  15.120 0.0000000000
34356  47.544  -16.975  3.402 0.0000000000
34357  48.155  -16.543  2.356 0.0000000000
34358  48.888  -15.095  3.119 0.0000000000
34359  50.184  -13.133  2.691 0.0000000000
34360  51.588  -11.275  2.059 0.0000000000
34361  52.790  -11.747  3.222 0.0000000000
34362  52.963  -10.664  2.278 0.0000000000
34363  53.169  -9.589  1.326 0.0000000000
39531  45.205  -20.640  2.367 0.0000000000
39552  39.344  -25.649  3.050 0.0000000000
39553  39.699  -25.525  4.827 0.0000000000
39554  40.408  -25.068  3.880 0.0000000000
39555  41.149  -24.524  2.986 0.0000000000
39556  42.764  -23.063  3.014 0.0000000000
39557  44.415  -21.229  3.180 0.0000000000
39558  46.037  -19.080  3.360 0.0000000000
39559  46.833  -17.602  4.230 0.0000000000
39560  47.851  -16.307  5.090 0.0000000000
39561  49.129  -15.511  5.697 0.0000000000
39562  46.574  -17.848  6.752 0.0000000000
39563  48.608  -16.440  6.507 0.0000000000
39564  50.634  -15.105  5.879 0.0000000000
39565  52.053  -14.926  5.443 0.0000000000
39566  53.058  -14.783  4.624 0.0000000000
39567  54.079  -14.672  3.570 0.0000000000
39568  44.399  -21.405  9.356 0.0000000000
39569  46.431  -20.340  8.794 0.0000000000
39570  48.393  -19.272  7.829 0.0000000000
39571  48.501  -20.314  6.979 0.0000000000
39572  49.345  -19.207  6.773 0.0000000000
39573  50.218  -18.109  6.520 0.0000000000
39574  51.812  -16.884  5.203 0.0000000000
39575  53.528  -15.771  3.833 0.0000000000
39611  34.824  -30.831  15.783 0.0000000000
39612  36.271  -30.456  14.778 0.0000000000
39637  36.647  -32.046  14.242 0.0000000000
39638  37.225  -30.984  13.850 0.0000000000
39639  37.886  -29.916  13.578 0.0000000000
39640  39.475  -29.284  12.297 0.0000000000
39641  41.038  -28.523  10.935 0.0000000000
39642  42.561  -27.610  9.548 0.0000000000
39645  44.139  -26.647  8.195 0.0000000000
40747  48.692  -16.208  1.274 0.0000000000
40748  49.154  -15.688  0.162 0.0000000000
41627  36.167  -29.417  14.459 0.0000000000
41628  36.412  -29.000  14.185 0.0000000000
41629  37.013  -29.118  14.068 0.0000000000
41630  37.865  -28.826  13.630 0.0000000000
41631  37.583  -29.244  13.827 0.0000000000
41739  46.466  -19.130  2.094 0.0000000000
41740  46.695  -18.960  1.549 0.0000000000
41741  47.132  -18.260  2.013 0.0000000000
42339  55.456  -13.611  2.727 0.0000000000
42340  55.613  -13.056  2.572 0.0000000000
43765  40.161  -23.959  9.009 0.0000000000
43766  39.584  -24.467  8.652 0.0000000000
43767  40.464  -23.657  8.571 0.0000000000
43768  40.767  -23.331  8.153 0.0000000000
43769  41.347  -22.837  8.550 0.0000000000
43770  42.262  -22.082  8.578 0.0000000000
43771  42.004  -22.469  8.940 0.0000000000
46165  37.889  -26.660  12.278 0.0000000000
46166  37.260  -26.797  12.080 0.0000000000
46167  38.128  -26.316  11.891 0.0000000000
46168  38.394  -25.961  11.486 0.0000000000
46169  39.092  -25.843  11.660 0.0000000000
46170  40.073  -25.389  11.378 0.0000000000
46171  39.803  -25.790  11.732 0.0000000000
46172  42.935  -26.446  10.101 0.0000000000
46173  43.355  -25.928  9.998 0.0000000000
46174  43.670  -25.971  9.435 0.0000000000
46175  44.380  -25.445  8.673 0.0000000000
46176  44.001  -25.979  8.792 0.0000000000
48294  50.322  -14.288  4.963 0.0000000000
48295  50.405  -13.853  4.481 0.0000000000
48296  51.124  -13.616  4.594 0.0000000000
52565  41.309  -24.266  1.675 0.0000000000
52566  40.935  -24.641  2.098 0.0000000000
52578  36.865  -26.975  6.473 0.0000000000
52584  37.602  -26.671  5.507 0.0000000000
52585  42.751  -21.800  5.645 0.0000000000
52586  42.328  -22.534  5.175 0.0000000000
52587  43.147  -21.548  5.233 0.0000000000
52588  43.519  -21.332  4.857 0.0000000000
52589  43.982  -20.533  5.363 0.0000000000
52590  44.824  -19.542  5.424 0.0000000000
52591  44.474  -19.825  5.832 0.0000000000
52592  48.419  -18.245  7.726 0.0000000000
52593  48.705  -17.732  7.480 0.0000000000
52594  49.458  -17.704  7.273 0.0000000000
52595  50.401  -17.138  6.701 0.0000000000
52596  50.109  -17.654  6.870 0.0000000000
52597  45.813  -22.389  9.088 0.0000000000
52598  46.143  -21.889  8.952 0.0000000000
52599  46.609  -21.887  8.486 0.0000000000
52601  51.660  -18.651  4.193 0.0000000000
52602  52.732  -18.136  3.743 0.0000000000
52603  53.147  -17.541  3.699 0.0000000000
53582  51.226  -11.247  1.400 0.0000000000
53583  50.704  -11.993  1.133 0.0000000000
53584  51.357  -10.856  0.863 0.0000000000
55762  33.750  -29.271  14.252 0.0000000000
55763  34.021  -29.061  13.792 0.0000000000
55764  34.604  -29.021  13.962 0.0000000000
55765  36.862  -28.226  13.592 0.0000000000
55766  36.257  -28.246  13.523 0.0000000000
55767  37.083  -27.833  13.305 0.0000000000
55768  37.330  -27.453  12.972 0.0000000000
55769  38.009  -27.459  13.012 0.0000000000
55770  38.980  -27.079  12.667 0.0000000000
55771  38.702  -27.498  12.935 0.0000000000
55772  39.611  -28.170  12.598 0.0000000000
55773  39.947  -27.695  12.388 0.0000000000
55774  40.470  -27.804  11.985 0.0000000000
55775  41.342  -27.382  11.376 0.0000000000
55776  40.961  -27.871  11.505 0.0000000000
57894  53.070  -13.755  4.504 0.0000000000
57895  53.136  -13.229  4.272 0.0000000000
57896  53.695  -13.195  3.948 0.0000000000
57897  55.914  -11.849  2.125 0.0000000000
57898  55.225  -11.902  2.482 0.0000000000
57899  56.066  -11.265  1.878 0.0000000000
57900  56.194  -10.663  1.665 0.0000000000
62175  37.009  -26.808  9.415 0.0000000000
62176  36.537  -27.154  9.074 0.0000000000
62177  37.346  -26.638  8.960 0.0000000000
62178  38.776  -25.514  7.928 0.0000000000
62179  38.040  -26.222  8.038 0.0000000000
62180  38.395  -26.017  7.555 0.0000000000
62181  37.949  -26.480  7.177 0.0000000000
62182  38.722  -25.846  7.101 0.0000000000
62183  39.065  -25.678  6.663 0.0000000000
62184  39.445  -25.098  7.018 0.0000000000
62185  41.370  -22.815  7.284 0.0000000000
62186  40.896  -23.435  6.876 0.0000000000
62187  41.694  -22.542  6.855 0.0000000000
62188  42.016  -22.306  6.444 0.0000000000
62189  42.550  -21.623  6.917 0.0000000000
62190  43.424  -20.727  7.020 0.0000000000
62191  43.090  -21.051  7.408 0.0000000000
62192  44.184  -20.558  8.605 0.0000000000
62193  44.435  -20.169  8.257 0.0000000000
62194  45.199  -19.925  8.536 0.0000000000
62195  46.234  -19.354  8.406 0.0000000000
62196  45.977  -19.825  8.668 0.0000000000
62197  47.453  -22.334  6.631 0.0000000000
62198  47.798  -21.802  6.514 0.0000000000
62199  48.264  -21.848  5.890 0.0000000000
69375  34.512  -28.564  12.947 0.0000000000
69376  33.958  -28.626  12.725 0.0000000000
69377  34.788  -28.333  12.499 0.0000000000
69378  36.195  -27.333  11.542 0.0000000000
69379  35.383  -27.844  11.657 0.0000000000
69380  35.715  -27.617  11.210 0.0000000000
69381  35.220  -27.840  10.884 0.0000000000
69382  36.046  -27.387  10.757 0.0000000000
69383  36.398  -27.195  10.310 0.0000000000
69384  36.826  -26.818  10.640 0.0000000000
69385  38.967  -25.289  10.643 0.0000000000
69386  38.396  -25.570  10.370 0.0000000000
69387  39.264  -24.916  10.245 0.0000000000
69388  39.584  -24.589  9.835 0.0000000000
69389  40.230  -24.302  10.098 0.0000000000
69390  41.147  -23.720  10.002 0.0000000000
69391  40.907  -24.112  10.332 0.0000000000
69392  42.109  -24.418  10.792 0.0000000000
69393  42.401  -23.935  10.526 0.0000000000
69394  43.110  -23.920  10.447 0.0000000000
69395  44.071  -23.426  10.089 0.0000000000
69396  43.768  -23.923  10.253 0.0000000000
69397  40.942  -26.279  11.748 0.0000000000
69398  41.261  -25.815  11.540 0.0000000000
69399  41.934  -25.822  11.268 0.0000000000
69400  44.110  -24.899  9.741 0.0000000000
69401  43.691  -24.905  10.218 0.0000000000
69402  44.487  -24.374  9.619 0.0000000000
69403  44.806  -23.870  9.510 0.0000000000
69404  45.188  -23.843  8.966 0.0000000000
69405  45.911  -23.329  8.224 0.0000000000
69406  45.510  -23.857  8.361 0.0000000000
69407  45.934  -24.483  7.243 0.0000000000
69408  46.295  -23.942  7.073 0.0000000000
74809  33.853  -30.109  15.577 0.0000000000
74810  34.612  -29.953  15.181 0.0000000000
74811  34.428  -30.261  15.557 0.0000000000
75759  47.987  -16.234  3.793 0.0000000000
75760  48.253  -16.026  3.282 0.0000000000
75761  48.685  -15.324  3.650 0.0000000000
75762  50.569  -13.066  3.456 0.0000000000
75763  49.997  -13.542  3.219 0.0000000000
75764  50.728  -12.613  2.924 0.0000000000
75765  50.891  -12.133  2.400 0.0000000000
75766  51.513  -11.712  2.575 0.0000000000
75767  53.365  -12.159  3.551 0.0000000000
75768  52.716  -12.258  3.681 0.0000000000
75769  53.464  -11.597  3.116 0.0000000000
75770  54.456  -9.734  1.673 0.0000000000
75771  53.664  -10.470  2.216 0.0000000000
75772  53.770  -9.902  1.765 0.0000000000
75773  53.063  -10.124  1.773 0.0000000000
75774  53.910  -9.308  1.298 0.0000000000
75775  54.034  -8.711  0.833 0.0000000000
88577  43.065  -22.866  1.719 0.0000000000
88579  43.945  -22.073  1.782 0.0000000000
88580  44.812  -21.170  1.877 0.0000000000
88581  44.394  -21.575  2.249 0.0000000000
88613  35.432  -27.499  8.428 0.0000000000
88634  39.010  -25.894  3.505 0.0000000000
88635  39.754  -25.257  5.698 0.0000000000
88636  39.321  -25.736  5.296 0.0000000000
88637  40.093  -25.047  5.223 0.0000000000
88638  41.587  -23.824  4.296 0.0000000000
88639  40.824  -24.621  4.299 0.0000000000
88640  41.218  -24.335  3.860 0.0000000000
88641  40.797  -24.773  3.435 0.0000000000
88642  41.590  -24.097  3.434 0.0000000000
88643  41.941  -23.835  2.989 0.0000000000
88644  42.381  -23.301  3.454 0.0000000000
88645  44.356  -20.817  4.077 0.0000000000
88646  43.999  -21.510  3.585 0.0000000000
88647  44.805  -20.492  3.675 0.0000000000
88648  45.227  -20.200  3.280 0.0000000000
88649  45.637  -19.383  3.757 0.0000000000
88650  46.416  -18.337  3.796 0.0000000000
88651  46.019  -18.641  4.216 0.0000000000
88652  46.628  -17.585  5.546 0.0000000000
88653  46.964  -17.266  5.113 0.0000000000
88654  47.540  -16.693  5.536 0.0000000000
88655  48.459  -15.855  5.439 0.0000000000
88656  48.163  -16.273  5.905 0.0000000000
88657  45.318  -19.010  7.166 0.0000000000
88658  45.584  -18.660  6.782 0.0000000000
88659  46.300  -18.211  7.152 0.0000000000
88660  49.183  -16.774  6.932 0.0000000000
88661  48.355  -16.906  6.889 0.0000000000
88662  49.411  -16.263  6.640 0.0000000000
88663  49.660  -15.761  6.232 0.0000000000
88664  50.455  -15.643  6.207 0.0000000000
88665  51.382  -15.030  5.743 0.0000000000
88666  51.189  -15.566  6.025 0.0000000000
88667  52.035  -15.904  5.517 0.0000000000
88668  52.305  -15.390  5.314 0.0000000000
88669  52.781  -15.289  4.838 0.0000000000
88670  53.543  -14.711  4.106 0.0000000000
88671  53.257  -15.228  4.279 0.0000000000
88672  43.170  -22.474  9.757 0.0000000000
88673  43.425  -21.970  9.480 0.0000000000
88674  44.134  -21.915  9.612 0.0000000000
88675  46.780  -20.860  8.658 0.0000000000
88676  46.146  -20.853  8.980 0.0000000000
88677  47.103  -20.346  8.513 0.0000000000
88678  47.425  -19.802  8.358 0.0000000000
88679  48.029  -19.785  7.980 0.0000000000
88680  48.478  -20.797  6.349 0.0000000000
88681  48.083  -20.848  7.091 0.0000000000
88682  48.889  -20.260  6.272 0.0000000000
88683  50.563  -18.563  5.358 0.0000000000
88684  49.723  -19.153  6.087 0.0000000000
88685  50.158  -18.599  6.040 0.0000000000
88686  49.782  -18.655  6.649 0.0000000000
88687  50.605  -18.033  5.937 0.0000000000
88688  51.027  -17.498  5.870 0.0000000000
88689  51.409  -17.452  5.279 0.0000000000
88690  53.806  -16.359  3.548 0.0000000000
88691  53.128  -16.335  3.953 0.0000000000
88692  54.169  -15.813  3.445 0.0000000000
88693  54.473  -15.231  3.288 0.0000000000
88780  35.085  -31.530  15.921 0.0000000000
88781  34.643  -31.226  16.178 0.0000000000
88782  35.302  -31.088  15.592 0.0000000000
88783  35.541  -30.658  15.278 0.0000000000
88784  35.992  -30.942  15.004 0.0000000000
88845  36.930  -32.868  14.014 0.0000000000
88846  36.430  -32.568  14.554 0.0000000000
88847  37.136  -32.356  13.708 0.0000000000
88848  38.443  -30.936  12.522 0.0000000000
88849  37.690  -31.241  13.253 0.0000000000
88850  38.022  -30.695  13.112 0.0000000000
88851  37.562  -30.433  13.703 0.0000000000
88852  38.378  -30.147  12.980 0.0000000000
88853  38.692  -29.612  12.935 0.0000000000
88854  39.138  -29.825  12.347 0.0000000000
88855  41.120  -29.220  10.317 0.0000000000
88856  40.673  -29.108  10.970 0.0000000000
88857  41.468  -28.650  10.259 0.0000000000
88858  41.820  -28.070  10.223 0.0000000000
88859  42.212  -28.200  9.586 0.0000000000
91622  48.784  -15.591  2.230 0.0000000000
91623  48.435  -16.376  1.813 0.0000000000
91624  49.051  -15.417  1.699 0.0000000000
91625  50.077  -13.669  0.461 0.0000000000
91626  49.543  -14.877  0.572 0.0000000000
91627  49.741  -14.508  0.034 0.0000000000
91631  51.640  -10.016  -0.128 0.0000000000
93361  34.955  -29.321  14.498 0.0000000000
93362  35.195  -28.996  14.118 0.0000000000
93363  35.793  -28.985  14.201 0.0000000000
93364  36.662  -28.618  13.884 0.0000000000
93365  37.499  -28.264  13.574 0.0000000000
93366  38.421  -27.923  13.167 0.0000000000
93367  38.139  -28.373  13.423 0.0000000000
93368  38.735  -28.491  13.134 0.0000000000
93369  39.275  -28.607  12.757 0.0000000000
93563  46.242  -19.544  1.061 0.0000000000
93564  46.917  -18.733  0.999 0.0000000000
93565  47.574  -17.890  0.922 0.0000000000
94641  54.161  -13.629  3.603 0.0000000000
94642  54.281  -13.100  3.455 0.0000000000
94643  54.917  -13.062  2.969 0.0000000000
94644  55.741  -12.479  2.373 0.0000000000
97209  38.557  -25.412  9.212 0.0000000000
97210  38.125  -25.929  8.853 0.0000000000
97211  38.845  -25.209  8.753 0.0000000000
97212  39.154  -24.986  8.296 0.0000000000
97213  39.469  -24.738  7.827 0.0000000000
97214  39.811  -24.507  7.382 0.0000000000
97215  40.239  -23.912  7.764 0.0000000000
97216  41.073  -23.055  7.733 0.0000000000
97217  41.909  -22.203  7.743 0.0000000000
97218  42.793  -21.398  7.797 0.0000000000
97219  42.536  -21.704  8.226 0.0000000000
97220  43.225  -21.323  8.605 0.0000000000
97221  43.936  -21.051  8.905 0.0000000000
101529  36.167  -27.658  12.625 0.0000000000
101530  35.615  -27.865  12.353 0.0000000000
101531  36.433  -27.341  12.233 0.0000000000
101532  36.698  -27.047  11.841 0.0000000000
101533  36.984  -26.734  11.412 0.0000000000
101534  37.297  -26.461  10.954 0.0000000000
101535  37.811  -26.171  11.243 0.0000000000
101536  38.699  -25.619  11.054 0.0000000000
101537  39.640  -25.075  10.856 0.0000000000
101538  40.646  -24.528  10.663 0.0000000000
101539  40.346  -24.968  11.008 0.0000000000
101540  41.101  -24.920  11.075 0.0000000000
101541  41.839  -24.882  11.028 0.0000000000
101542  42.170  -26.340  11.061 0.0000000000
101543  42.496  -25.878  10.922 0.0000000000
101544  42.962  -25.910  10.503 0.0000000000
101545  43.735  -25.419  9.880 0.0000000000
101546  44.450  -24.905  9.191 0.0000000000
101547  45.139  -24.389  8.482 0.0000000000
101548  44.749  -24.911  8.584 0.0000000000
101549  45.119  -24.952  7.950 0.0000000000
101550  45.574  -25.028  7.418 0.0000000000
105360  49.015  -15.000  4.522 0.0000000000
105361  49.158  -14.714  3.995 0.0000000000
105362  49.701  -14.224  4.292 0.0000000000
105363  50.438  -13.478  3.999 0.0000000000
105364  51.241  -12.707  3.633 0.0000000000
105365  54.898  -10.817  2.224 0.0000000000
105366  54.245  -10.917  2.473 0.0000000000
105367  55.036  -10.246  1.854 0.0000000000
105368  55.183  -9.607  1.491 0.0000000000
113051  42.199  -23.604  1.667 0.0000000000
113052  42.688  -23.219  2.117 0.0000000000
113072  36.082  -27.240  7.455 0.0000000000
113084  38.303  -26.315  4.487 0.0000000000
113085  41.188  -23.654  5.610 0.0000000000
113086  40.853  -24.256  5.173 0.0000000000
113087  41.569  -23.434  5.157 0.0000000000
113088  41.947  -23.226  4.718 0.0000000000
113089  42.344  -22.979  4.321 0.0000000000
113090  42.776  -22.707  3.916 0.0000000000
113091  43.130  -22.066  4.380 0.0000000000
113092  43.940  -21.074  4.469 0.0000000000
113093  44.804  -19.997  4.563 0.0000000000
113094  45.612  -18.968  4.633 0.0000000000
113095  45.217  -19.266  5.023 0.0000000000
113096  45.705  -18.585  5.482 0.0000000000
113097  46.271  -17.963  5.937 0.0000000000
113098  46.744  -18.405  7.804 0.0000000000
113099  47.038  -17.968  7.431 0.0000000000
113100  47.859  -17.817  7.543 0.0000000000
113101  48.988  -17.247  7.221 0.0000000000
113102  49.995  -16.694  6.802 0.0000000000
113103  50.956  -16.090  6.277 0.0000000000
113104  50.700  -16.637  6.545 0.0000000000
113105  51.273  -16.533  6.157 0.0000000000
113106  51.740  -16.423  5.695 0.0000000000
113107  44.626  -22.412  9.735 0.0000000000
113108  44.915  -21.892  9.542 0.0000000000
113109  45.578  -21.892  9.314 0.0000000000
113110  46.464  -21.390  8.837 0.0000000000
113111  47.312  -20.869  8.230 0.0000000000
113112  50.258  -19.718  4.836 0.0000000000
113113  49.733  -19.669  5.451 0.0000000000
113114  50.659  -19.147  4.728 0.0000000000
113115  51.073  -18.587  4.697 0.0000000000
113116  51.492  -18.022  4.691 0.0000000000
113117  51.827  -17.469  4.628 0.0000000000
113118  52.464  -17.475  4.058 0.0000000000
113119  53.478  -16.933  3.631 0.0000000000
113171  33.846  -31.628  17.209 0.0000000000
113173  34.904  -31.956  16.266 0.0000000000
113174  35.508  -31.870  15.568 0.0000000000
113212  37.867  -32.118  12.942 0.0000000000
113214  38.841  -31.184  11.985 0.0000000000
113215  39.230  -30.593  11.807 0.0000000000
113216  39.558  -30.048  11.728 0.0000000000
113217  39.974  -30.263  11.115 0.0000000000
113218  40.779  -29.844  10.446 0.0000000000
114878  49.978  -13.459  1.890 0.0000000000
114879  49.619  -14.306  1.546 0.0000000000
114880  50.151  -13.155  1.363 0.0000000000
114881  50.373  -12.847  0.843 0.0000000000
114882  50.569  -12.451  0.304 0.0000000000
118006  34.264  -28.794  13.372 0.0000000000
118007  35.094  -28.434  13.163 0.0000000000
118008  35.431  -28.651  13.754 0.0000000000
118009  35.669  -28.317  13.375 0.0000000000
118010  35.913  -27.999  12.979 0.0000000000
118011  36.727  -27.499  12.828 0.0000000000
118012  37.621  -27.049  12.632 0.0000000000
118013  38.574  -26.632  12.383 0.0000000000
118014  39.494  -26.221  12.102 0.0000000000
118015  39.253  -26.649  12.380 0.0000000000
118016  39.941  -26.688  12.251 0.0000000000
118017  40.656  -26.745  11.961 0.0000000000
118018  39.376  -27.555  12.712 0.0000000000
118019  40.306  -27.221  12.175 0.0000000000
118020  41.249  -26.793  11.611 0.0000000000
118021  41.753  -26.856  11.212 0.0000000000
118022  42.168  -26.932  10.758 0.0000000000
118023  42.534  -26.946  10.201 0.0000000000
120987  51.801  -13.910  5.003 0.0000000000
120988  51.852  -13.437  4.603 0.0000000000
120989  52.531  -13.308  4.502 0.0000000000
120990  53.246  -12.688  3.909 0.0000000000
120991  53.992  -12.025  3.229 0.0000000000
120992  54.427  -12.550  3.182 0.0000000000
120993  54.597  -11.957  2.861 0.0000000000
120994  54.783  -11.371  2.510 0.0000000000
120995  55.537  -10.727  1.941 0.0000000000
120996  56.359  -10.016  1.424 0.0000000000
126981  35.301  -27.687  9.660 0.0000000000
126983  35.660  -27.541  9.204 0.0000000000
126984  36.021  -27.389  8.740 0.0000000000
126985  36.337  -27.257  8.253 0.0000000000
126986  37.688  -26.411  8.501 0.0000000000
126987  37.219  -26.820  8.131 0.0000000000
126988  36.683  -27.136  7.761 0.0000000000
126989  37.037  -26.973  7.293 0.0000000000
126990  37.436  -26.826  6.829 0.0000000000
126991  37.810  -26.653  6.341 0.0000000000
126992  38.167  -26.480  5.866 0.0000000000
126993  38.663  -26.141  6.235 0.0000000000
126994  39.423  -25.442  6.181 0.0000000000
126995  40.134  -24.678  6.094 0.0000000000
126996  40.152  -24.270  6.932 0.0000000000
126997  40.493  -24.051  6.493 0.0000000000
126998  40.832  -23.857  6.040 0.0000000000
126999  41.545  -23.013  6.010 0.0000000000
127000  42.357  -22.066  6.039 0.0000000000
127001  43.234  -21.067  6.137 0.0000000000
127002  44.115  -20.088  6.235 0.0000000000
127003  43.767  -20.403  6.627 0.0000000000
127004  44.360  -19.830  7.116 0.0000000000
127005  45.026  -19.349  7.565 0.0000000000
127006  43.714  -20.571  7.865 0.0000000000
127007  44.700  -19.776  7.915 0.0000000000
127008  45.715  -19.053  7.891 0.0000000000
127009  46.488  -18.887  8.088 0.0000000000
127010  47.312  -18.812  8.128 0.0000000000
127011  48.104  -18.781  7.980 0.0000000000
127012  46.641  -22.352  7.970 0.0000000000
127013  46.998  -21.859  7.891 0.0000000000
127014  47.379  -21.818  7.204 0.0000000000
127015  48.111  -21.290  6.405 0.0000000000
127016  48.971  -20.770  5.654 0.0000000000
127017  49.165  -21.382  5.235 0.0000000000
127018  49.548  -20.800  5.068 0.0000000000
127019  49.886  -20.265  4.929 0.0000000000
127020  50.863  -19.806  4.373 0.0000000000
128390  52.643  -9.381  0.693 0.0000000000
128391  52.034  -9.841  0.538 0.0000000000
128392  52.749  -8.898  0.193 0.0000000000
136263  35.071  -28.068  12.077 0.0000000000
136264  34.544  -28.218  11.806 0.0000000000
136266  34.326  -28.120  11.072 0.0000000000
136267  34.661  -27.959  10.610 0.0000000000
136268  34.989  -27.832  10.138 0.0000000000
136269  35.870  -27.506  9.973 0.0000000000
136270  36.688  -26.999  9.856 0.0000000000
136271  37.473  -26.364  9.752 0.0000000000
136272  37.621  -26.178  10.526 0.0000000000
136273  37.911  -25.925  10.070 0.0000000000
136274  38.234  -25.676  9.638 0.0000000000
136275  39.013  -24.969  9.560 0.0000000000
136276  39.873  -24.275  9.421 0.0000000000
136277  40.797  -23.556  9.335 0.0000000000
136278  41.708  -22.856  9.312 0.0000000000
136279  41.443  -23.285  9.648 0.0000000000
136280  42.153  -23.088  9.902 0.0000000000
136281  42.933  -22.944  10.022 0.0000000000
136282  41.660  -23.971  10.482 0.0000000000
136283  42.681  -23.458  10.248 0.0000000000
136284  43.644  -22.930  10.033 0.0000000000
136285  44.335  -22.927  9.893 0.0000000000
136286  44.966  -22.924  9.622 0.0000000000
136287  45.505  -22.902  9.233 0.0000000000
136288  40.528  -25.792  11.696 0.0000000000
136289  41.557  -25.341  11.298 0.0000000000
136290  42.538  -24.871  10.870 0.0000000000
136291  42.828  -25.386  10.760 0.0000000000
136292  43.155  -24.919  10.623 0.0000000000
136293  43.458  -24.424  10.436 0.0000000000
136294  44.342  -23.936  9.956 0.0000000000
136295  45.130  -23.399  9.361 0.0000000000
136296  45.890  -22.881  8.676 0.0000000000
136297  46.279  -22.848  8.067 0.0000000000
136298  46.669  -22.840  7.426 0.0000000000
136299  47.067  -22.876  6.796 0.0000000000
136300  45.831  -23.900  7.702 0.0000000000
136301  46.682  -23.418  6.943 0.0000000000
142953  34.155  -29.577  14.763 0.0000000000
142954  34.778  -29.643  14.824 0.0000000000
142955  35.410  -29.703  14.834 0.0000000000
142956  35.993  -29.811  14.720 0.0000000000
144114  47.169  -17.693  2.987 0.0000000000
144115  47.515  -17.469  2.462 0.0000000000
144116  47.864  -16.755  2.885 0.0000000000
144117  48.505  -15.821  2.752 0.0000000000
144118  49.156  -14.801  2.594 0.0000000000
144119  49.323  -14.445  3.464 0.0000000000
144120  49.523  -14.123  2.926 0.0000000000
144121  49.782  -13.777  2.403 0.0000000000
144122  50.376  -12.745  2.173 0.0000000000
144123  51.026  -11.746  1.894 0.0000000000
144124  51.718  -10.795  1.568 0.0000000000
144125  51.924  -12.933  4.165 0.0000000000
144126  51.968  -12.458  3.723 0.0000000000
144127  52.078  -11.946  3.214 0.0000000000
144128  53.578  -11.040  2.655 0.0000000000
144129  52.894  -11.203  2.748 0.0000000000
144130  52.172  -11.413  2.714 0.0000000000
144131  52.253  -10.915  2.189 0.0000000000
144132  52.357  -10.415  1.699 0.0000000000
144133  52.468  -9.878  1.212 0.0000000000
144134  53.305  -9.017  0.808 0.0000000000
159547  45.178  -20.769  1.504 0.0000000000
159548  45.621  -20.209  1.992 0.0000000000
159549  46.030  -19.540  2.472 0.0000000000
159612  39.677  -25.429  2.606 0.0000000000
159613  38.498  -26.305  5.386 0.0000000000
159614  38.838  -26.092  4.890 0.0000000000
159615  39.212  -25.901  4.408 0.0000000000
159616  40.460  -24.836  4.755 0.0000000000
159617  40.032  -25.304  4.344 0.0000000000
159618  39.555  -25.656  3.922 0.0000000000
159619  39.927  -25.405  3.447 0.0000000000
159620  40.287  -25.148  3.023 0.0000000000
159621  40.607  -24.893  2.561 0.0000000000
159622  41.488  -24.261  2.520 0.0000000000
159623  42.304  -23.553  2.539 0.0000000000
159624  43.163  -22.743  2.598 0.0000000000
159625  43.190  -22.450  3.498 0.0000000000
159626  43.606  -22.164  3.079 0.0000000000
159627  44.003  -21.905  2.660 0.0000000000
159628  44.802  -20.964  2.765 0.0000000000
159629  45.640  -19.864  2.882 0.0000000000
159630  46.427  -18.758  2.954 0.0000000000
159631  46.758  -18.054  3.398 0.0000000000
159632  47.165  -17.325  3.806 0.0000000000
159633  47.637  -16.587  4.226 0.0000000000
159634  46.452  -17.933  4.665 0.0000000000
159635  47.299  -16.899  4.675 0.0000000000
159636  48.163  -15.934  4.629 0.0000000000
159637  48.739  -15.420  4.982 0.0000000000
159638  49.384  -15.014  5.259 0.0000000000
159639  50.084  -14.784  5.438 0.0000000000
159640  45.013  -19.194  6.306 0.0000000000
159641  45.926  -18.306  6.352 0.0000000000
159642  46.871  -17.448  6.371 0.0000000000
159643  47.302  -17.536  7.062 0.0000000000
159644  47.578  -17.123  6.687 0.0000000000
159645  47.873  -16.715  6.287 0.0000000000
159646  48.857  -15.969  6.106 0.0000000000
159647  49.852  -15.267  5.847 0.0000000000
159648  50.836  -14.598  5.468 0.0000000000
159649  51.576  -14.464  5.363 0.0000000000
159650  52.267  -14.369  5.134 0.0000000000
159651  52.859  -14.293  4.807 0.0000000000
159652  51.846  -15.457  5.700 0.0000000000
159653  52.597  -14.839  5.065 0.0000000000
159654  53.372  -14.210  4.344 0.0000000000
159655  53.848  -14.182  3.856 0.0000000000
159656  54.422  -14.163  3.380 0.0000000000
159657  55.112  -14.158  2.988 0.0000000000
159658  42.705  -22.173  9.257 0.0000000000
159659  43.672  -21.508  9.212 0.0000000000
159660  44.673  -20.897  9.111 0.0000000000
159661  45.147  -21.364  9.346 0.0000000000
159662  45.422  -20.841  9.169 0.0000000000
159663  45.705  -20.341  8.910 0.0000000000
159664  46.740  -19.789  8.619 0.0000000000
159665  47.743  -19.287  8.165 0.0000000000
159666  48.757  -18.756  7.653 0.0000000000
159667  47.355  -21.390  7.792 0.0000000000
159668  47.745  -20.876  7.704 0.0000000000
159669  48.134  -20.333  7.586 0.0000000000
159670  49.313  -19.697  6.183 0.0000000000
159671  48.918  -19.782  6.884 0.0000000000
159672  48.527  -19.776  7.486 0.0000000000
159673  48.972  -19.229  7.354 0.0000000000
159674  49.332  -18.708  7.192 0.0000000000
159675  49.738  -18.177  7.038 0.0000000000
159676  50.604  -17.584  6.405 0.0000000000
159677  51.407  -16.960  5.809 0.0000000000
159678  52.174  -16.342  5.130 0.0000000000
159679  52.229  -16.889  4.593 0.0000000000
159680  52.619  -16.313  4.512 0.0000000000
159681  52.942  -15.772  4.395 0.0000000000
159682  53.800  -15.222  3.726 0.0000000000
159683  54.772  -14.685  3.161 0.0000000000
159787  33.988  -31.294  16.771 0.0000000000
159788  34.139  -30.954  16.337 0.0000000000
159789  34.274  -30.603  15.929 0.0000000000
159790  35.028  -30.439  15.456 0.0000000000
159791  35.780  -30.236  14.998 0.0000000000
159792  36.521  -30.004  14.537 0.0000000000
159865  35.773  -32.722  15.417 0.0000000000
159866  35.967  -32.226  15.093 0.0000000000
159867  36.164  -31.733  14.808 0.0000000000
159868  37.399  -31.801  13.437 0.0000000000
159869  36.911  -31.510  14.032 0.0000000000
159870  36.449  -31.238  14.578 0.0000000000
159871  36.764  -30.721  14.389 0.0000000000
159872  37.055  -30.203  14.194 0.0000000000
159873  37.333  -29.703  14.031 0.0000000000
159874  38.177  -29.414  13.438 0.0000000000
159875  39.013  -29.096  12.842 0.0000000000
159876  39.800  -28.760  12.240 0.0000000000
159877  39.901  -29.486  11.679 0.0000000000
159878  40.262  -28.936  11.652 0.0000000000
159879  40.602  -28.391  11.569 0.0000000000
159880  41.398  -27.967  10.911 0.0000000000
159881  42.180  -27.507  10.210 0.0000000000
159882  42.906  -27.020  9.514 0.0000000000
159889  42.980  -27.739  8.956 0.0000000000
159890  43.301  -27.147  8.874 0.0000000000
159891  43.656  -26.539  8.817 0.0000000000
159892  44.467  -26.054  8.128 0.0000000000
163195  47.794  -17.322  1.922 0.0000000000
163196  48.031  -17.166  1.384 0.0000000000
163197  48.265  -16.971  0.834 0.0000000000
163198  49.308  -15.161  1.128 0.0000000000
163199  48.937  -15.961  0.708 0.0000000000
163204  51.502  -10.470  0.359 0.0000000000
163205  51.075  -11.239  0.111 0.0000000000
163206  50.731  -12.023  -0.226 0.0000000000
