#!ascii label  , from subject studyTemplate vox2ras=TkReg
682
148  29.340  10.303  -38.224 0.0000000000
326  36.161  15.843  -33.606 0.0000000000
601  30.283  6.214  -32.299 0.0000000000
1338  30.840  16.275  -37.691 0.0000000000
1339  32.657  11.100  -33.982 0.0000000000
1340  27.044  11.291  -36.696 0.0000000000
1341  26.573  5.637  -34.860 0.0000000000
1342  26.149  7.318  -40.040 0.0000000000
1740  36.145  19.175  -36.993 0.0000000000
1741  33.820  13.959  -39.500 0.0000000000
3258  29.472  14.135  -38.676 0.0000000000
3259  28.426  14.110  -37.122 0.0000000000
3260  27.360  11.713  -38.387 0.0000000000
3261  26.107  9.418  -38.409 0.0000000000
3262  27.505  8.720  -39.648 0.0000000000
3263  27.640  6.762  -41.874 0.0000000000
3264  29.541  6.998  -39.890 0.0000000000
3860  36.566  17.019  -38.471 0.0000000000
3861  34.383  17.164  -39.546 0.0000000000
3862  36.065  14.714  -40.593 0.0000000000
5455  36.865  11.677  -31.569 0.0000000000
5456  31.317  8.751  -33.234 0.0000000000
5457  33.861  7.590  -31.670 0.0000000000
5458  32.382  5.581  -30.704 0.0000000000
5462  29.339  3.709  -30.590 0.0000000000
5464  26.166  2.584  -32.484 0.0000000000
7016  33.408  16.807  -36.027 0.0000000000
7017  34.356  13.454  -34.321 0.0000000000
7018  31.114  14.474  -35.772 0.0000000000
7019  29.455  12.057  -35.109 0.0000000000
7020  28.527  9.203  -34.621 0.0000000000
7021  28.119  6.340  -33.619 0.0000000000
7022  26.531  8.476  -36.174 0.0000000000
7023  25.746  6.998  -37.723 0.0000000000
7900  35.822  18.879  -35.154 0.0000000000
7901  33.491  18.196  -37.867 0.0000000000
7902  31.786  15.979  -39.419 0.0000000000
7903  31.503  12.405  -38.362 0.0000000000
7904  31.327  8.250  -37.598 0.0000000000
9876  35.391  9.625  -31.967 0.0000000000
9877  35.507  6.425  -29.113 0.0000000000
9885  27.697  3.446  -31.665 0.0000000000
10938  29.325  12.411  -38.530 0.0000000000
10939  28.344  13.003  -38.485 0.0000000000
10940  28.248  11.268  -38.573 0.0000000000
10941  27.308  10.261  -38.937 0.0000000000
10942  28.333  9.437  -38.877 0.0000000000
10943  28.478  7.919  -39.771 0.0000000000
10944  29.363  8.423  -38.666 0.0000000000
11539  37.469  16.445  -37.301 0.0000000000
11541  36.252  16.044  -39.937 0.0000000000
13135  36.588  13.757  -32.659 0.0000000000
13136  30.785  7.480  -32.826 0.0000000000
13137  31.999  7.017  -32.115 0.0000000000
13138  31.386  5.920  -31.550 0.0000000000
13139  31.662  4.642  -30.044 0.0000000000
13140  30.812  4.793  -30.871 0.0000000000
13142  29.827  4.976  -31.654 0.0000000000
15533  31.981  16.808  -36.919 0.0000000000
15534  32.228  15.625  -35.967 0.0000000000
15535  30.742  15.676  -36.718 0.0000000000
15536  27.661  12.742  -36.854 0.0000000000
15537  28.713  13.333  -36.053 0.0000000000
15538  28.014  11.981  -35.846 0.0000000000
15539  28.893  10.652  -34.854 0.0000000000
15540  27.606  10.431  -35.659 0.0000000000
15541  27.397  8.980  -35.382 0.0000000000
15542  26.682  9.917  -36.482 0.0000000000
15543  26.089  8.361  -39.241 0.0000000000
15544  25.828  8.270  -38.174 0.0000000000
15545  25.787  7.275  -38.934 0.0000000000
15546  25.612  6.104  -38.356 0.0000000000
15547  25.871  6.361  -39.560 0.0000000000
15549  26.243  6.312  -40.638 0.0000000000
15550  28.711  6.122  -42.676 0.0000000000
17336  37.420  19.194  -36.211 0.0000000000
17338  37.226  19.670  -35.379 0.0000000000
17339  36.997  19.427  -34.536 0.0000000000
17340  35.935  19.369  -36.150 0.0000000000
17341  34.653  18.737  -36.614 0.0000000000
17342  34.844  18.817  -37.583 0.0000000000
17343  33.926  15.738  -39.987 0.0000000000
17344  33.110  16.673  -39.614 0.0000000000
17345  32.754  15.080  -39.684 0.0000000000
17346  31.535  14.339  -39.225 0.0000000000
17347  32.636  13.274  -38.944 0.0000000000
17348  32.562  11.446  -38.089 0.0000000000
17349  33.704  12.335  -38.647 0.0000000000
22126  33.454  12.287  -34.245 0.0000000000
22127  34.916  11.550  -33.224 0.0000000000
22128  34.130  10.432  -33.146 0.0000000000
22129  34.019  6.114  -30.194 0.0000000000
22130  34.813  6.993  -30.476 0.0000000000
22148  27.274  6.115  -34.216 0.0000000000
22149  27.978  4.897  -32.806 0.0000000000
22150  27.186  4.629  -33.404 0.0000000000
24296  29.937  15.383  -38.329 0.0000000000
24297  29.564  15.218  -37.428 0.0000000000
24298  28.720  14.364  -38.130 0.0000000000
24299  27.720  13.098  -37.785 0.0000000000
24300  26.946  11.664  -37.708 0.0000000000
24301  26.442  10.453  -37.572 0.0000000000
24302  26.634  10.630  -38.403 0.0000000000
24303  26.596  9.314  -39.250 0.0000000000
24304  26.709  8.179  -40.136 0.0000000000
24305  26.694  7.144  -41.005 0.0000000000
24306  27.620  7.629  -40.690 0.0000000000
24307  28.696  6.937  -41.155 0.0000000000
24308  29.793  6.137  -41.681 0.0000000000
25379  37.436  17.964  -36.752 0.0000000000
25380  36.335  18.329  -37.775 0.0000000000
25381  35.142  18.303  -38.440 0.0000000000
25382  35.518  17.264  -39.211 0.0000000000
25383  35.095  15.987  -40.207 0.0000000000
25384  34.930  14.446  -40.103 0.0000000000
25385  34.821  12.959  -39.316 0.0000000000
28251  37.023  9.706  -30.346 0.0000000000
28252  31.931  9.924  -33.643 0.0000000000
28253  33.398  9.265  -32.944 0.0000000000
28254  32.684  8.081  -32.528 0.0000000000
28255  33.095  6.605  -31.263 0.0000000000
28265  26.053  4.952  -35.432 0.0000000000
28266  26.495  4.098  -33.932 0.0000000000
28267  25.906  3.428  -34.409 0.0000000000
31730  34.839  16.533  -34.959 0.0000000000
31731  35.285  14.667  -34.070 0.0000000000
31732  33.777  15.290  -35.238 0.0000000000
31733  32.760  14.044  -35.193 0.0000000000
31734  31.830  12.932  -34.913 0.0000000000
31735  29.537  14.609  -36.400 0.0000000000
31736  30.184  13.322  -35.432 0.0000000000
31737  31.052  11.735  -34.531 0.0000000000
31738  30.409  10.486  -34.222 0.0000000000
31739  29.908  9.143  -33.930 0.0000000000
31740  29.480  7.741  -33.552 0.0000000000
31741  29.233  6.309  -32.910 0.0000000000
31742  28.333  7.737  -34.179 0.0000000000
31743  27.335  7.487  -34.891 0.0000000000
31744  26.592  7.094  -35.639 0.0000000000
31745  26.071  9.182  -37.364 0.0000000000
31746  26.032  7.820  -36.988 0.0000000000
31747  26.065  6.482  -36.337 0.0000000000
31748  25.682  5.644  -36.914 0.0000000000
31755  26.798  6.138  -41.790 0.0000000000
34051  37.019  16.822  -32.950 0.0000000000
34059  36.875  18.444  -33.683 0.0000000000
34060  35.872  17.608  -34.352 0.0000000000
34061  34.574  17.967  -35.730 0.0000000000
34062  33.277  17.850  -36.905 0.0000000000
34063  32.119  17.270  -37.868 0.0000000000
34064  33.849  17.903  -38.796 0.0000000000
34065  32.546  17.240  -38.834 0.0000000000
34066  31.171  16.387  -38.661 0.0000000000
34067  30.585  15.130  -39.011 0.0000000000
34068  30.403  13.472  -38.744 0.0000000000
34069  30.412  11.359  -38.109 0.0000000000
34070  30.369  9.335  -37.845 0.0000000000
34071  31.476  10.438  -37.686 0.0000000000
34074  34.699  11.228  -38.307 0.0000000000
39864  35.746  12.727  -33.056 0.0000000000
39865  36.110  10.654  -31.852 0.0000000000
39866  36.284  8.823  -30.607 0.0000000000
39867  34.648  8.549  -31.902 0.0000000000
39868  35.575  7.896  -30.632 0.0000000000
39869  36.270  7.227  -29.220 0.0000000000
39891  28.889  4.955  -32.222 0.0000000000
39892  28.516  3.631  -31.187 0.0000000000
39894  26.932  3.096  -32.150 0.0000000000
39936  30.378  7.370  -38.501 0.0000000000
39937  30.615  6.108  -40.137 0.0000000000
41658  29.356  11.352  -38.333 0.0000000000
41659  28.792  11.804  -38.520 0.0000000000
41660  28.789  10.832  -38.430 0.0000000000
41661  28.270  10.342  -38.684 0.0000000000
41662  28.857  9.825  -38.504 0.0000000000
41663  28.857  8.966  -38.737 0.0000000000
41664  29.316  9.384  -38.336 0.0000000000
43853  36.753  15.358  -32.878 0.0000000000
43854  36.950  14.306  -32.439 0.0000000000
43855  36.371  14.805  -33.161 0.0000000000
43856  30.530  6.835  -32.573 0.0000000000
43857  31.121  6.676  -32.223 0.0000000000
43858  30.848  6.052  -31.902 0.0000000000
43859  31.069  5.371  -31.266 0.0000000000
43860  30.578  5.494  -31.637 0.0000000000
43861  30.343  4.890  -31.243 0.0000000000
43862  30.095  5.580  -31.970 0.0000000000
46253  31.378  16.586  -37.296 0.0000000000
46254  31.398  16.261  -36.793 0.0000000000
46255  30.749  16.017  -37.209 0.0000000000
46256  27.314  11.994  -36.772 0.0000000000
46257  27.773  12.409  -36.354 0.0000000000
46258  27.470  11.660  -36.288 0.0000000000
46259  27.766  11.234  -35.764 0.0000000000
46260  27.258  10.919  -36.176 0.0000000000
46261  27.081  10.209  -36.094 0.0000000000
46262  26.818  10.600  -36.624 0.0000000000
46263  26.094  7.841  -39.639 0.0000000000
46264  25.913  7.826  -39.125 0.0000000000
46265  25.935  7.349  -39.479 0.0000000000
46266  25.781  6.865  -39.253 0.0000000000
46267  25.992  6.841  -39.830 0.0000000000
46268  26.050  6.352  -40.082 0.0000000000
46269  26.187  6.823  -40.351 0.0000000000
48056  36.801  19.258  -36.590 0.0000000000
48057  37.337  19.533  -35.812 0.0000000000
48058  36.688  19.492  -36.207 0.0000000000
48059  36.567  19.541  -35.751 0.0000000000
48060  36.011  19.347  -36.596 0.0000000000
48061  35.387  19.156  -36.902 0.0000000000
48062  35.486  19.011  -37.372 0.0000000000
48063  33.840  14.846  -39.879 0.0000000000
48064  33.373  15.418  -39.856 0.0000000000
48065  33.294  14.542  -39.662 0.0000000000
48066  32.683  14.289  -39.470 0.0000000000
48067  33.271  13.641  -39.253 0.0000000000
48068  33.199  12.785  -38.813 0.0000000000
48069  33.748  13.192  -39.090 0.0000000000
52846  33.050  11.665  -34.129 0.0000000000
52847  33.834  11.345  -33.689 0.0000000000
52848  33.445  10.757  -33.593 0.0000000000
52849  34.008  5.489  -29.391 0.0000000000
52850  34.392  5.883  -29.571 0.0000000000
52868  26.894  5.920  -34.534 0.0000000000
52869  27.278  5.379  -33.853 0.0000000000
52870  26.886  5.145  -34.121 0.0000000000
55853  29.644  14.806  -38.544 0.0000000000
55854  29.297  14.907  -38.248 0.0000000000
55855  29.053  14.335  -38.440 0.0000000000
55856  27.851  12.351  -38.422 0.0000000000
55857  27.981  13.119  -38.179 0.0000000000
55858  27.527  12.422  -38.120 0.0000000000
55859  27.372  12.343  -37.754 0.0000000000
55860  27.117  11.730  -38.117 0.0000000000
55861  26.759  11.169  -38.067 0.0000000000
55862  26.968  11.157  -38.454 0.0000000000
55863  27.397  9.448  -39.231 0.0000000000
55864  26.958  9.774  -39.090 0.0000000000
55865  27.028  9.062  -39.528 0.0000000000
55866  26.666  8.695  -39.677 0.0000000000
55867  27.097  8.449  -39.959 0.0000000000
55868  27.126  7.941  -40.412 0.0000000000
55869  27.582  8.116  -40.141 0.0000000000
55870  29.012  7.448  -39.828 0.0000000000
55871  28.561  7.372  -40.357 0.0000000000
55872  29.114  6.935  -40.550 0.0000000000
55873  29.236  6.557  -41.389 0.0000000000
55874  29.691  6.489  -40.745 0.0000000000
57656  37.038  16.791  -37.943 0.0000000000
57657  37.404  17.216  -37.032 0.0000000000
57658  36.934  17.499  -37.573 0.0000000000
57659  36.938  18.178  -37.325 0.0000000000
57660  36.439  17.697  -38.134 0.0000000000
57661  35.872  17.830  -38.521 0.0000000000
57662  36.040  17.169  -38.887 0.0000000000
57663  36.145  15.414  -40.400 0.0000000000
57664  35.641  16.040  -40.124 0.0000000000
57665  35.556  15.353  -40.424 0.0000000000
57666  35.002  15.247  -40.297 0.0000000000
57667  35.510  14.602  -40.400 0.0000000000
57668  35.470  13.897  -40.156 0.0000000000
57669  36.012  14.071  -40.473 0.0000000000
62441  37.230  12.169  -31.382 0.0000000000
62445  36.964  10.641  -30.968 0.0000000000
62446  31.599  9.317  -33.402 0.0000000000
62447  32.322  9.037  -33.171 0.0000000000
62448  32.011  8.443  -32.911 0.0000000000
62449  32.224  6.257  -31.440 0.0000000000
62450  32.554  6.821  -31.723 0.0000000000
62451  32.731  6.090  -30.997 0.0000000000
62452  33.207  5.902  -30.522 0.0000000000
62453  32.826  5.450  -30.213 0.0000000000
62455  32.458  4.996  -29.922 0.0000000000
62463  29.795  3.719  -30.283 0.0000000000
62468  25.829  4.602  -35.719 0.0000000000
62469  26.004  4.225  -35.005 0.0000000000
69638  34.136  16.714  -35.502 0.0000000000
69639  34.341  15.881  -35.137 0.0000000000
69640  33.558  16.130  -35.634 0.0000000000
69641  31.623  15.058  -35.903 0.0000000000
69642  32.457  14.874  -35.567 0.0000000000
69643  31.927  14.306  -35.479 0.0000000000
69644  32.284  13.478  -35.046 0.0000000000
69645  31.456  13.730  -35.309 0.0000000000
69646  28.921  14.668  -37.281 0.0000000000
69647  29.520  14.934  -36.880 0.0000000000
69648  28.921  14.408  -36.759 0.0000000000
69649  29.036  12.747  -35.583 0.0000000000
69650  29.406  13.393  -35.727 0.0000000000
69651  29.786  12.735  -35.279 0.0000000000
69652  30.651  12.569  -34.967 0.0000000000
69653  30.231  11.972  -34.818 0.0000000000
69654  30.707  11.084  -34.335 0.0000000000
69655  29.945  11.280  -34.630 0.0000000000
69656  28.713  9.911  -34.802 0.0000000000
69657  29.427  9.903  -34.377 0.0000000000
69658  29.240  9.195  -34.232 0.0000000000
69659  29.727  8.428  -33.722 0.0000000000
69660  29.030  8.491  -34.093 0.0000000000
69661  28.896  7.770  -33.881 0.0000000000
69662  28.432  8.468  -34.461 0.0000000000
69663  26.914  8.746  -35.780 0.0000000000
69664  27.335  8.225  -35.158 0.0000000000
69665  26.923  8.017  -35.536 0.0000000000
69666  26.925  7.322  -35.269 0.0000000000
69667  26.590  7.735  -35.918 0.0000000000
69668  26.240  9.951  -37.983 0.0000000000
69669  26.220  9.788  -37.513 0.0000000000
69670  26.049  9.318  -37.911 0.0000000000
69671  25.754  7.655  -37.993 0.0000000000
69672  25.881  8.112  -37.583 0.0000000000
69673  25.849  7.447  -37.354 0.0000000000
69674  26.079  7.176  -36.661 0.0000000000
69675  25.851  6.789  -37.075 0.0000000000
69676  25.847  6.062  -36.644 0.0000000000
69677  25.714  6.358  -37.387 0.0000000000
69685  26.317  5.307  -40.475 0.0000000000
69690  27.140  6.976  -41.440 0.0000000000
69691  26.745  6.655  -41.412 0.0000000000
69692  27.155  6.516  -41.910 0.0000000000
75056  36.409  19.200  -34.863 0.0000000000
75057  36.916  19.086  -34.084 0.0000000000
75058  36.357  18.728  -34.407 0.0000000000
75059  36.374  18.057  -34.000 0.0000000000
75060  35.810  18.311  -34.706 0.0000000000
75061  35.261  17.827  -35.049 0.0000000000
75062  35.216  18.447  -35.461 0.0000000000
75063  34.019  18.508  -37.295 0.0000000000
75064  33.923  18.360  -36.818 0.0000000000
75065  33.346  18.104  -37.395 0.0000000000
75066  32.683  17.613  -37.418 0.0000000000
75067  32.807  17.779  -37.921 0.0000000000
75068  34.737  17.791  -39.001 0.0000000000
75069  34.541  18.154  -38.614 0.0000000000
75070  34.094  17.624  -39.180 0.0000000000
75071  32.437  16.333  -39.559 0.0000000000
75072  32.794  17.026  -39.245 0.0000000000
75073  32.119  16.636  -39.188 0.0000000000
75074  31.833  16.804  -38.767 0.0000000000
75075  31.447  16.215  -39.052 0.0000000000
75076  30.835  15.780  -38.875 0.0000000000
75077  31.173  15.588  -39.212 0.0000000000
75078  31.509  13.376  -38.840 0.0000000000
75079  30.954  13.941  -38.973 0.0000000000
75080  30.954  12.990  -38.604 0.0000000000
75081  30.408  12.462  -38.439 0.0000000000
75082  30.939  11.965  -38.210 0.0000000000
75083  30.988  10.887  -37.861 0.0000000000
75084  31.532  11.404  -37.982 0.0000000000
75085  33.108  10.862  -37.904 0.0000000000
75086  32.490  10.466  -37.666 0.0000000000
75090  35.342  12.446  -39.261 0.0000000000
75091  34.770  12.120  -38.811 0.0000000000
75092  35.277  11.553  -38.710 0.0000000000
89416  34.829  14.051  -34.241 0.0000000000
89417  35.511  13.697  -33.583 0.0000000000
89418  35.101  13.119  -33.708 0.0000000000
89419  35.196  10.580  -32.606 0.0000000000
89420  35.538  11.153  -32.562 0.0000000000
89421  35.724  10.180  -31.990 0.0000000000
89422  36.254  9.689  -31.301 0.0000000000
89423  35.904  9.169  -31.314 0.0000000000
89424  33.672  8.373  -32.311 0.0000000000
89425  34.058  8.928  -32.456 0.0000000000
89426  34.254  8.061  -31.793 0.0000000000
89427  35.191  6.697  -29.813 0.0000000000
89428  35.193  7.432  -30.579 0.0000000000
89429  35.556  7.131  -29.894 0.0000000000
89430  35.938  7.573  -29.931 0.0000000000
89431  35.870  6.840  -29.176 0.0000000000
89432  36.163  6.544  -28.458 0.0000000000
89483  28.656  6.355  -33.284 0.0000000000
89484  29.014  5.688  -32.648 0.0000000000
89485  28.532  5.649  -32.962 0.0000000000
89486  27.827  4.221  -32.363 0.0000000000
89487  28.276  4.241  -32.041 0.0000000000
89488  28.077  3.598  -31.443 0.0000000000
89491  26.385  3.311  -33.312 0.0000000000
89492  26.729  3.603  -33.072 0.0000000000
89493  26.553  2.852  -32.346 0.0000000000
89595  30.837  8.811  -37.655 0.0000000000
89596  30.346  8.269  -37.997 0.0000000000
89597  30.822  7.752  -37.984 0.0000000000
93416  29.362  13.341  -38.695 0.0000000000
93417  28.899  13.604  -38.571 0.0000000000
93418  28.806  12.766  -38.615 0.0000000000
93419  28.258  12.154  -38.545 0.0000000000
93420  27.730  11.583  -38.609 0.0000000000
93421  27.259  11.083  -38.713 0.0000000000
93422  27.736  10.740  -38.768 0.0000000000
93423  27.790  9.893  -38.970 0.0000000000
93424  27.901  9.038  -39.275 0.0000000000
93425  27.981  8.307  -39.711 0.0000000000
93426  28.387  8.589  -39.216 0.0000000000
93427  28.878  8.175  -39.195 0.0000000000
93428  29.395  7.581  -39.138 0.0000000000
94499  37.279  16.062  -38.286 0.0000000000
94500  36.826  16.370  -38.840 0.0000000000
94501  36.385  16.585  -39.272 0.0000000000
94502  36.753  15.950  -39.643 0.0000000000
94503  36.694  15.452  -40.268 0.0000000000
97370  37.097  13.245  -31.939 0.0000000000
97371  36.737  12.693  -32.129 0.0000000000
97372  31.045  8.079  -32.987 0.0000000000
97373  31.691  7.843  -32.696 0.0000000000
97374  31.422  7.209  -32.427 0.0000000000
97375  31.676  6.488  -31.834 0.0000000000
97376  31.896  5.748  -31.136 0.0000000000
97377  32.017  5.123  -30.404 0.0000000000
97378  31.571  5.272  -30.873 0.0000000000
97379  31.254  4.710  -30.450 0.0000000000
97380  30.954  4.164  -30.021 0.0000000000
97382  30.515  4.247  -30.448 0.0000000000
97383  30.055  4.308  -30.848 0.0000000000
97384  29.611  4.309  -31.139 0.0000000000
101687  32.680  16.871  -36.474 0.0000000000
101688  32.802  16.246  -36.025 0.0000000000
101689  32.056  16.297  -36.410 0.0000000000
101690  31.459  15.706  -36.315 0.0000000000
101691  30.856  15.132  -36.233 0.0000000000
101692  28.019  13.425  -36.971 0.0000000000
101693  28.503  13.763  -36.601 0.0000000000
101694  28.117  13.116  -36.476 0.0000000000
101695  28.301  12.693  -35.971 0.0000000000
101696  28.689  12.088  -35.470 0.0000000000
101697  29.138  11.397  -34.985 0.0000000000
101698  28.404  11.341  -35.334 0.0000000000
101699  28.209  10.605  -35.288 0.0000000000
101700  28.071  9.829  -35.131 0.0000000000
101701  27.920  9.149  -34.999 0.0000000000
101702  27.457  9.735  -35.564 0.0000000000
101703  26.994  9.481  -35.940 0.0000000000
101704  26.555  9.190  -36.372 0.0000000000
101705  26.083  8.904  -38.840 0.0000000000
101706  25.959  8.916  -38.337 0.0000000000
101707  25.936  8.352  -38.719 0.0000000000
101708  25.787  7.760  -38.589 0.0000000000
101709  25.709  7.177  -38.356 0.0000000000
101710  25.665  6.625  -38.085 0.0000000000
101711  25.689  6.772  -38.700 0.0000000000
101712  25.719  6.262  -38.980 0.0000000000
101713  25.785  5.759  -39.245 0.0000000000
101715  25.935  5.841  -39.731 0.0000000000
101716  26.129  5.829  -40.313 0.0000000000
101717  26.332  5.792  -40.871 0.0000000000
101718  28.168  6.489  -42.300 0.0000000000
104932  38.062  19.050  -35.649 0.0000000000
104934  37.971  19.470  -35.427 0.0000000000
104935  37.882  19.715  -35.013 0.0000000000
104936  37.751  19.762  -34.527 0.0000000000
104937  37.625  19.599  -34.160 0.0000000000
104938  37.111  19.624  -34.953 0.0000000000
104939  36.477  19.455  -35.341 0.0000000000
104940  35.858  19.207  -35.654 0.0000000000
104941  35.266  18.855  -35.885 0.0000000000
104942  35.285  19.087  -36.408 0.0000000000
104943  34.710  18.850  -37.120 0.0000000000
104944  34.169  18.565  -37.773 0.0000000000
104945  34.109  16.482  -39.903 0.0000000000
104946  33.755  16.971  -39.615 0.0000000000
104947  33.512  16.276  -39.823 0.0000000000
104948  32.903  15.915  -39.755 0.0000000000
104949  32.236  15.549  -39.625 0.0000000000
104950  31.594  15.207  -39.418 0.0000000000
104951  32.127  14.734  -39.467 0.0000000000
104952  32.088  13.859  -39.139 0.0000000000
104953  32.069  12.858  -38.674 0.0000000000
104954  32.024  11.929  -38.235 0.0000000000
104955  32.612  12.374  -38.507 0.0000000000
104956  33.142  11.868  -38.336 0.0000000000
104957  33.656  11.351  -38.198 0.0000000000
113554  33.898  12.845  -34.310 0.0000000000
113555  34.634  12.509  -33.809 0.0000000000
113556  34.230  11.909  -33.778 0.0000000000
113557  34.540  10.981  -33.164 0.0000000000
113558  34.780  10.028  -32.568 0.0000000000
113559  33.979  6.815  -30.981 0.0000000000
113560  34.385  7.267  -31.076 0.0000000000
113561  34.402  6.542  -30.364 0.0000000000
113562  34.783  6.298  -29.720 0.0000000000
113563  35.113  6.050  -29.041 0.0000000000
113594  27.669  6.270  -33.924 0.0000000000
113595  28.075  5.643  -33.238 0.0000000000
113596  27.642  5.530  -33.530 0.0000000000
113597  27.568  4.811  -33.125 0.0000000000
113598  27.442  4.046  -32.592 0.0000000000
118130  30.326  15.861  -38.031 0.0000000000
118131  30.170  15.707  -37.568 0.0000000000
118132  29.669  15.346  -37.906 0.0000000000
118133  29.067  14.853  -37.791 0.0000000000
118134  28.486  14.318  -37.632 0.0000000000
118135  28.499  13.742  -38.364 0.0000000000
118136  28.185  13.805  -37.963 0.0000000000
118137  28.027  13.668  -37.473 0.0000000000
118138  27.630  12.963  -37.350 0.0000000000
118139  27.284  12.216  -37.223 0.0000000000
118140  26.940  11.555  -37.232 0.0000000000
118141  26.683  10.913  -37.174 0.0000000000
118142  26.677  11.098  -37.646 0.0000000000
118143  26.468  10.585  -38.001 0.0000000000
118144  26.329  10.009  -38.443 0.0000000000
118145  26.916  10.528  -38.773 0.0000000000
118146  26.532  9.988  -38.830 0.0000000000
118147  26.302  9.380  -38.919 0.0000000000
118148  26.326  8.858  -39.311 0.0000000000
118149  26.337  8.291  -39.712 0.0000000000
118150  26.370  7.728  -40.192 0.0000000000
118151  26.383  7.235  -40.550 0.0000000000
118152  26.723  7.564  -40.607 0.0000000000
118153  27.123  7.423  -40.923 0.0000000000
118154  27.654  7.194  -41.290 0.0000000000
118155  28.067  7.761  -40.251 0.0000000000
118156  28.156  7.307  -40.939 0.0000000000
118157  28.180  6.872  -41.636 0.0000000000
118158  28.730  6.547  -41.953 0.0000000000
118159  29.250  6.177  -42.269 0.0000000000
118160  29.768  5.825  -42.555 0.0000000000
120657  38.028  18.389  -35.913 0.0000000000
120658  37.457  18.637  -36.536 0.0000000000
120659  36.867  18.809  -36.971 0.0000000000
120660  36.249  18.837  -37.404 0.0000000000
120661  35.621  18.779  -37.783 0.0000000000
120662  35.760  18.381  -38.109 0.0000000000
120663  35.312  17.803  -38.833 0.0000000000
120664  34.975  17.234  -39.425 0.0000000000
120665  35.809  16.656  -39.602 0.0000000000
120666  35.254  16.658  -39.850 0.0000000000
120667  34.705  16.605  -39.883 0.0000000000
120668  34.508  15.867  -40.163 0.0000000000
120669  34.435  15.116  -40.068 0.0000000000
120670  34.363  14.245  -39.782 0.0000000000
120671  34.310  13.467  -39.398 0.0000000000
120672  34.870  13.767  -39.785 0.0000000000
120673  35.422  13.147  -39.719 0.0000000000
127360  32.279  10.531  -33.825 0.0000000000
127361  33.069  10.157  -33.480 0.0000000000
127362  32.724  9.579  -33.327 0.0000000000
127363  33.057  8.621  -32.728 0.0000000000
127364  33.298  7.818  -32.141 0.0000000000
127365  32.354  7.517  -32.320 0.0000000000
127366  32.927  7.313  -31.907 0.0000000000
127367  33.470  7.097  -31.475 0.0000000000
127368  33.596  6.354  -30.787 0.0000000000
127369  33.627  5.689  -29.972 0.0000000000
127375  32.066  4.569  -29.620 0.0000000000
127391  26.302  5.342  -35.157 0.0000000000
127392  26.557  4.889  -34.473 0.0000000000
127393  26.271  4.551  -34.701 0.0000000000
127394  26.192  3.781  -34.223 0.0000000000
127395  26.066  3.002  -33.461 0.0000000000
127397  25.756  2.668  -33.673 0.0000000000
136592  35.540  16.253  -34.326 0.0000000000
136593  35.720  15.272  -33.909 0.0000000000
136594  35.070  15.629  -34.518 0.0000000000
136595  34.550  14.984  -34.727 0.0000000000
136596  34.061  14.362  -34.803 0.0000000000
136597  33.014  15.480  -35.612 0.0000000000
136598  33.269  14.652  -35.259 0.0000000000
136599  33.592  13.772  -34.802 0.0000000000
136600  33.096  13.200  -34.737 0.0000000000
136601  32.665  12.591  -34.601 0.0000000000
136602  32.260  11.999  -34.445 0.0000000000
136603  30.115  15.482  -37.057 0.0000000000
136604  30.123  15.108  -36.521 0.0000000000
136605  30.309  14.563  -36.054 0.0000000000
136606  29.072  14.005  -36.231 0.0000000000
136607  29.786  14.019  -35.904 0.0000000000
136608  30.604  13.915  -35.580 0.0000000000
136609  31.011  13.163  -35.165 0.0000000000
136610  31.466  12.302  -34.708 0.0000000000
136611  31.853  11.433  -34.289 0.0000000000
136612  31.499  10.836  -34.102 0.0000000000
136613  31.147  10.206  -33.882 0.0000000000
136614  30.878  9.608  -33.717 0.0000000000
136615  29.605  10.621  -34.514 0.0000000000
136616  30.159  9.808  -34.031 0.0000000000
136617  30.633  8.959  -33.546 0.0000000000
136618  30.376  8.310  -33.369 0.0000000000
136619  30.160  7.650  -33.192 0.0000000000
136620  29.923  6.991  -32.938 0.0000000000
136621  29.779  6.290  -32.629 0.0000000000
136622  29.347  7.056  -33.265 0.0000000000
136623  28.801  7.043  -33.546 0.0000000000
136624  28.281  6.979  -33.862 0.0000000000
136625  27.868  8.391  -34.809 0.0000000000
136626  27.807  7.624  -34.507 0.0000000000
136627  27.744  6.924  -34.268 0.0000000000
136628  27.294  6.830  -34.579 0.0000000000
136629  26.910  6.664  -34.874 0.0000000000
136630  26.576  6.395  -35.243 0.0000000000
136631  26.465  10.237  -37.076 0.0000000000
136632  26.296  9.554  -37.001 0.0000000000
136633  26.224  8.892  -36.829 0.0000000000
136634  25.913  8.736  -37.800 0.0000000000
136635  26.025  8.516  -37.221 0.0000000000
136636  26.254  8.176  -36.595 0.0000000000
136637  26.313  7.481  -36.318 0.0000000000
136638  26.303  6.822  -35.987 0.0000000000
136639  26.270  6.077  -35.610 0.0000000000
136640  26.058  5.745  -35.910 0.0000000000
136641  25.852  5.340  -36.149 0.0000000000
136642  25.676  4.943  -36.454 0.0000000000
136643  25.602  5.919  -37.680 0.0000000000
136659  26.406  6.749  -40.872 0.0000000000
136660  26.482  6.239  -41.199 0.0000000000
136661  26.588  5.723  -41.493 0.0000000000
143232  37.133  15.835  -32.581 0.0000000000
143233  36.551  16.368  -33.292 0.0000000000
143255  37.510  19.305  -33.755 0.0000000000
143256  37.427  18.772  -33.362 0.0000000000
143257  37.425  18.009  -32.977 0.0000000000
143258  36.893  17.738  -33.322 0.0000000000
143259  36.457  17.245  -33.637 0.0000000000
143260  35.963  16.775  -34.030 0.0000000000
143261  35.366  17.083  -34.687 0.0000000000
143262  34.693  17.304  -35.317 0.0000000000
143263  33.984  17.437  -35.888 0.0000000000
143264  34.584  18.477  -36.137 0.0000000000
143265  33.904  18.013  -36.334 0.0000000000
143266  33.298  17.444  -36.432 0.0000000000
143267  32.637  17.291  -36.949 0.0000000000
143268  32.003  17.072  -37.407 0.0000000000
143269  31.456  16.765  -37.804 0.0000000000
143270  35.005  18.610  -38.012 0.0000000000
143271  34.306  18.390  -38.242 0.0000000000
143272  33.674  18.112  -38.328 0.0000000000
143273  33.455  17.359  -39.249 0.0000000000
143274  33.221  17.617  -38.810 0.0000000000
143275  32.980  17.768  -38.383 0.0000000000
143276  32.304  17.347  -38.372 0.0000000000
143277  31.619  16.871  -38.291 0.0000000000
143278  30.955  16.390  -38.193 0.0000000000
143279  30.515  15.863  -38.484 0.0000000000
143280  30.218  15.308  -38.701 0.0000000000
143281  30.025  14.679  -38.829 0.0000000000
143282  31.004  14.823  -39.235 0.0000000000
143283  30.438  14.410  -39.017 0.0000000000
143284  29.893  13.836  -38.823 0.0000000000
143285  29.868  12.927  -38.603 0.0000000000
143286  29.857  11.929  -38.346 0.0000000000
143287  29.918  10.793  -38.078 0.0000000000
143288  29.861  9.815  -38.002 0.0000000000
143289  30.406  10.387  -37.898 0.0000000000
143290  30.925  9.888  -37.697 0.0000000000
143291  31.413  9.380  -37.512 0.0000000000
143292  32.022  10.918  -37.806 0.0000000000
143293  31.952  9.935  -37.506 0.0000000000
143298  34.264  12.669  -38.963 0.0000000000
143299  34.205  11.795  -38.498 0.0000000000
143300  34.156  10.824  -38.023 0.0000000000
160548  35.979  14.264  -33.389 0.0000000000
160549  36.160  13.207  -32.856 0.0000000000
160550  36.329  12.223  -32.326 0.0000000000
160551  35.344  12.147  -33.149 0.0000000000
160552  35.952  11.675  -32.460 0.0000000000
160553  36.481  11.192  -31.739 0.0000000000
160554  36.614  10.211  -31.169 0.0000000000
160555  36.654  9.253  -30.494 0.0000000000
160556  36.647  8.404  -29.821 0.0000000000
160557  33.795  9.817  -32.991 0.0000000000
160558  34.444  9.434  -32.487 0.0000000000
160559  35.020  9.036  -31.962 0.0000000000
160560  34.751  7.730  -31.238 0.0000000000
160561  35.151  8.227  -31.301 0.0000000000
160562  35.519  8.744  -31.315 0.0000000000
160563  35.932  8.388  -30.649 0.0000000000
160564  36.290  8.012  -29.939 0.0000000000
160629  29.595  5.596  -32.271 0.0000000000
160630  29.336  4.991  -31.934 0.0000000000
160631  29.168  4.285  -31.424 0.0000000000
160632  28.422  4.939  -32.524 0.0000000000
160633  28.725  4.256  -31.705 0.0000000000
160634  28.932  3.671  -30.879 0.0000000000
160638  26.827  4.381  -33.689 0.0000000000
160639  27.104  3.814  -32.806 0.0000000000
160640  27.326  3.290  -31.922 0.0000000000
160764  29.816  8.833  -38.178 0.0000000000
160765  29.860  7.883  -38.535 0.0000000000
160766  29.932  7.125  -39.181 0.0000000000
160768  30.475  6.635  -39.215 0.0000000000
160769  30.074  6.537  -39.968 0.0000000000
160770  30.225  6.098  -40.949 0.0000000000
